0 0.33447265625 0.1144 0.0146484375 0.0304
0 0.3740234375 0.1632 0.013671875 0.028800000000000003
0 0.40478515625 0.23520000000000002 0.0146484375 0.032
0 0.40087890625 0.0984 0.0126953125 0.027200000000000002
0 0.31982421875 0.1072 0.0126953125 0.0256
0 0.2958984375 0.1688 0.015625 0.0304
0 0.2734375 0.1008 0.013671875 0.028800000000000003
0 0.20654296875 0.0952 0.0126953125 0.027200000000000002
0 0.228515625 0.1232 0.013671875 0.028800000000000003
0 0.21337890625 0.1912 0.0146484375 0.0304
0 0.31103515625 0.24960000000000002 0.0146484375 0.032
0 0.35791015625 0.3416 0.0185546875 0.0368
0 0.291015625 0.3416 0.017578125 0.0368
0 0.23388671875 0.3376 0.0185546875 0.0352
0 0.4140625 0.1232 0.013671875 0.0224
0 0.58837890625 0.2432 0.0146484375 0.032
0 0.53515625 0.156 0.013671875 0.027200000000000002
0 0.59619140625 0.1 0.0107421875 0.027200000000000002
0 0.5810546875 0.1208 0.013671875 0.027200000000000002
0 0.53857421875 0.092 0.0107421875 0.020800000000000003
0 0.49609375 0.1192 0.013671875 0.0304
0 0.4921875 0.22 0.015625 0.0304
0 0.451171875 0.1568 0.013671875 0.028800000000000003
0 0.45654296875 0.0944 0.0126953125 0.028800000000000003
0 0.55615234375 0.3272 0.0166015625 0.0368
0 0.49169921875 0.30560000000000004 0.0185546875 0.041600000000000005
0 0.76904296875 0.15760000000000002 0.0146484375 0.0304
0 0.740234375 0.0776 0.01171875 0.027200000000000002
0 0.7255859375 0.11760000000000001 0.01171875 0.027200000000000002
0 0.6982421875 0.0888 0.01171875 0.027200000000000002
0 0.646484375 0.0896 0.01171875 0.028800000000000003
0 0.6572265625 0.1216 0.013671875 0.032
0 0.69482421875 0.1632 0.0146484375 0.032
0 0.68310546875 0.232 0.0185546875 0.038400000000000004
0 0.62158203125 0.15280000000000002 0.0166015625 0.033600000000000005
0 0.79345703125 0.4136 0.0166015625 0.0368
0 0.80029296875 0.3488 0.0166015625 0.038400000000000004
0 0.73828125 0.34640000000000004 0.01953125 0.0368
0 0.72509765625 0.42160000000000003 0.0224609375 0.046400000000000004
0 0.69384765625 0.46880000000000005 0.0185546875 0.041600000000000005
0 0.63232421875 0.44 0.0185546875 0.0448
0 0.6787109375 0.33840000000000003 0.017578125 0.0368
0 0.619140625 0.3264 0.01953125 0.038400000000000004
0 0.89990234375 0.4824 0.0263671875 0.0528
0 0.1142578125 0.44880000000000003 0.01953125 0.04
0 0.11767578125 0.5408000000000001 0.0244140625 0.0512
0 0.19189453125 0.4264 0.0224609375 0.046400000000000004
0 0.30224609375 0.468 0.0224609375 0.046400000000000004
0 0.2724609375 0.4168 0.021484375 0.0432
0 0.17333984375 0.35760000000000003 0.0166015625 0.0368
0 0.427734375 0.33440000000000003 0.017578125 0.041600000000000005
0 0.52978515625 0.4312 0.0166015625 0.04
0 0.4775390625 0.4736 0.021484375 0.0448
0 0.44091796875 0.40640000000000004 0.0166015625 0.038400000000000004
0 0.39453125 0.5056 0.021484375 0.048
0 0.359375 0.43360000000000004 0.017578125 0.038400000000000004
0 0.57470703125 0.48400000000000004 0.0224609375 0.046400000000000004
0 0.29443359375 0.2472 0.0126953125 0.027200000000000002
