0 0.02587890625 0.32291666666666663 0.0400390625 0.06770833333333333
0 0.09423828125 0.35807291666666663 0.0283203125 0.049479166666666664
0 0.0791015625 0.3450520833333333 0.0234375 0.03645833333333333
0 0.23095703125 0.4114583333333333 0.0283203125 0.046875
0 0.25 0.416015625 0.017578125 0.03255208333333333
0 0.31494140625 0.5 0.0302734375 0.05208333333333333
0 0.3017578125 0.4388020833333333 0.025390625 0.0390625
0 0.32177734375 0.38671875 0.0244140625 0.033854166666666664
0 0.390625 0.45768229166666663 0.02734375 0.04817708333333333
0 0.42919921875 0.5032552083333333 0.0302734375 0.053385416666666664
0 0.38525390625 0.341796875 0.0087890625 0.03255208333333333
0 0.4609375 0.388671875 0.009765625 0.022135416666666664
0 0.4912109375 0.3548177083333333 0.013671875 0.029947916666666664
0 0.583984375 0.44010416666666663 0.037109375 0.05989583333333333
0 0.52880859375 0.4368489583333333 0.0263671875 0.04817708333333333
0 0.55078125 0.41861979166666663 0.025390625 0.045572916666666664
0 0.4951171875 0.41276041666666663 0.017578125 0.033854166666666664
0 0.48681640625 0.451171875 0.0166015625 0.02734375
0 0.53515625 0.3489583333333333 0.01953125 0.03645833333333333
0 0.5546875 0.34375 0.0234375 0.046875
0 0.6357421875 0.408203125 0.02734375 0.04036458333333333
0 0.61279296875 0.4140625 0.0146484375 0.0234375
0 0.66845703125 0.4296875 0.0302734375 0.05208333333333333
0 0.7119140625 0.42578125 0.01953125 0.0390625
0 0.67724609375 0.3352864583333333 0.0126953125 0.02734375
0 0.75439453125 0.33268229166666663 0.0126953125 0.024739583333333332
0 0.763671875 0.412109375 0.029296875 0.053385416666666664
0 0.7822265625 0.3567708333333333 0.0234375 0.0390625
0 0.81591796875 0.333984375 0.0166015625 0.02734375
0 0.85986328125 0.337890625 0.0263671875 0.037760416666666664
0 0.8603515625 0.4583333333333333 0.02734375 0.03645833333333333
0 0.8935546875 0.34635416666666663 0.017578125 0.033854166666666664
0 0.70751953125 0.349609375 0.0107421875 0.014322916666666666
0 0.7646484375 0.337890625 0.01171875 0.02734375
0 0.9248046875 0.236328125 0.03515625 0.07421875
0 0.57177734375 0.33203125 0.0166015625 0.03645833333333333
