0 0.24365234375 0.39667630057803466 0.0107421875 0.018786127167630055
0 0.17578125 0.5173410404624277 0.017578125 0.023121387283236993
0 0.2099609375 0.48916184971098264 0.015625 0.02167630057803468
0 0.248046875 0.5028901734104047 0.017578125 0.026011560693641616
0 0.3466796875 0.48410404624277453 0.01171875 0.023121387283236993
0 0.3916015625 0.4869942196531792 0.015625 0.028901734104046242
0 0.40771484375 0.4710982658959537 0.0126953125 0.023121387283236993
0 0.44384765625 0.48049132947976875 0.0166015625 0.02745664739884393
0 0.474609375 0.47760115606936415 0.015625 0.024566473988439304
0 0.4970703125 0.48410404624277453 0.013671875 0.026011560693641616
0 0.53076171875 0.4797687861271676 0.0166015625 0.031791907514450865
0 0.57568359375 0.4501445086705202 0.0185546875 0.030346820809248554
0 0.5615234375 0.5686416184971098 0.01953125 0.030346820809248554
0 0.6318359375 0.5223988439306358 0.025390625 0.03901734104046243
0 0.62158203125 0.5079479768786127 0.0185546875 0.0361271676300578
0 0.66748046875 0.532514450867052 0.0185546875 0.03901734104046243
0 0.7236328125 0.5036127167630058 0.021484375 0.03901734104046243
0 0.7939453125 0.5108381502890174 0.0234375 0.033236994219653176
0 0.79443359375 0.5469653179190751 0.0224609375 0.0361271676300578
0 0.84765625 0.48916184971098264 0.0234375 0.04190751445086705
0 0.8857421875 0.5043352601156069 0.0234375 0.04046242774566474
0 0.9169921875 0.5202312138728323 0.021484375 0.04046242774566474
0 0.9560546875 0.45592485549132944 0.0234375 0.03901734104046243
0 0.98974609375 0.486271676300578 0.0205078125 0.04190751445086705
0 0.99658203125 0.5173410404624277 0.0068359375 0.04046242774566474
0 0.90673828125 0.4234104046242774 0.0166015625 0.031791907514450865
