0 0.080078125 0.4295154185022026 0.017578125 0.03671071953010279
0 0.1884765625 0.42143906020558003 0.017578125 0.026431718061674006
0 0.21630859375 0.4008810572687224 0.0126953125 0.023494860499265784
0 0.23046875 0.4251101321585903 0.01953125 0.033773861967694566
0 0.32568359375 0.4001468428781204 0.0166015625 0.02790014684287812
0 0.35546875 0.3810572687224669 0.021484375 0.033773861967694566
0 0.34716796875 0.4265785609397944 0.0166015625 0.03671071953010279
0 0.49609375 0.3898678414096916 0.021484375 0.033773861967694566
0 0.501953125 0.35462555066079293 0.01953125 0.02790014684287812
0 0.54296875 0.40234948604992654 0.01953125 0.035242290748898675
0 0.57373046875 0.3582966226138032 0.0224609375 0.04698972099853157
0 0.63818359375 0.37151248164464024 0.0146484375 0.026431718061674006
0 0.6630859375 0.38399412628487517 0.017578125 0.033773861967694566
0 0.67724609375 0.38913362701908955 0.0205078125 0.04698972099853157
0 0.70703125 0.3810572687224669 0.017578125 0.04552129221732746
0 0.74951171875 0.37738619676945667 0.0107421875 0.020558002936857563
0 0.8408203125 0.4052863436123348 0.015625 0.032305433186490456
0 0.857421875 0.38472834067547723 0.029296875 0.06461086637298091
0 0.89697265625 0.33480176211453744 0.0224609375 0.04405286343612334
0 0.9130859375 0.3876651982378854 0.0234375 0.05286343612334801
