0 0.00927734375 0.31386861313868614 0.0185546875 0.029197080291970802
0 0.08642578125 0.29343065693430653 0.0185546875 0.029197080291970802
0 0.21484375 0.3182481751824817 0.021484375 0.03795620437956204
0 0.2939453125 0.30802919708029197 0.013671875 0.020437956204379562
0 0.34130859375 0.3408759124087591 0.0224609375 0.0364963503649635
0 0.408203125 0.30583941605839415 0.013671875 0.0218978102189781
0 0.51025390625 0.31240875912408755 0.0146484375 0.02627737226277372
0 0.619140625 0.33211678832116787 0.037109375 0.059854014598540145
0 0.67431640625 0.32919708029197076 0.0244140625 0.03941605839416058
0 0.763671875 0.3094890510948905 0.015625 0.02627737226277372
0 0.8095703125 0.31021897810218974 0.01953125 0.03065693430656934
0 0.92041015625 0.32335766423357665 0.0322265625 0.04233576642335766
0 0.888671875 0.32116788321167883 0.015625 0.029197080291970802
0 0.86474609375 0.3007299270072992 0.0087890625 0.01751824817518248
0 0.98291015625 0.3065693430656934 0.0146484375 0.020437956204379562
