0 0.0498046875 0.49869791666666663 0.009765625 0.015625
0 0.09326171875 0.5319010416666666 0.0087890625 0.014322916666666666
0 0.05908203125 0.5423177083333333 0.0087890625 0.014322916666666666
0 0.12060546875 0.5123697916666666 0.0107421875 0.016927083333333332
0 0.17041015625 0.515625 0.0107421875 0.018229166666666664
0 0.15234375 0.5013020833333333 0.0078125 0.013020833333333332
0 0.20947265625 0.5052083333333333 0.0087890625 0.018229166666666664
0 0.03662109375 0.482421875 0.0107421875 0.016927083333333332
0 0.0732421875 0.458984375 0.009765625 0.014322916666666666
0 0.1171875 0.4290364583333333 0.009765625 0.014322916666666666
0 0.15673828125 0.427734375 0.0107421875 0.01953125
0 0.1884765625 0.43424479166666663 0.009765625 0.014322916666666666
0 0.21630859375 0.47721354166666663 0.0107421875 0.016927083333333332
0 0.20751953125 0.447265625 0.0087890625 0.014322916666666666
0 0.23095703125 0.4485677083333333 0.0087890625 0.014322916666666666
0 0.2822265625 0.443359375 0.009765625 0.014322916666666666
0 0.06640625 0.42643229166666663 0.009765625 0.014322916666666666
0 0.05029296875 0.42838541666666663 0.0087890625 0.013020833333333332
0 0.0234375 0.43815104166666663 0.0078125 0.014322916666666666
0 0.0107421875 0.3899739583333333 0.0078125 0.01171875
0 0.0498046875 0.4095052083333333 0.009765625 0.01171875
0 0.0361328125 0.4095052083333333 0.0078125 0.01171875
0 0.0654296875 0.4134114583333333 0.009765625 0.014322916666666666
0 0.07861328125 0.41276041666666663 0.0107421875 0.013020833333333332
0 0.10595703125 0.40234375 0.0107421875 0.018229166666666664
0 0.1240234375 0.404296875 0.0078125 0.014322916666666666
0 0.13525390625 0.40234375 0.0087890625 0.015625
0 0.09619140625 0.3177083333333333 0.0048828125 0.010416666666666666
0 0.03076171875 0.30859375 0.0048828125 0.0078125
0 0.205078125 0.4140625 0.0078125 0.013020833333333332
0 0.19140625 0.4134114583333333 0.0078125 0.01171875
0 0.22119140625 0.4075520833333333 0.0087890625 0.013020833333333332
0 0.22607421875 0.423828125 0.0068359375 0.01171875
0 0.2158203125 0.435546875 0.0078125 0.01171875
0 0.2666015625 0.39713541666666663 0.0078125 0.015625
0 0.02490234375 0.4309895833333333 0.0068359375 0.010416666666666666
0 0.00390625 0.44140625 0.0078125 0.015625
0 0.35888671875 0.42447916666666663 0.0068359375 0.013020833333333332
0 0.43701171875 0.392578125 0.0087890625 0.009114583333333332
0 0.3544921875 0.3958333333333333 0.009765625 0.013020833333333332
0 0.34521484375 0.3958333333333333 0.0048828125 0.010416666666666666
0 0.2138671875 0.4134114583333333 0.0078125 0.014322916666666666
0 0.48388671875 0.4036458333333333 0.0107421875 0.020833333333333332
0 0.365234375 0.42578125 0.005859375 0.010416666666666666
0 0.6630859375 0.4700520833333333 0.013671875 0.026041666666666664
0 0.5634765625 0.4915364583333333 0.0078125 0.014322916666666666
0 0.5517578125 0.4095052083333333 0.0078125 0.01171875
0 0.55078125 0.38541666666666663 0.005859375 0.010416666666666666
0 0.59033203125 0.3997395833333333 0.0068359375 0.013020833333333332
0 0.59033203125 0.42252604166666663 0.0068359375 0.014322916666666666
0 0.548828125 0.47135416666666663 0.0078125 0.013020833333333332
0 0.52685546875 0.4934895833333333 0.0068359375 0.013020833333333332
0 0.490234375 0.4114583333333333 0.0078125 0.013020833333333332
0 0.67138671875 0.36588541666666663 0.0107421875 0.0234375
0 0.73046875 0.43033854166666663 0.0078125 0.01171875
0 0.59814453125 0.3997395833333333 0.0087890625 0.010416666666666666
0 0.65576171875 0.7682291666666666 0.0166015625 0.0390625
0 0.84228515625 0.7454427083333333 0.0185546875 0.029947916666666664
0 0.91748046875 0.43619791666666663 0.0068359375 0.010416666666666666
0 0.9375 0.39127604166666663 0.005859375 0.009114583333333332
0 0.94873046875 0.39453125 0.0048828125 0.0078125
0 0.857421875 0.4700520833333333 0.0078125 0.013020833333333332
0 0.9921875 0.48046875 0.009765625 0.013020833333333332
0 0.9833984375 0.44401041666666663 0.005859375 0.010416666666666666
0 0.9501953125 0.4759114583333333 0.005859375 0.009114583333333332
0 0.94189453125 0.44596354166666663 0.0087890625 0.01171875
0 0.94580078125 0.4140625 0.0068359375 0.010416666666666666
0 0.9541015625 0.4173177083333333 0.005859375 0.01171875
0 0.3486328125 0.49609375 0.0078125 0.010416666666666666
