0 0.12939453125 0.2841965471447543 0.0576171875 0.09296148738379813
0 0.005859375 0.3300132802124834 0.01171875 0.07835325365205843
0 0.0498046875 0.32204515272244355 0.009765625 0.0199203187250996
0 0.09033203125 0.29548472775564405 0.0263671875 0.054448871181938904
0 0.201171875 0.2556440903054449 0.05078125 0.08897742363877821
0 0.30322265625 0.32669322709163345 0.0537109375 0.09827357237715803
0 0.365234375 0.3233731739707835 0.046875 0.07569721115537847
0 0.45751953125 0.2642762284196547 0.0576171875 0.08764940239043824
0 0.572265625 0.24169986719787515 0.048828125 0.0743691899070385
0 0.63525390625 0.3114209827357238 0.0419921875 0.0650730411686587
0 0.68359375 0.3293492695883134 0.0390625 0.06108897742363877
0 0.71826171875 0.34063745019920316 0.0517578125 0.08897742363877821
0 0.80859375 0.2895086321381142 0.048828125 0.0796812749003984
0 0.978515625 0.2921646746347941 0.04296875 0.09827357237715803
