0 0.0302734375 0.6183894230769231 0.0078125 0.013221153846153848
0 0.095703125 0.694110576923077 0.005859375 0.00841346153846154
0 0.119140625 0.6123798076923077 0.005859375 0.013221153846153848
0 0.12353515625 0.6225961538461539 0.0068359375 0.01201923076923077
0 0.1357421875 0.6286057692307693 0.005859375 0.01201923076923077
0 0.15234375 0.623798076923077 0.009765625 0.014423076923076924
0 0.16259765625 0.5967548076923077 0.0087890625 0.015625
0 0.1806640625 0.6087740384615385 0.0078125 0.013221153846153848
0 0.22607421875 0.6346153846153847 0.0068359375 0.01201923076923077
0 0.22412109375 0.5931490384615385 0.0087890625 0.015625
0 0.2138671875 0.6274038461538461 0.005859375 0.01201923076923077
0 0.17333984375 0.6111778846153847 0.0068359375 0.015625
0 0.12744140625 0.6027644230769231 0.0087890625 0.015625
0 0.7919921875 0.65625 0.009765625 0.01682692307692308
0 0.8349609375 0.6460336538461539 0.0078125 0.018028846153846156
0 0.8291015625 0.6802884615384616 0.005859375 0.014423076923076924
0 0.87548828125 0.6496394230769231 0.0087890625 0.015625
0 0.931640625 0.6448317307692308 0.009765625 0.018028846153846156
0 0.96240234375 0.7890625 0.0107421875 0.018028846153846156
0 0.99609375 0.7728365384615385 0.0078125 0.021634615384615384
