0 0.9443359375 0.6754772393538913 0.01171875 0.020558002936857563
0 0.96875 0.5976505139500734 0.01171875 0.020558002936857563
0 0.93017578125 0.5954478707782672 0.0107421875 0.013215859030837003
0 0.88232421875 0.5741556534508077 0.0166015625 0.02936857562408223
0 0.78369140625 0.6167400881057269 0.0458984375 0.08810572687224669
0 0.04345703125 0.6395007342143906 0.0068359375 0.010279001468428781
0 0.0693359375 0.643906020558003 0.0078125 0.013215859030837003
0 0.0537109375 0.6116005873715125 0.0078125 0.010279001468428781
0 0.119140625 0.618942731277533 0.0078125 0.016152716593245228
0 0.162109375 0.5873715124816447 0.0234375 0.035242290748898675
0 0.2705078125 0.6240822320117474 0.005859375 0.011747430249632892
0 0.22265625 0.5947136563876652 0.0078125 0.014684287812041116
