0 0.01416015625 0.30589430894308944 0.0205078125 0.024390243902439025
0 0.01123046875 0.34756097560975613 0.0205078125 0.03861788617886179
0 0.21435546875 0.27845528455284557 0.0400390625 0.05894308943089432
0 0.29150390625 0.28963414634146345 0.0517578125 0.06707317073170732
0 0.33642578125 0.2540650406504065 0.0517578125 0.07113821138211383
0 0.44482421875 0.25152439024390244 0.0576171875 0.06808943089430895
0 0.55712890625 0.19563008130081302 0.0771484375 0.09247967479674797
0 0.38623046875 0.301829268292683 0.0380859375 0.052845528455284556
0 0.64208984375 0.23323170731707318 0.0478515625 0.06199186991869919
0 0.77392578125 0.2804878048780488 0.0380859375 0.05487804878048781
0 0.81005859375 0.2494918699186992 0.0478515625 0.0741869918699187
0 0.75048828125 0.42936991869918706 0.0810546875 0.10670731707317074
0 0.9365234375 0.26371951219512196 0.037109375 0.05386178861788619
0 0.98046875 0.2566056910569106 0.02734375 0.03353658536585366
0 0.18359375 0.2835365853658537 0.02734375 0.034552845528455285
0 0.90869140625 0.24186991869918703 0.0126953125 0.020325203252032523
0 0.7216796875 0.2733739837398374 0.03125 0.04471544715447155
