0 0.7900390625 0.45768229166666663 0.0234375 0.04296875
0 0.6953125 0.4140625 0.0078125 0.013020833333333332
0 0.494140625 0.4720052083333333 0.021484375 0.029947916666666664
0 0.57080078125 0.47526041666666663 0.0205078125 0.03125
0 0.484375 0.41276041666666663 0.0078125 0.013020833333333332
0 0.43896484375 0.419921875 0.0087890625 0.014322916666666666
0 0.42138671875 0.41861979166666663 0.0068359375 0.014322916666666666
0 0.400390625 0.4231770833333333 0.0078125 0.013020833333333332
0 0.384765625 0.4270833333333333 0.0078125 0.013020833333333332
0 0.373046875 0.43229166666666663 0.005859375 0.010416666666666666
0 0.353515625 0.43424479166666663 0.0078125 0.01171875
0 0.32958984375 0.43619791666666663 0.0068359375 0.013020833333333332
0 0.30908203125 0.466796875 0.0166015625 0.029947916666666664
0 0.2138671875 0.4765625 0.015625 0.026041666666666664
0 0.1572265625 0.4876302083333333 0.01171875 0.024739583333333332
0 0.1005859375 0.53515625 0.01171875 0.020833333333333332
0 0.08544921875 0.5071614583333333 0.0068359375 0.01171875
0 0.123046875 0.5188802083333333 0.01171875 0.014322916666666666
0 0.078125 0.546875 0.013671875 0.0234375
0 0.05322265625 0.509765625 0.0068359375 0.014322916666666666
0 0.0048828125 0.5345052083333333 0.009765625 0.016927083333333332
