0 0.271484375 0.32158590308370044 0.017578125 0.0381791483113069
0 0.18994140625 0.43392070484581496 0.0205078125 0.042584434654919234
0 0.26025390625 0.4243759177679882 0.0205078125 0.04405286343612334
0 0.32861328125 0.33113069016152713 0.0185546875 0.03671071953010279
0 0.4091796875 0.33039647577092507 0.01953125 0.0381791483113069
0 0.43310546875 0.45814977973568277 0.0185546875 0.035242290748898675
0 0.37255859375 0.48017621145374445 0.0185546875 0.035242290748898675
0 0.31787109375 0.47356828193832595 0.0166015625 0.03964757709251101
0 0.814453125 0.4317180616740088 0.021484375 0.041116005873715125
0 0.751953125 0.43906020558002934 0.01953125 0.041116005873715125
0 0.708984375 0.4544787077826725 0.017578125 0.03964757709251101
0 0.650390625 0.4676945668135095 0.017578125 0.03671071953010279
0 0.6025390625 0.44052863436123346 0.017578125 0.0381791483113069
0 0.5400390625 0.4662261380323054 0.017578125 0.03671071953010279
0 0.4873046875 0.4508076358296622 0.017578125 0.0381791483113069
0 0.73828125 0.2973568281938326 0.017578125 0.03964757709251101
0 0.6767578125 0.31571218795888395 0.01953125 0.035242290748898675
0 0.61767578125 0.328928046989721 0.0166015625 0.041116005873715125
0 0.53759765625 0.3399412628487518 0.0185546875 0.03671071953010279
0 0.47802734375 0.3436123348017621 0.0166015625 0.032305433186490456
