0 0.16259765625 0.48540145985401456 0.0224609375 0.024817518248175182
0 0.24755859375 0.47591240875912405 0.0244140625 0.040875912408759124
0 0.33935546875 0.4401459854014598 0.0244140625 0.03065693430656934
0 0.4111328125 0.29562043795620435 0.01953125 0.024817518248175182
0 0.42041015625 0.45912408759124085 0.0205078125 0.0364963503649635
0 0.501953125 0.4408759124087591 0.021484375 0.02627737226277372
0 0.45361328125 0.5518248175182482 0.0283203125 0.040875912408759124
0 0.37548828125 0.5452554744525547 0.0205078125 0.03357664233576642
0 0.28076171875 0.5817518248175182 0.0244140625 0.02773722627737226
0 0.56982421875 0.5452554744525547 0.0244140625 0.0364963503649635
0 0.58251953125 0.4357664233576642 0.0205078125 0.024817518248175182
0 0.583984375 0.24744525547445254 0.017578125 0.0218978102189781
0 0.65673828125 0.4627737226277372 0.0166015625 0.02335766423357664
0 0.6728515625 0.5467153284671532 0.021484375 0.0364963503649635
0 0.73193359375 0.46131386861313867 0.0205078125 0.029197080291970802
0 0.8134765625 0.42773722627737226 0.01953125 0.02627737226277372
0 0.5029296875 0.06788321167883211 0.0234375 0.04233576642335766
