0 0.28515625 0.3118489583333333 0.025390625 0.05598958333333333
0 0.38818359375 0.2825520833333333 0.0361328125 0.05989583333333333
0 0.4775390625 0.3372395833333333 0.037109375 0.06510416666666666
0 0.58642578125 0.3515625 0.0439453125 0.057291666666666664
0 0.705078125 0.2890625 0.037109375 0.05208333333333333
0 0.62451171875 0.49609375 0.0380859375 0.05989583333333333
0 0.53466796875 0.5013020833333333 0.0380859375 0.046875
0 0.45654296875 0.5084635416666666 0.0400390625 0.05078125
0 0.39208984375 0.513671875 0.0361328125 0.053385416666666664
0 0.31884765625 0.42643229166666663 0.0380859375 0.05598958333333333
0 0.72509765625 0.462890625 0.0400390625 0.07161458333333333
0 0.85546875 0.31510416666666663 0.037109375 0.046875
0 0.91552734375 0.439453125 0.0419921875 0.07421875
0 0.81982421875 0.46158854166666663 0.0419921875 0.06380208333333333
0 0.85498046875 0.6647135416666666 0.0771484375 0.14453125
