0 0.69970703125 0.8014598540145985 0.0263671875 0.049635036496350364
0 0.802734375 0.7313868613138685 0.025390625 0.05547445255474452
0 0.89794921875 0.6321167883211678 0.0263671875 0.049635036496350364
0 0.97705078125 0.5883211678832116 0.0205078125 0.04671532846715328
0 0.318359375 0.7131386861313869 0.0234375 0.0364963503649635
0 0.4521484375 0.6467153284671533 0.0234375 0.04671532846715328
0 0.55615234375 0.5824817518248174 0.0205078125 0.040875912408759124
0 0.1630859375 0.5605839416058394 0.021484375 0.029197080291970802
0 0.24169921875 0.5058394160583941 0.0205078125 0.03357664233576642
0 0.3349609375 0.4890510948905109 0.021484375 0.03503649635036496
0 0.4404296875 0.4372262773722628 0.021484375 0.03065693430656934
0 0.64404296875 0.5386861313868613 0.0205078125 0.04671532846715328
0 0.7373046875 0.5036496350364963 0.01953125 0.032116788321167884
0 0.8056640625 0.454014598540146 0.01953125 0.03795620437956204
0 0.88525390625 0.3941605839416058 0.0185546875 0.040875912408759124
0 0.97998046875 0.37445255474452555 0.0146484375 0.02773722627737226
0 0.50927734375 0.40875912408759124 0.0166015625 0.029197080291970802
0 0.5888671875 0.35474452554744523 0.015625 0.03503649635036496
0 0.68017578125 0.31386861313868614 0.0146484375 0.029197080291970802
0 0.7705078125 0.3116788321167883 0.013671875 0.02773722627737226
0 0.84326171875 0.2671532846715328 0.0146484375 0.029197080291970802
0 0.89501953125 0.2656934306569343 0.0126953125 0.02335766423357664
0 0.9423828125 0.1875912408759124 0.013671875 0.024817518248175182
0 0.0263671875 0.6343065693430656 0.021484375 0.03941605839416058
0 0.06787109375 0.44233576642335765 0.0185546875 0.032116788321167884
0 0.1650390625 0.36642335766423356 0.01953125 0.03503649635036496
0 0.25244140625 0.3510948905109489 0.0166015625 0.03357664233576642
0 0.36328125 0.33065693430656934 0.013671875 0.024817518248175182
0 0.47314453125 0.283941605839416 0.0146484375 0.02773722627737226
0 0.5751953125 0.264963503649635 0.01171875 0.0218978102189781
0 0.63427734375 0.24744525547445254 0.0126953125 0.024817518248175182
0 0.6845703125 0.22335766423357664 0.01171875 0.02335766423357664
0 0.494140625 0.20729927007299268 0.01171875 0.020437956204379562
0 0.4365234375 0.20583941605839415 0.013671875 0.02335766423357664
0 0.263671875 0.25255474452554744 0.015625 0.02627737226277372
0 0.2568359375 0.19927007299270072 0.013671875 0.024817518248175182
0 0.2451171875 0.12846715328467154 0.015625 0.02627737226277372
0 0.16357421875 0.10583941605839416 0.0126953125 0.024817518248175182
0 0.1923828125 0.17226277372262772 0.01171875 0.020437956204379562
0 0.18603515625 0.21678832116788319 0.0146484375 0.024817518248175182
0 0.12451171875 0.18613138686131386 0.0126953125 0.02773722627737226
0 0.318359375 0.18394160583941604 0.013671875 0.02627737226277372
0 0.16943359375 0.3175182481751825 0.0146484375 0.03065693430656934
0 0.08984375 0.3408759124087591 0.015625 0.03357664233576642
0 0.08740234375 0.2576642335766423 0.0146484375 0.03065693430656934
0 0.06982421875 0.16496350364963502 0.0107421875 0.020437956204379562
0 0.04638671875 0.20364963503649633 0.0126953125 0.024817518248175182
0 0.3623046875 0.23357664233576642 0.013671875 0.02627737226277372
0 0.908203125 0.1846715328467153 0.01171875 0.024817518248175182
0 0.84765625 0.17372262773722627 0.01171875 0.02335766423357664
0 0.96533203125 0.15255474452554743 0.0126953125 0.0218978102189781
0 0.92822265625 0.14306569343065692 0.0126953125 0.020437956204379562
0 0.8828125 0.14452554744525548 0.009765625 0.02627737226277372
0 0.85498046875 0.13795620437956205 0.0126953125 0.024817518248175182
0 0.9248046875 0.11313868613138685 0.013671875 0.024817518248175182
0 0.88818359375 0.11386861313868613 0.0126953125 0.020437956204379562
0 0.9521484375 0.11897810218978101 0.0078125 0.01897810218978102
0 0.95849609375 0.08102189781021897 0.0107421875 0.02773722627737226
0 0.99267578125 0.11459854014598539 0.0107421875 0.024817518248175182
0 0.96728515625 0.03503649635036496 0.0087890625 0.01751824817518248
0 0.8408203125 0.10583941605839416 0.013671875 0.024817518248175182
0 0.8154296875 0.10875912408759124 0.009765625 0.01897810218978102
0 0.8232421875 0.0751824817518248 0.0078125 0.016058394160583942
0 0.80908203125 0.13795620437956205 0.0107421875 0.016058394160583942
0 0.78173828125 0.1416058394160584 0.0126953125 0.01751824817518248
0 0.7900390625 0.18832116788321165 0.009765625 0.020437956204379562
0 0.7470703125 0.16423357664233576 0.01171875 0.024817518248175182
0 0.78076171875 0.09927007299270073 0.0087890625 0.01751824817518248
0 0.8779296875 0.07737226277372262 0.013671875 0.020437956204379562
0 0.759765625 0.02700729927007299 0.01171875 0.01897810218978102
0 0.73974609375 0.09781021897810219 0.0107421875 0.02335766423357664
0 0.72021484375 0.06642335766423357 0.0107421875 0.016058394160583942
0 0.72412109375 0.13065693430656933 0.0107421875 0.0218978102189781
0 0.62646484375 0.11386861313868613 0.0107421875 0.020437956204379562
0 0.6572265625 0.1291970802919708 0.009765625 0.01897810218978102
0 0.68115234375 0.09562043795620437 0.0107421875 0.024817518248175182
0 0.685546875 0.12992700729927006 0.009765625 0.020437956204379562
0 0.62646484375 0.15401459854014599 0.0126953125 0.024817518248175182
0 0.58349609375 0.15182481751824817 0.0126953125 0.02627737226277372
0 0.5654296875 0.14890510948905109 0.01171875 0.02335766423357664
0 0.60693359375 0.0875912408759124 0.0107421875 0.020437956204379562
0 0.5830078125 0.0656934306569343 0.009765625 0.01751824817518248
0 0.5966796875 0.05182481751824817 0.009765625 0.0218978102189781
0 0.55224609375 0.08394160583941605 0.0107421875 0.01897810218978102
0 0.55029296875 0.11605839416058393 0.0107421875 0.0218978102189781
0 0.5859375 0.1218978102189781 0.01171875 0.0218978102189781
0 0.57958984375 0.09927007299270073 0.0087890625 0.01751824817518248
0 0.662109375 0.03795620437956204 0.009765625 0.01751824817518248
0 0.63916015625 0.03576642335766423 0.0087890625 0.016058394160583942
0 0.71875 0.10291970802919707 0.01171875 0.0218978102189781
0 0.70654296875 0.0051094890510948905 0.0107421875 0.010218978102189781
0 0.53076171875 0.14233576642335766 0.0107421875 0.01897810218978102
0 0.52099609375 0.11605839416058393 0.0107421875 0.01897810218978102
0 0.51904296875 0.08832116788321168 0.0107421875 0.0218978102189781
0 0.55224609375 0.024817518248175182 0.0087890625 0.01751824817518248
0 0.5185546875 0.02116788321167883 0.0078125 0.01897810218978102
0 0.4951171875 0.01970802919708029 0.01171875 0.01897810218978102
0 0.5048828125 0.060583941605839416 0.0078125 0.016058394160583942
0 0.4912109375 0.07591240875912408 0.01171875 0.020437956204379562
0 0.49755859375 0.1386861313868613 0.0126953125 0.02627737226277372
0 0.4619140625 0.14014598540145984 0.01171875 0.02335766423357664
0 0.43896484375 0.13503649635036497 0.0107421875 0.01897810218978102
0 0.43896484375 0.09854014598540145 0.0107421875 0.0218978102189781
0 0.4541015625 0.0854014598540146 0.009765625 0.016058394160583942
0 0.462890625 0.11751824817518247 0.009765625 0.016058394160583942
0 0.46240234375 0.02262773722627737 0.0107421875 0.016058394160583942
0 0.494140625 0.1218978102189781 0.009765625 0.016058394160583942
0 0.546875 0.07372262773722628 0.0078125 0.01313868613138686
0 0.40185546875 0.12627737226277372 0.0087890625 0.01897810218978102
0 0.10595703125 0.02846715328467153 0.0107421875 0.01897810218978102
0 0.0810546875 0.049635036496350364 0.01171875 0.020437956204379562
0 0.05712890625 0.04817518248175182 0.0107421875 0.020437956204379562
0 0.03125 0.04306569343065693 0.0078125 0.01897810218978102
0 0.04443359375 0.01386861313868613 0.0087890625 0.016058394160583942
0 0.0498046875 0.0948905109489051 0.0078125 0.01751824817518248
0 0.0322265625 0.09197080291970802 0.009765625 0.020437956204379562
0 0.02001953125 0.10218978102189781 0.0068359375 0.014598540145985401
0 0.07080078125 0.01386861313868613 0.0068359375 0.01313868613138686
0 0.01171875 0.04525547445255474 0.005859375 0.01167883211678832
0 0.34814453125 0.13795620437956205 0.0146484375 0.0218978102189781
0 0.7861328125 0.01313868613138686 0.009765625 0.020437956204379562
