0 0.0166015625 0.5944010416666666 0.015625 0.024739583333333332
0 0.1337890625 0.36197916666666663 0.0078125 0.013020833333333332
0 0.16845703125 0.29947916666666663 0.0087890625 0.010416666666666666
0 0.2744140625 0.3098958333333333 0.009765625 0.013020833333333332
0 0.22119140625 0.38346354166666663 0.0087890625 0.014322916666666666
0 0.373046875 0.3118489583333333 0.0078125 0.009114583333333332
0 0.3974609375 0.330078125 0.0078125 0.01171875
0 0.35888671875 0.38346354166666663 0.0087890625 0.01171875
0 0.4423828125 0.3919270833333333 0.009765625 0.018229166666666664
0 0.45751953125 0.3880208333333333 0.0107421875 0.015625
0 0.509765625 0.34049479166666663 0.0078125 0.014322916666666666
0 0.64111328125 0.35807291666666663 0.0087890625 0.013020833333333332
0 0.73828125 0.40625 0.009765625 0.015625
0 0.58349609375 0.42252604166666663 0.0087890625 0.014322916666666666
0 0.8134765625 0.30338541666666663 0.005859375 0.010416666666666666
0 0.908203125 0.361328125 0.009765625 0.014322916666666666
0 0.28125 0.5201822916666666 0.01171875 0.014322916666666666
0 0.2626953125 0.615234375 0.015625 0.024739583333333332
0 0.423828125 0.580078125 0.013671875 0.022135416666666664
0 0.5185546875 0.6158854166666666 0.015625 0.0234375
0 0.68798828125 0.6731770833333333 0.0146484375 0.0234375
0 0.759765625 0.5266927083333333 0.01171875 0.016927083333333332
0 0.892578125 0.7102864583333333 0.017578125 0.024739583333333332
0 0.9912109375 0.7141927083333333 0.017578125 0.029947916666666664
