0 0.28955078125 0.41276041666666663 0.0302734375 0.046875
0 0.19580078125 0.38541666666666663 0.0205078125 0.0390625
0 0.24951171875 0.3802083333333333 0.0283203125 0.0546875
0 0.3037109375 0.29557291666666663 0.01953125 0.041666666666666664
0 0.44580078125 0.3899739583333333 0.0341796875 0.037760416666666664
0 0.5986328125 0.3919270833333333 0.02734375 0.046875
0 0.6044921875 0.32096354166666663 0.017578125 0.037760416666666664
0 0.6455078125 0.333984375 0.017578125 0.03515625
0 0.6806640625 0.33072916666666663 0.015625 0.03125
0 0.63525390625 0.3684895833333333 0.0205078125 0.03645833333333333
0 0.73876953125 0.380859375 0.0302734375 0.05078125
0 0.71044921875 0.5651041666666666 0.0263671875 0.05208333333333333
0 0.81982421875 0.49869791666666663 0.0263671875 0.0390625
0 0.80126953125 0.3997395833333333 0.0302734375 0.046875
0 0.955078125 0.5065104166666666 0.025390625 0.046875
0 0.36279296875 0.40690104166666663 0.0380859375 0.06380208333333333
