0 0.470703125 0.9842233009708737 0.01171875 0.021844660194174755
0 0.24755859375 0.9793689320388349 0.0126953125 0.02427184466019417
0 0.2080078125 0.949635922330097 0.017578125 0.032766990291262135
0 0.7705078125 0.4745145631067961 0.01171875 0.019417475728155338
0 0.744140625 0.4435679611650485 0.013671875 0.015776699029126214
0 0.7763671875 0.44053398058252424 0.01171875 0.019417475728155338
0 0.830078125 0.4466019417475728 0.01171875 0.014563106796116504
0 0.79541015625 0.45388349514563103 0.0107421875 0.014563106796116504
0 0.9375 0.4836165048543689 0.0078125 0.010922330097087377
0 0.958984375 0.4338592233009708 0.013671875 0.01820388349514563
0 0.90966796875 0.4077669902912621 0.0107421875 0.019417475728155338
0 0.97119140625 0.43628640776699024 0.0087890625 0.01820388349514563
0 0.9599609375 0.3901699029126213 0.01171875 0.020631067961165046
0 0.92822265625 0.37378640776699024 0.0126953125 0.01699029126213592
0 0.97998046875 0.3901699029126213 0.0107421875 0.015776699029126214
0 0.99072265625 0.3877427184466019 0.0068359375 0.015776699029126214
0 0.81201171875 0.429004854368932 0.0126953125 0.01820388349514563
0 0.767578125 0.4144417475728155 0.01171875 0.01820388349514563
0 0.75244140625 0.4223300970873786 0.0107421875 0.014563106796116504
0 0.8330078125 0.3877427184466019 0.01171875 0.01820388349514563
0 0.80712890625 0.41019417475728154 0.0087890625 0.01699029126213592
0 0.8671875 0.3216019417475728 0.009765625 0.014563106796116504
0 0.9775390625 0.341626213592233 0.01171875 0.020631067961165046
0 0.78173828125 0.3574029126213592 0.0087890625 0.010922330097087377
0 0.8017578125 0.33313106796116504 0.009765625 0.013349514563106795
0 0.83935546875 0.31007281553398053 0.0107421875 0.01820388349514563
0 0.73388671875 0.3537621359223301 0.0107421875 0.013349514563106795
0 0.5888671875 0.37742718446601936 0.013671875 0.02427184466019417
0 0.6142578125 0.37378640776699024 0.017578125 0.02427184466019417
0 0.29443359375 0.3822815533980582 0.0146484375 0.02427184466019417
0 0.33447265625 0.3853155339805825 0.0146484375 0.020631067961165046
0 0.43408203125 0.37621359223300965 0.0107421875 0.01699029126213592
0 0.46630859375 0.36468446601941745 0.0107421875 0.01820388349514563
0 0.46484375 0.3246359223300971 0.0078125 0.010922330097087377
0 0.52392578125 0.40958737864077666 0.0126953125 0.015776699029126214
0 0.45361328125 0.39805825242718446 0.0107421875 0.014563106796116504
0 0.25927734375 0.3385922330097087 0.0087890625 0.014563106796116504
0 0.1474609375 0.404126213592233 0.009765625 0.014563106796116504
0 0.0146484375 0.44417475728155337 0.009765625 0.01699029126213592
0 0.0087890625 0.39684466019417475 0.0078125 0.01699029126213592
0 0.02978515625 0.3847087378640776 0.0087890625 0.012135922330097085
0 0.00732421875 0.36286407766990286 0.0087890625 0.014563106796116504
