0 0.32861328125 0.4953198127925117 0.0048828125 0.0109204368174727
0 0.38720703125 0.5475819032761311 0.0048828125 0.015600624024960999
0 0.3740234375 0.5452418096723869 0.00390625 0.0109204368174727
0 0.25537109375 0.5585023400936038 0.0048828125 0.0093603744149766
0 0.28955078125 0.5499219968798752 0.0048828125 0.0109204368174727
0 0.33935546875 0.5452418096723869 0.0048828125 0.0109204368174727
0 0.2568359375 0.5858034321372855 0.005859375 0.0109204368174727
0 0.26123046875 0.6053042121684867 0.0048828125 0.0124804992199688
0 0.30322265625 0.5912636505460218 0.0068359375 0.0124804992199688
0 0.32861328125 0.5967238689547583 0.0048828125 0.014040561622464899
0 0.349609375 0.5951638065522621 0.00390625 0.0109204368174727
0 0.1728515625 0.5850234009360374 0.0078125 0.015600624024960999
0 0.259765625 0.6372854914196568 0.005859375 0.0109204368174727
0 0.27783203125 0.6357254290171607 0.0048828125 0.014040561622464899
0 0.27685546875 0.6794071762870515 0.0068359375 0.014040561622464899
0 0.26025390625 0.6786271450858035 0.0048828125 0.0124804992199688
0 0.23876953125 0.6801872074882995 0.0048828125 0.0124804992199688
0 0.21826171875 0.6778471138845554 0.0068359375 0.014040561622464899
0 0.19921875 0.6817472698907957 0.0078125 0.015600624024960999
0 0.17822265625 0.6825273010920437 0.0068359375 0.014040561622464899
0 0.16650390625 0.6911076443057722 0.0048828125 0.015600624024960999
0 0.1796875 0.7152886115444618 0.0078125 0.0171606864274571
0 0.2548828125 0.6973478939157567 0.0078125 0.015600624024960999
0 0.2666015625 0.716848673946958 0.0078125 0.0171606864274571
0 0.12890625 0.6911076443057722 0.005859375 0.015600624024960999
0 0.314453125 0.6762870514820593 0.005859375 0.014040561622464899
0 0.3369140625 0.6770670826833074 0.005859375 0.0124804992199688
0 0.37158203125 0.6762870514820593 0.0068359375 0.0109204368174727
0 0.38427734375 0.6989079563182528 0.0068359375 0.015600624024960999
0 0.35888671875 0.7223088923556943 0.0048828125 0.0124804992199688
0 0.40478515625 0.7238689547581904 0.0068359375 0.0124804992199688
0 0.41796875 0.7948517940717629 0.009765625 0.0171606864274571
0 0.44189453125 0.7152886115444618 0.0068359375 0.014040561622464899
0 0.4658203125 0.7137285491419657 0.005859375 0.0171606864274571
0 0.4619140625 0.8057722308892356 0.0078125 0.0171606864274571
0 0.33740234375 0.6053042121684867 0.0068359375 0.0124804992199688
0 0.43505859375 0.5889235569422777 0.0048828125 0.0109204368174727
0 0.443359375 0.608424336973479 0.00390625 0.0124804992199688
0 0.36865234375 0.5912636505460218 0.0048828125 0.0124804992199688
0 0.359375 0.609204368174727 0.00390625 0.0109204368174727
0 0.416015625 0.6076443057722309 0.005859375 0.0109204368174727
0 0.318359375 0.6396255850234009 0.005859375 0.0124804992199688
0 0.34033203125 0.6380655226209049 0.0048828125 0.0124804992199688
0 0.37744140625 0.6396255850234009 0.0068359375 0.0124804992199688
0 0.39599609375 0.640405616224649 0.0048828125 0.0109204368174727
0 0.41552734375 0.6419656786271452 0.0048828125 0.014040561622464899
0 0.43701171875 0.6427457098283932 0.0048828125 0.0124804992199688
0 0.50830078125 0.8042121684867395 0.0087890625 0.0202808112324493
0 0.55810546875 0.8034321372854915 0.0087890625 0.0187207488299532
0 0.54345703125 0.716848673946958 0.0048828125 0.014040561622464899
0 0.50048828125 0.5265210608424337 0.0048828125 0.0109204368174727
0 0.50244140625 0.5015600624024961 0.0048828125 0.0078003120124804995
0 0.54248046875 0.49843993759750393 0.0048828125 0.0109204368174727
0 0.56298828125 0.5023400936037442 0.0048828125 0.0093603744149766
0 0.52685546875 0.5873634945397816 0.0048828125 0.0109204368174727
0 0.5498046875 0.594383775351014 0.00390625 0.0093603744149766
0 0.5712890625 0.593603744149766 0.005859375 0.0109204368174727
0 0.46826171875 0.6115444617784711 0.0048828125 0.0124804992199688
0 0.49267578125 0.608424336973479 0.0048828125 0.0093603744149766
0 0.5185546875 0.608424336973479 0.005859375 0.0124804992199688
0 0.56640625 0.6138845553822153 0.005859375 0.014040561622464899
0 0.47509765625 0.6443057722308893 0.0068359375 0.0124804992199688
0 0.49755859375 0.6450858034321373 0.0048828125 0.014040561622464899
0 0.5751953125 0.6497659906396256 0.005859375 0.014040561622464899
0 0.48974609375 0.6700468018720749 0.0068359375 0.014040561622464899
0 0.51123046875 0.6731669266770671 0.0048828125 0.0109204368174727
0 0.53076171875 0.6755070202808112 0.0048828125 0.0124804992199688
0 0.55224609375 0.6708268330733229 0.0048828125 0.0124804992199688
0 0.572265625 0.6747269890795632 0.005859375 0.014040561622464899
0 0.5400390625 0.5296411856474259 0.00390625 0.0078003120124804995
0 0.5888671875 0.500780031201248 0.00390625 0.0093603744149766
0 0.61279296875 0.5023400936037442 0.0029296875 0.0093603744149766
0 0.65869140625 0.5023400936037442 0.0029296875 0.0093603744149766
0 0.67919921875 0.49843993759750393 0.0029296875 0.0078003120124804995
0 0.55810546875 0.5288611544461779 0.0029296875 0.0062402496099844
0 0.5791015625 0.5241809672386896 0.00390625 0.0093603744149766
0 0.60498046875 0.5374414976599065 0.0048828125 0.0078003120124804995
0 0.6845703125 0.5600624024960998 0.00390625 0.0093603744149766
0 0.70263671875 0.5608424336973479 0.0048828125 0.0109204368174727
0 0.72119140625 0.5600624024960998 0.0048828125 0.0124804992199688
0 0.60595703125 0.578003120124805 0.0029296875 0.0109204368174727
0 0.62646484375 0.5787831513260531 0.0029296875 0.0093603744149766
0 0.64794921875 0.5842433697347894 0.0048828125 0.0109204368174727
0 0.7099609375 0.5904836193447738 0.005859375 0.0109204368174727
0 0.66015625 0.6177847113884556 0.00390625 0.0124804992199688
0 0.72900390625 0.59204368174727 0.0048828125 0.014040561622464899
0 0.73876953125 0.6201248049921997 0.0029296875 0.0109204368174727
0 0.712890625 0.6193447737909517 0.00390625 0.0124804992199688
0 0.59228515625 0.6466458658346335 0.0048828125 0.0109204368174727
0 0.60986328125 0.6505460218408736 0.0048828125 0.0124804992199688
0 0.62744140625 0.6474258970358815 0.0048828125 0.0124804992199688
0 0.64794921875 0.6489859594383776 0.0048828125 0.0124804992199688
0 0.68310546875 0.6474258970358815 0.0048828125 0.0124804992199688
0 0.70654296875 0.6505460218408736 0.0048828125 0.0124804992199688
0 0.7236328125 0.6489859594383776 0.00390625 0.0093603744149766
0 0.7431640625 0.6521060842433698 0.005859375 0.0124804992199688
0 0.7646484375 0.6505460218408736 0.00390625 0.0093603744149766
0 0.79443359375 0.5881435257410297 0.0068359375 0.0124804992199688
0 0.58447265625 0.6981279251170047 0.0068359375 0.014040561622464899
0 0.5927734375 0.6747269890795632 0.005859375 0.014040561622464899
0 0.61474609375 0.6794071762870515 0.0048828125 0.014040561622464899
0 0.63671875 0.6770670826833074 0.0078125 0.015600624024960999
0 0.6572265625 0.6786271450858035 0.005859375 0.015600624024960999
0 0.67822265625 0.6786271450858035 0.0048828125 0.0124804992199688
0 0.69921875 0.6762870514820593 0.005859375 0.014040561622464899
0 0.720703125 0.6817472698907957 0.005859375 0.0124804992199688
0 0.73876953125 0.6794071762870515 0.0048828125 0.014040561622464899
0 0.75927734375 0.6817472698907957 0.0068359375 0.0124804992199688
0 0.77685546875 0.6817472698907957 0.0048828125 0.0124804992199688
0 0.80126953125 0.6801872074882995 0.0068359375 0.0124804992199688
0 0.61865234375 0.6957878315132605 0.0048828125 0.0124804992199688
0 0.6103515625 0.7223088923556943 0.005859375 0.0124804992199688
0 0.6416015625 0.7215288611544463 0.0078125 0.0171606864274571
0 0.65087890625 0.6989079563182528 0.0068359375 0.015600624024960999
0 0.6787109375 0.719188767550702 0.005859375 0.015600624024960999
0 0.69189453125 0.6989079563182528 0.0068359375 0.015600624024960999
0 0.724609375 0.717628705148206 0.005859375 0.015600624024960999
0 0.732421875 0.6989079563182528 0.005859375 0.0187207488299532
0 0.7724609375 0.6957878315132605 0.005859375 0.015600624024960999
0 0.7626953125 0.718408736349454 0.005859375 0.014040561622464899
0 0.81591796875 0.6934477379095164 0.0068359375 0.0171606864274571
0 0.8076171875 0.7145085803432137 0.005859375 0.015600624024960999
0 0.6337890625 0.7379095163806553 0.005859375 0.015600624024960999
0 0.29833984375 0.6388455538221529 0.0048828125 0.014040561622464899
0 0.84130859375 0.7152886115444618 0.0068359375 0.0171606864274571
0 0.8505859375 0.6926677067082684 0.0078125 0.015600624024960999
