0 0.1064453125 0.3411458333333333 0.041015625 0.05989583333333333
0 0.837890625 0.3203125 0.037109375 0.05989583333333333
0 0.56005859375 0.26236979166666663 0.0087890625 0.014322916666666666
0 0.46875 0.302734375 0.009765625 0.01953125
0 0.42431640625 0.3125 0.0087890625 0.015625
0 0.3984375 0.302734375 0.009765625 0.016927083333333332
0 0.3486328125 0.31315104166666663 0.009765625 0.016927083333333332
0 0.37060546875 0.310546875 0.0068359375 0.01171875
0 0.31201171875 0.318359375 0.0087890625 0.01171875
0 0.2783203125 0.31510416666666663 0.0078125 0.015625
0 0.25439453125 0.3040364583333333 0.0107421875 0.016927083333333332
0 0.267578125 0.3046875 0.0078125 0.013020833333333332
0 0.06103515625 0.310546875 0.0068359375 0.01171875
0 0.1494140625 0.3059895833333333 0.005859375 0.010416666666666666
