0 0.02099609375 0.27080291970802917 0.0380859375 0.059854014598540145
0 0.07177734375 0.2386861313868613 0.0673828125 0.10364963503649634
0 0.1611328125 0.2562043795620438 0.037109375 0.0656934306569343
0 0.23583984375 0.2627737226277372 0.0791015625 0.12262773722627736
0 0.265625 0.24160583941605837 0.037109375 0.07445255474452554
0 0.25732421875 0.1948905109489051 0.0361328125 0.07737226277372262
0 0.3134765625 0.2605839416058394 0.033203125 0.051094890510948905
0 0.36572265625 0.19416058394160582 0.0439453125 0.09051094890510948
0 0.42138671875 0.1897810218978102 0.0732421875 0.11970802919708029
0 0.50390625 0.17153284671532845 0.044921875 0.08029197080291971
0 0.60986328125 0.15474452554744525 0.0751953125 0.12262773722627736
0 0.6826171875 0.1854014598540146 0.03125 0.05255474452554744
0 0.740234375 0.13722627737226276 0.064453125 0.10510948905109488
0 0.77392578125 0.18321167883211678 0.0263671875 0.059854014598540145
0 0.88671875 0.08102189781021897 0.09375 0.16204379562043794
0 0.9453125 0.10583941605839416 0.05078125 0.0948905109489051
