0 0.25244140625 0.4641927083333333 0.0166015625 0.024739583333333332
0 0.41552734375 0.470703125 0.0146484375 0.016927083333333332
0 0.74658203125 0.45377604166666663 0.0244140625 0.04036458333333333
0 0.859375 0.5013020833333333 0.021484375 0.03125
0 0.95361328125 0.451171875 0.0185546875 0.029947916666666664
0 0.9765625 0.44596354166666663 0.013671875 0.022135416666666664
0 0.52197265625 0.45768229166666663 0.0302734375 0.045572916666666664
0 0.630859375 0.49609375 0.015625 0.0234375
0 0.60400390625 0.4680989583333333 0.0146484375 0.01953125
0 0.416015625 0.4700520833333333 0.01171875 0.015625
0 0.44287109375 0.4817708333333333 0.0087890625 0.015625
0 0.4833984375 0.46484375 0.015625 0.0234375
0 0.31640625 0.455078125 0.025390625 0.029947916666666664
0 0.34228515625 0.47526041666666663 0.0146484375 0.0234375
0 0.103515625 0.47330729166666663 0.017578125 0.01953125
0 0.02685546875 0.4798177083333333 0.0400390625 0.05598958333333333
0 0.08544921875 0.46484375 0.0146484375 0.018229166666666664
0 0.19189453125 0.47721354166666663 0.0185546875 0.01953125
0 0.80908203125 0.466796875 0.0166015625 0.03255208333333333
