0 0.05126953125 0.24033816425120771 0.0146484375 0.04589371980676328
0 0.11083984375 0.28381642512077293 0.0205078125 0.05555555555555555
0 0.1669921875 0.34178743961352653 0.017578125 0.05072463768115942
0 0.20068359375 0.6400966183574879 0.0087890625 0.02898550724637681
0 0.2490234375 0.21980676328502413 0.025390625 0.05314009661835749
0 0.20263671875 0.393719806763285 0.0126953125 0.03864734299516908
0 0.20361328125 0.4323671497584541 0.0068359375 0.02898550724637681
0 0.30419921875 0.3611111111111111 0.0107421875 0.05072463768115942
0 0.39306640625 0.2995169082125604 0.0205078125 0.07246376811594203
0 0.41259765625 0.3115942028985507 0.0146484375 0.04830917874396135
0 0.552734375 0.2934782608695652 0.01953125 0.06038647342995169
0 0.46240234375 0.5265700483091788 0.0068359375 0.02898550724637681
0 0.48876953125 0.5748792270531401 0.0087890625 0.024154589371980676
0 0.51513671875 0.5217391304347826 0.0068359375 0.02898550724637681
0 0.49072265625 0.6871980676328502 0.0048828125 0.021739130434782608
0 0.482421875 0.6727053140096618 0.005859375 0.026570048309178744
0 0.6181640625 0.25362318840579706 0.01953125 0.043478260869565216
0 0.697265625 0.2548309178743961 0.021484375 0.05072463768115942
0 0.78173828125 0.29227053140096615 0.0185546875 0.043478260869565216
0 0.83154296875 0.2826086956521739 0.0244140625 0.05797101449275362
0 0.96728515625 0.4722222222222222 0.0166015625 0.036231884057971016
0 0.9287109375 0.53743961352657 0.005859375 0.026570048309178744
0 0.947265625 0.5193236714975845 0.009765625 0.02898550724637681
