0 0.08984375 0.3663729809104258 0.0234375 0.04845814977973568
0 0.22412109375 0.3010279001468429 0.0205078125 0.05286343612334801
0 0.24853515625 0.24963289280469897 0.0380859375 0.07929515418502202
0 0.06591796875 0.3744493392070484 0.0166015625 0.0381791483113069
0 0.3544921875 0.5337738619676945 0.017578125 0.03671071953010279
0 0.3466796875 0.3729809104258443 0.009765625 0.017621145374449337
0 0.33837890625 0.3707782672540382 0.0068359375 0.016152716593245228
0 0.412109375 0.3443465491923641 0.025390625 0.033773861967694566
0 0.4462890625 0.38913362701908955 0.013671875 0.02936857562408223
0 0.47119140625 0.3935389133627019 0.0126953125 0.035242290748898675
0 0.47900390625 0.3795888399412628 0.0126953125 0.02790014684287812
0 0.50634765625 0.35903083700440525 0.0126953125 0.02790014684287812
0 0.53515625 0.36930983847283405 0.021484375 0.033773861967694566
0 0.041015625 0.3230543318649045 0.01953125 0.0381791483113069
0 0.57763671875 0.33773861967694563 0.0322265625 0.06167400881057268
0 0.70703125 0.3171806167400881 0.025390625 0.05580029368575624
0 0.6396484375 0.39060205580029367 0.0078125 0.014684287812041116
0 0.876953125 0.2753303964757709 0.0390625 0.06901615271659324
0 0.99169921875 0.3443465491923641 0.0166015625 0.0513950073421439
0 0.6162109375 0.5168869309838473 0.015625 0.02936857562408223
