0 0.88232421875 0.5247395833333333 0.0126953125 0.028645833333333332
0 0.75146484375 0.5579427083333333 0.0126953125 0.022135416666666664
0 0.64892578125 0.5735677083333333 0.0107421875 0.024739583333333332
0 0.8857421875 0.41471354166666663 0.01171875 0.014322916666666666
0 0.79541015625 0.39908854166666663 0.0087890625 0.016927083333333332
0 0.7841796875 0.373046875 0.0078125 0.01171875
0 0.82861328125 0.359375 0.0087890625 0.013020833333333332
0 0.904296875 0.357421875 0.01171875 0.01953125
0 0.90771484375 0.34049479166666663 0.0087890625 0.01171875
0 0.93017578125 0.2805989583333333 0.0087890625 0.01171875
0 0.95361328125 0.23893229166666666 0.0068359375 0.014322916666666666
0 0.4189453125 0.4114583333333333 0.015625 0.020833333333333332
0 0.3603515625 0.560546875 0.013671875 0.024739583333333332
0 0.2451171875 0.5305989583333333 0.013671875 0.022135416666666664
0 0.03662109375 0.380859375 0.0087890625 0.01171875
0 0.14453125 0.36783854166666663 0.009765625 0.014322916666666666
0 0.23095703125 0.35611979166666663 0.0107421875 0.01171875
0 0.2783203125 0.35221354166666663 0.0078125 0.01171875
0 0.22900390625 0.333984375 0.0068359375 0.01171875
0 0.2841796875 0.33658854166666663 0.005859375 0.009114583333333332
0 0.16943359375 0.33203125 0.0087890625 0.010416666666666666
0 0.07080078125 0.33268229166666663 0.0068359375 0.01171875
0 0.2783203125 0.21614583333333331 0.005859375 0.010416666666666666
0 0.6513671875 0.19270833333333331 0.005859375 0.010416666666666666
0 0.71044921875 0.1953125 0.0048828125 0.0078125
