0 0.267578125 0.8856837606837608 0.01171875 0.03632478632478633
0 0.29931640625 0.889957264957265 0.0126953125 0.02777777777777778
0 0.3369140625 0.8835470085470086 0.009765625 0.02777777777777778
0 0.17626953125 0.8429487179487181 0.0107421875 0.023504273504273508
0 0.1328125 0.9679487179487181 0.01171875 0.02991452991452992
0 0.181640625 0.9572649572649574 0.009765625 0.02991452991452992
0 0.27734375 0.6976495726495727 0.0078125 0.023504273504273508
0 0.31396484375 0.7617521367521368 0.0087890625 0.023504273504273508
0 0.0888671875 0.747863247863248 0.009765625 0.021367521367521368
0 0.1005859375 0.8141025641025642 0.009765625 0.025641025641025644
0 0.28271484375 0.7873931623931625 0.0107421875 0.02777777777777778
0 0.2294921875 0.8034188034188035 0.0078125 0.021367521367521368
0 0.2275390625 0.6923076923076924 0.0078125 0.021367521367521368
0 0.208984375 0.6121794871794872 0.005859375 0.019230769230769232
0 0.232421875 0.5929487179487181 0.005859375 0.019230769230769232
0 0.1796875 0.68482905982906 0.0078125 0.019230769230769232
0 0.33984375 0.7200854700854702 0.0078125 0.025641025641025644
0 0.451171875 0.701923076923077 0.009765625 0.02777777777777778
0 0.39306640625 0.7147435897435899 0.0087890625 0.023504273504273508
0 0.37744140625 0.6987179487179488 0.0087890625 0.025641025641025644
0 0.365234375 0.6784188034188035 0.009765625 0.023504273504273508
0 0.35986328125 0.6752136752136753 0.0087890625 0.025641025641025644
0 0.35498046875 0.6752136752136753 0.0068359375 0.021367521367521368
0 0.517578125 0.6965811965811967 0.009765625 0.025641025641025644
0 0.49072265625 0.6784188034188035 0.0087890625 0.023504273504273508
0 0.55322265625 0.6752136752136753 0.0068359375 0.021367521367521368
0 0.5654296875 0.6752136752136753 0.0078125 0.021367521367521368
0 0.544921875 0.65491452991453 0.0078125 0.023504273504273508
0 0.53857421875 0.6634615384615385 0.0087890625 0.019230769230769232
0 0.51806640625 0.6314102564102565 0.0068359375 0.019230769230769232
0 0.60009765625 0.6987179487179488 0.0087890625 0.025641025641025644
0 0.587890625 0.685897435897436 0.0078125 0.025641025641025644
0 0.68017578125 0.6698717948717949 0.0107421875 0.023504273504273508
0 0.6474609375 0.6591880341880343 0.009765625 0.023504273504273508
0 0.63525390625 0.6527777777777778 0.0087890625 0.023504273504273508
0 0.6220703125 0.6442307692307693 0.0078125 0.023504273504273508
0 0.6025390625 0.638888888888889 0.005859375 0.017094017094017096
0 0.595703125 0.6228632478632479 0.0078125 0.019230769230769232
0 0.587890625 0.6185897435897436 0.0078125 0.019230769230769232
0 0.5791015625 0.6143162393162394 0.005859375 0.01495726495726496
0 0.61083984375 0.6335470085470086 0.0068359375 0.019230769230769232
0 0.77490234375 0.6517094017094017 0.0107421875 0.025641025641025644
0 0.81982421875 0.6346153846153847 0.0087890625 0.025641025641025644
0 0.806640625 0.6303418803418804 0.0078125 0.025641025641025644
0 0.7890625 0.6207264957264957 0.0078125 0.023504273504273508
0 0.7294921875 0.6474358974358975 0.009765625 0.025641025641025644
0 0.7177734375 0.6410256410256411 0.0078125 0.025641025641025644
0 0.70458984375 0.623931623931624 0.0087890625 0.021367521367521368
0 0.69580078125 0.6260683760683762 0.0087890625 0.021367521367521368
0 0.6875 0.6196581196581197 0.0078125 0.017094017094017096
0 0.66552734375 0.6068376068376069 0.0068359375 0.017094017094017096
0 0.65576171875 0.6014957264957266 0.0068359375 0.019230769230769232
0 0.677734375 0.6132478632478633 0.005859375 0.017094017094017096
0 0.77734375 0.623931623931624 0.0078125 0.021367521367521368
0 0.76416015625 0.6175213675213675 0.0068359375 0.021367521367521368
0 0.90478515625 0.7243589743589745 0.0107421875 0.02991452991452992
0 0.9453125 0.65491452991453 0.01171875 0.02777777777777778
0 0.91845703125 0.6517094017094017 0.0087890625 0.021367521367521368
0 0.888671875 0.6324786324786326 0.009765625 0.025641025641025644
0 0.865234375 0.6570512820512822 0.009765625 0.023504273504273508
0 0.87158203125 0.6346153846153847 0.0087890625 0.025641025641025644
0 0.85791015625 0.6143162393162394 0.0087890625 0.023504273504273508
0 0.841796875 0.5982905982905984 0.009765625 0.021367521367521368
0 0.8310546875 0.6047008547008548 0.009765625 0.025641025641025644
0 0.81982421875 0.5972222222222223 0.0087890625 0.023504273504273508
0 0.95361328125 0.6185897435897436 0.0087890625 0.023504273504273508
0 0.97216796875 0.6207264957264957 0.0068359375 0.023504273504273508
0 0.99609375 0.6025641025641026 0.0078125 0.025641025641025644
0 0.98486328125 0.6100427350427351 0.0087890625 0.023504273504273508
0 0.96875 0.5876068376068376 0.0078125 0.021367521367521368
0 0.931640625 0.6378205128205129 0.0078125 0.019230769230769232
0 0.94091796875 0.6153846153846154 0.0087890625 0.025641025641025644
0 0.90869140625 0.5940170940170941 0.0087890625 0.021367521367521368
0 0.8955078125 0.5972222222222223 0.009765625 0.023504273504273508
0 0.87841796875 0.6014957264957266 0.0087890625 0.023504273504273508
0 0.9189453125 0.498931623931624 0.0078125 0.019230769230769232
0 0.75048828125 0.5074786324786326 0.0087890625 0.019230769230769232
0 0.9873046875 0.4775641025641026 0.005859375 0.01495726495726496
0 0.2216796875 0.7307692307692308 0.009765625 0.025641025641025644
0 0.18896484375 0.7136752136752137 0.0087890625 0.025641025641025644
0 0.751953125 0.6217948717948718 0.009765625 0.017094017094017096
0 0.74072265625 0.6217948717948718 0.0087890625 0.017094017094017096
0 0.45703125 0.6506410256410257 0.005859375 0.01495726495726496
0 0.50927734375 0.6271367521367522 0.0068359375 0.01495726495726496
