0 0.01416015625 0.5335766423357664 0.0107421875 0.0218978102189781
0 0.0517578125 0.5437956204379562 0.01171875 0.02773722627737226
0 0.103515625 0.5656934306569342 0.01171875 0.024817518248175182
0 0.12109375 0.5197080291970803 0.009765625 0.020437956204379562
0 0.14453125 0.5291970802919708 0.009765625 0.0218978102189781
0 0.1796875 0.6080291970802919 0.013671875 0.024817518248175182
0 0.18017578125 0.5218978102189781 0.0068359375 0.01313868613138686
0 0.09326171875 0.518978102189781 0.0126953125 0.0218978102189781
0 0.15771484375 0.5138686131386861 0.0087890625 0.01751824817518248
0 0.17236328125 0.5051094890510949 0.0068359375 0.01751824817518248
0 0.2138671875 0.5051094890510949 0.0078125 0.01167883211678832
0 0.21240234375 0.5218978102189781 0.0087890625 0.01313868613138686
0 0.19384765625 0.518978102189781 0.0048828125 0.010218978102189781
0 0.22998046875 0.5160583941605839 0.0087890625 0.01897810218978102
0 0.24853515625 0.510948905109489 0.0068359375 0.01751824817518248
0 0.2587890625 0.5036496350364963 0.005859375 0.014598540145985401
0 0.27197265625 0.5744525547445255 0.0146484375 0.02773722627737226
0 0.30078125 0.581021897810219 0.015625 0.032116788321167884
0 0.2646484375 0.5255474452554744 0.0078125 0.01751824817518248
0 0.27734375 0.5233576642335767 0.0078125 0.016058394160583942
0 0.2861328125 0.5255474452554744 0.0078125 0.01751824817518248
0 0.318359375 0.5248175182481751 0.009765625 0.01897810218978102
0 0.34521484375 0.5255474452554744 0.0107421875 0.01751824817518248
0 0.37060546875 0.5313868613138686 0.0087890625 0.01751824817518248
0 0.3916015625 0.5226277372262773 0.009765625 0.01751824817518248
0 0.35693359375 0.581021897810219 0.0146484375 0.032116788321167884
0 0.392578125 0.5562043795620437 0.01171875 0.02627737226277372
0 0.4189453125 0.5467153284671532 0.0078125 0.016058394160583942
0 0.43017578125 0.5423357664233577 0.0087890625 0.016058394160583942
0 0.44580078125 0.5335766423357664 0.0166015625 0.03357664233576642
0 0.51806640625 0.5364963503649635 0.0107421875 0.016058394160583942
0 0.5205078125 0.5927007299270073 0.015625 0.02627737226277372
0 0.55908203125 0.5182481751824817 0.0107421875 0.01751824817518248
0 0.55322265625 0.5708029197080292 0.0146484375 0.02627737226277372
0 0.6005859375 0.5583941605839415 0.013671875 0.03065693430656934
0 0.623046875 0.5620437956204379 0.01171875 0.02627737226277372
0 0.63134765625 0.5437956204379562 0.0107421875 0.0218978102189781
0 0.6689453125 0.581021897810219 0.015625 0.029197080291970802
0 0.7431640625 0.5773722627737226 0.015625 0.024817518248175182
0 0.77783203125 0.5722627737226277 0.0126953125 0.02335766423357664
0 0.76806640625 0.5474452554744526 0.0107421875 0.01751824817518248
0 0.8037109375 0.5832116788321168 0.013671875 0.024817518248175182
0 0.8779296875 0.5635036496350364 0.015625 0.029197080291970802
0 0.955078125 0.5824817518248174 0.015625 0.032116788321167884
