0 0.548828125 0.33984375 0.029296875 0.04427083333333333
0 0.60400390625 0.376953125 0.0205078125 0.029947916666666664
0 0.66162109375 0.40625 0.0244140625 0.033854166666666664
0 0.75048828125 0.37760416666666663 0.0244140625 0.03125
0 0.82421875 0.421875 0.0234375 0.028645833333333332
0 0.822265625 0.35546875 0.01953125 0.03125
0 0.88720703125 0.3763020833333333 0.0166015625 0.028645833333333332
0 0.92431640625 0.35026041666666663 0.0146484375 0.033854166666666664
0 0.90087890625 0.3567708333333333 0.0166015625 0.0234375
0 0.3984375 0.42838541666666663 0.0234375 0.033854166666666664
0 0.2734375 0.40690104166666663 0.03125 0.04036458333333333
0 0.234375 0.40625 0.0390625 0.057291666666666664
0 0.06005859375 0.4485677083333333 0.0361328125 0.05078125
0 0.5205078125 0.39127604166666663 0.01953125 0.024739583333333332
0 0.4248046875 0.39518229166666663 0.03125 0.05078125
