0 0.11962890625 0.5230024213075061 0.0205078125 0.06295399515738499
0 0.19091796875 0.2820823244552058 0.0146484375 0.05084745762711865
0 0.2158203125 0.2736077481840194 0.021484375 0.05811138014527845
0 0.248046875 0.45883777239709445 0.033203125 0.08474576271186442
0 0.16796875 0.5351089588377724 0.046875 0.14043583535108958
0 0.3671875 0.4878934624697337 0.078125 0.23002421307506055
0 0.40576171875 0.2772397094430993 0.0458984375 0.11864406779661017
0 0.43115234375 0.20581113801452786 0.0244140625 0.06779661016949153
0 0.5166015625 0.47578692493946734 0.048828125 0.1719128329297821
0 0.56787109375 0.3692493946731235 0.0576171875 0.18159806295399517
0 0.470703125 0.27602905569007263 0.005859375 0.02421307506053269
0 0.267578125 0.2796610169491526 0.013671875 0.036319612590799036
0 0.08984375 0.3365617433414044 0.013671875 0.03389830508474576
0 0.6337890625 0.3837772397094431 0.08203125 0.2590799031476998
0 0.66552734375 0.1900726392251816 0.0791015625 0.26392251815980633
0 0.7958984375 0.28087167070217917 0.087890625 0.25181598062953997
0 0.8291015625 0.06416464891041163 0.017578125 0.036319612590799036
0 0.88427734375 0.08232445520581114 0.0126953125 0.04358353510895884
0 0.92919921875 0.0980629539951574 0.0185546875 0.05569007263922519
0 0.9501953125 0.3135593220338983 0.021484375 0.05569007263922519
0 0.97412109375 0.28692493946731235 0.0244140625 0.05569007263922519
0 0.86865234375 0.3559322033898305 0.0185546875 0.0774818401937046
0 0.90771484375 0.3934624697336562 0.0224609375 0.07990314769975787
0 0.00732421875 0.652542372881356 0.0146484375 0.1476997578692494
