0 0.0263671875 0.30625 0.013671875 0.03125
0 0.10693359375 0.29140625000000003 0.0302734375 0.0765625
0 0.123046875 0.29609375 0.013671875 0.026562500000000003
0 0.19775390625 0.2515625 0.0244140625 0.059375000000000004
0 0.388671875 0.25 0.044921875 0.096875
0 0.15576171875 0.27421875 0.0185546875 0.0390625
0 0.353515625 0.22031250000000002 0.025390625 0.059375000000000004
0 0.46240234375 0.2671875 0.0302734375 0.065625
0 0.51953125 0.284375 0.009765625 0.025
0 0.55908203125 0.23515625 0.0244140625 0.060937500000000006
0 0.70263671875 0.2734375 0.0478515625 0.1
0 0.7294921875 0.2671875 0.009765625 0.021875000000000002
0 0.81689453125 0.24531250000000002 0.0283203125 0.059375000000000004
0 0.88037109375 0.25625000000000003 0.0224609375 0.07500000000000001
0 0.9375 0.2578125 0.01171875 0.028125
0 0.97265625 0.33984375 0.015625 0.026562500000000003
0 0.611328125 0.2421875 0.021484375 0.037500000000000006
