0 0.1884765625 0.568359375 0.03125 0.045572916666666664
0 0.228515625 0.5865885416666666 0.0390625 0.05859375
0 0.3154296875 0.5598958333333333 0.03515625 0.05208333333333333
0 0.3583984375 0.4993489583333333 0.03125 0.04817708333333333
0 0.4375 0.5143229166666666 0.03125 0.049479166666666664
0 0.4931640625 0.6399739583333333 0.037109375 0.061197916666666664
0 0.5126953125 0.5299479166666666 0.029296875 0.049479166666666664
0 0.5673828125 0.525390625 0.025390625 0.04817708333333333
0 0.6650390625 0.5208333333333333 0.033203125 0.05208333333333333
0 0.744140625 0.607421875 0.037109375 0.061197916666666664
0 0.79931640625 0.40494791666666663 0.0341796875 0.057291666666666664
0 0.76513671875 0.33984375 0.0341796875 0.049479166666666664
0 0.712890625 0.392578125 0.029296875 0.045572916666666664
0 0.6455078125 0.3821614583333333 0.02734375 0.045572916666666664
0 0.591796875 0.36197916666666663 0.025390625 0.0390625
0 0.61669921875 0.3203125 0.0263671875 0.041666666666666664
0 0.5205078125 0.44791666666666663 0.03125 0.0390625
0 0.5146484375 0.34765625 0.025390625 0.04427083333333333
0 0.48486328125 0.357421875 0.0244140625 0.03255208333333333
0 0.39208984375 0.287109375 0.0302734375 0.05078125
0 0.34130859375 0.375 0.0322265625 0.041666666666666664
0 0.28466796875 0.38736979166666663 0.0283203125 0.045572916666666664
0 0.87109375 0.416015625 0.0390625 0.06380208333333333
