0 0.39892578125 0.024817518248175182 0.0166015625 0.029197080291970802
0 0.40966796875 0.01313868613138686 0.0146484375 0.02335766423357664
0 0.35986328125 0.1313868613138686 0.0185546875 0.029197080291970802
0 0.443359375 0.1313868613138686 0.01953125 0.03503649635036496
0 0.4140625 0.1583941605839416 0.01953125 0.0364963503649635
0 0.435546875 0.1678832116788321 0.01953125 0.03795620437956204
0 0.40771484375 0.20510948905109488 0.0205078125 0.04233576642335766
0 0.38232421875 0.26204379562043795 0.0205078125 0.0364963503649635
0 0.37158203125 0.2948905109489051 0.0224609375 0.040875912408759124
0 0.37548828125 0.3175182481751825 0.0185546875 0.04525547445255474
0 0.5654296875 0.05620437956204379 0.017578125 0.03065693430656934
0 0.5478515625 0.09124087591240876 0.017578125 0.02773722627737226
0 0.53515625 0.09927007299270073 0.013671875 0.02335766423357664
0 0.529296875 0.14379562043795618 0.015625 0.03357664233576642
0 0.5185546875 0.1532846715328467 0.017578125 0.032116788321167884
0 0.50390625 0.1970802919708029 0.015625 0.02335766423357664
0 0.49609375 0.24233576642335766 0.013671875 0.029197080291970802
0 0.4873046875 0.25255474452554744 0.013671875 0.02335766423357664
0 0.4765625 0.29343065693430653 0.017578125 0.029197080291970802
0 0.4658203125 0.33284671532846716 0.013671875 0.02627737226277372
0 0.44482421875 0.33284671532846716 0.0146484375 0.01751824817518248
0 0.45849609375 0.32919708029197076 0.0087890625 0.024817518248175182
0 0.56640625 0.2503649635036496 0.017578125 0.03941605839416058
0 0.57861328125 0.2481751824817518 0.0146484375 0.03795620437956204
0 0.55419921875 0.30583941605839415 0.0205078125 0.0364963503649635
0 0.55908203125 0.35620437956204376 0.0224609375 0.0437956204379562
0 0.53271484375 0.3708029197080292 0.0244140625 0.04671532846715328
0 0.3232421875 0.19124087591240874 0.017578125 0.02627737226277372
0 0.31201171875 0.22773722627737225 0.0185546875 0.02335766423357664
0 0.2890625 0.28613138686131384 0.013671875 0.020437956204379562
0 0.28076171875 0.3313868613138686 0.0185546875 0.029197080291970802
0 0.34814453125 0.3554744525547445 0.0205078125 0.04525547445255474
0 0.3330078125 0.35474452554744523 0.0234375 0.0437956204379562
0 0.3193359375 0.40510948905109484 0.0234375 0.03357664233576642
0 0.3134765625 0.4313868613138686 0.021484375 0.04525547445255474
0 0.29052734375 0.42700729927007297 0.0224609375 0.04525547445255474
0 0.27587890625 0.47664233576642334 0.0244140625 0.051094890510948905
0 0.35791015625 0.327007299270073 0.0185546875 0.0437956204379562
0 0.43798828125 0.3868613138686131 0.0224609375 0.03795620437956204
0 0.4208984375 0.40875912408759124 0.025390625 0.03503649635036496
0 0.38134765625 0.46642335766423354 0.0185546875 0.0364963503649635
0 0.39892578125 0.46788321167883207 0.0166015625 0.0364963503649635
0 0.52734375 0.42408759124087586 0.025390625 0.03941605839416058
0 0.5224609375 0.4532846715328467 0.0234375 0.0364963503649635
0 0.513671875 0.4773722627737226 0.025390625 0.05255474452554744
0 0.5029296875 0.4817518248175182 0.025390625 0.05255474452554744
0 0.47314453125 0.5240875912408759 0.0244140625 0.0437956204379562
0 0.4677734375 0.5562043795620437 0.0234375 0.05255474452554744
0 0.24365234375 0.3700729927007299 0.0244140625 0.03357664233576642
0 0.21826171875 0.38905109489051093 0.0244140625 0.0364963503649635
0 0.1904296875 0.4372262773722628 0.017578125 0.03941605839416058
0 0.203125 0.4452554744525547 0.01953125 0.032116788321167884
0 0.17578125 0.4620437956204379 0.0234375 0.03941605839416058
0 0.15087890625 0.49562043795620436 0.0185546875 0.03357664233576642
0 0.13134765625 0.5277372262773722 0.0283203125 0.03941605839416058
0 0.13916015625 0.6116788321167883 0.0263671875 0.049635036496350364
0 0.25390625 0.5357664233576642 0.02734375 0.05255474452554744
0 0.22216796875 0.5948905109489051 0.0283203125 0.05693430656934306
0 0.29248046875 0.6328467153284671 0.0263671875 0.03941605839416058
0 0.3623046875 0.6291970802919707 0.029296875 0.03795620437956204
0 0.0869140625 0.5978102189781022 0.029296875 0.03941605839416058
0 0.05029296875 0.6102189781021897 0.0244140625 0.05255474452554744
0 0.45703125 0.6262773722627737 0.02734375 0.05255474452554744
0 0.43603515625 0.6759124087591241 0.0283203125 0.05255474452554744
0 0.56884765625 0.7021897810218978 0.0322265625 0.04671532846715328
0 0.62109375 0.6248175182481751 0.03125 0.04671532846715328
0 0.9033203125 0.06496350364963503 0.015625 0.03065693430656934
0 0.8974609375 0.12043795620437955 0.017578125 0.03065693430656934
0 0.8623046875 0.1875912408759124 0.021484375 0.0364963503649635
0 0.87744140625 0.16058394160583941 0.0166015625 0.029197080291970802
0 0.84326171875 0.21240875912408758 0.0205078125 0.03941605839416058
0 0.85986328125 0.3043795620437956 0.0224609375 0.04525547445255474
0 0.80810546875 0.15401459854014599 0.0166015625 0.0364963503649635
0 0.78369140625 0.17372262773722627 0.0185546875 0.03503649635036496
0 0.7744140625 0.19635036496350364 0.01953125 0.03357664233576642
0 0.78076171875 0.20583941605839415 0.0166015625 0.03795620437956204
0 0.76708984375 0.23284671532846715 0.0205078125 0.04525547445255474
0 0.74462890625 0.29343065693430653 0.0224609375 0.03795620437956204
0 0.744140625 0.3416058394160584 0.01953125 0.040875912408759124
0 0.7451171875 0.3766423357664233 0.01953125 0.0437956204379562
0 0.7294921875 0.418978102189781 0.01953125 0.04671532846715328
0 0.71923828125 0.4284671532846715 0.0224609375 0.04817518248175182
0 0.66552734375 0.2021897810218978 0.0166015625 0.02773722627737226
0 0.66162109375 0.33211678832116787 0.0166015625 0.03357664233576642
0 0.64990234375 0.3452554744525547 0.0166015625 0.03065693430656934
0 0.63818359375 0.38175182481751824 0.0224609375 0.03065693430656934
0 0.70458984375 0.4627737226277372 0.0244140625 0.03503649635036496
0 0.70263671875 0.5321167883211678 0.0263671875 0.05401459854014598
0 0.70947265625 0.5087591240875912 0.0224609375 0.04233576642335766
0 0.71923828125 0.5656934306569342 0.0263671875 0.051094890510948905
0 0.81298828125 0.4985401459854014 0.0263671875 0.03941605839416058
0 0.8310546875 0.5620437956204379 0.025390625 0.040875912408759124
0 0.83544921875 0.6277372262773723 0.0263671875 0.05255474452554744
0 0.82958984375 0.4306569343065693 0.0185546875 0.03795620437956204
0 0.9111328125 0.5722627737226277 0.025390625 0.0437956204379562
0 0.95556640625 0.6481751824817518 0.0224609375 0.049635036496350364
0 0.3701171875 0.12700729927007298 0.015625 0.03503649635036496
0 0.3798828125 0.11386861313868613 0.013671875 0.032116788321167884
