0 0.92041015625 0.35611979166666663 0.0244140625 0.037760416666666664
0 0.94873046875 0.3196614583333333 0.0126953125 0.022135416666666664
0 0.873046875 0.28776041666666663 0.015625 0.0234375
0 0.92138671875 0.23567708333333331 0.0107421875 0.015625
0 0.91455078125 0.16015625 0.0126953125 0.020833333333333332
0 0.85693359375 0.23111979166666666 0.0146484375 0.022135416666666664
0 0.830078125 0.279296875 0.015625 0.03255208333333333
0 0.80615234375 0.345703125 0.0224609375 0.03255208333333333
0 0.845703125 0.4609375 0.021484375 0.033854166666666664
0 0.751953125 0.41471354166666663 0.017578125 0.029947916666666664
0 0.72998046875 0.4544270833333333 0.0146484375 0.026041666666666664
0 0.73681640625 0.32291666666666663 0.0146484375 0.028645833333333332
0 0.7734375 0.30859375 0.013671875 0.026041666666666664
0 0.71728515625 0.16080729166666666 0.0146484375 0.022135416666666664
0 0.76513671875 0.17643229166666666 0.0126953125 0.014322916666666666
0 0.6337890625 0.37109375 0.021484375 0.0390625
0 0.52783203125 0.42643229166666663 0.0224609375 0.03515625
0 0.47119140625 0.34244791666666663 0.0244140625 0.0390625
0 0.4658203125 0.27213541666666663 0.01953125 0.028645833333333332
0 0.4150390625 0.3235677083333333 0.01953125 0.03255208333333333
0 0.419921875 0.271484375 0.01953125 0.029947916666666664
0 0.41796875 0.24544270833333331 0.013671875 0.022135416666666664
0 0.384765625 0.23893229166666666 0.015625 0.024739583333333332
0 0.35302734375 0.3203125 0.0205078125 0.033854166666666664
0 0.33251953125 0.24869791666666666 0.0126953125 0.020833333333333332
0 0.53857421875 0.17513020833333331 0.0126953125 0.024739583333333332
0 0.52197265625 0.14778645833333331 0.0146484375 0.022135416666666664
0 0.4072265625 0.14518229166666666 0.015625 0.01953125
0 0.57421875 0.251953125 0.013671875 0.022135416666666664
0 0.2587890625 0.14973958333333331 0.013671875 0.0234375
0 0.21337890625 0.134765625 0.0146484375 0.022135416666666664
0 0.19091796875 0.28125 0.0185546875 0.028645833333333332
0 0.208984375 0.255859375 0.01171875 0.01953125
0 0.28076171875 0.27604166666666663 0.0205078125 0.03125
0 0.2666015625 0.35221354166666663 0.0234375 0.03515625
0 0.25927734375 0.31119791666666663 0.0166015625 0.028645833333333332
0 0.1630859375 0.439453125 0.025390625 0.03255208333333333
0 0.10009765625 0.29557291666666663 0.0263671875 0.0390625
0 0.0283203125 0.484375 0.02734375 0.0390625
0 0.03271484375 0.267578125 0.0224609375 0.03515625
0 0.0595703125 0.12955729166666666 0.015625 0.024739583333333332
0 0.015625 0.15690104166666666 0.01171875 0.016927083333333332
0 0.21728515625 0.21354166666666666 0.0126953125 0.020833333333333332
