0 0.93603515625 0.28075253256150506 0.0400390625 0.06946454413892908
0 0.853515625 0.28075253256150506 0.029296875 0.05209840810419681
0 0.76806640625 0.2727930535455861 0.0380859375 0.06512301013024602
0 0.6337890625 0.23371924746743847 0.046875 0.07959479015918958
0 0.3154296875 0.14327062228654122 0.048828125 0.08393632416787264
0 0.4609375 0.20549927641099855 0.05078125 0.0984081041968162
0 0.16650390625 0.22431259044862517 0.0361328125 0.08104196816208394
0 0.1630859375 0.3060781476121563 0.029296875 0.06512301013024602
0 0.0859375 0.3306801736613603 0.0234375 0.05643994211287988
0 0.5869140625 0.3784370477568741 0.0078125 0.015918958031837915
