0 0.99365234375 0.4049707602339181 0.0126953125 0.023391812865497075
0 0.98876953125 0.38596491228070173 0.0126953125 0.023391812865497075
0 0.9208984375 0.39985380116959063 0.015625 0.024853801169590642
0 0.90234375 0.39985380116959063 0.013671875 0.021929824561403508
0 0.8916015625 0.37646198830409355 0.01171875 0.019005847953216373
0 0.7607421875 0.43128654970760233 0.009765625 0.017543859649122806
0 0.728515625 0.37938596491228066 0.009765625 0.019005847953216373
0 0.71435546875 0.3837719298245614 0.0087890625 0.01608187134502924
0 0.705078125 0.39692982456140347 0.009765625 0.019005847953216373
0 0.4638671875 0.266812865497076 0.0234375 0.04239766081871345
0 0.34228515625 0.375 0.0126953125 0.027777777777777776
0 0.796875 0.4100877192982456 0.009765625 0.021929824561403508
0 0.83251953125 0.4437134502923976 0.0107421875 0.019005847953216373
0 0.318359375 0.29970760233918126 0.013671875 0.03216374269005848
