0 0.24853515625 0.5790861159929701 0.0146484375 0.03339191564147627
0 0.49365234375 0.624780316344464 0.0166015625 0.040421792618629174
0 0.42822265625 0.5500878734622143 0.0126953125 0.03163444639718805
0 0.228515625 0.5702987697715289 0.015625 0.03339191564147627
0 0.20654296875 0.5562390158172231 0.0146484375 0.029876977152899824
0 0.18408203125 0.5483304042179261 0.0146484375 0.028119507908611598
0 0.162109375 0.5298769771528998 0.013671875 0.029876977152899824
0 0.31787109375 0.5667838312829525 0.0126953125 0.03339191564147627
0 0.28857421875 0.5544815465729349 0.0126953125 0.03339191564147627
0 0.259765625 0.5456942003514939 0.01171875 0.029876977152899824
0 0.23583984375 0.5369068541300527 0.0126953125 0.029876977152899824
0 0.2138671875 0.523725834797891 0.01171875 0.028119507908611598
0 0.193359375 0.5140597539543058 0.01171875 0.02636203866432337
0 0.17529296875 0.5035149384885764 0.0107421875 0.02636203866432337
0 0.37353515625 0.5536028119507909 0.0146484375 0.035149384885764495
0 0.34423828125 0.5518453427065027 0.0146484375 0.03163444639718805
0 0.32177734375 0.531634446397188 0.0126953125 0.029876977152899824
0 0.2958984375 0.5272407732864675 0.01171875 0.028119507908611598
0 0.267578125 0.5184534270650263 0.01171875 0.028119507908611598
0 0.2470703125 0.5043936731107206 0.01171875 0.028119507908611598
0 0.2255859375 0.4964850615114235 0.01171875 0.029876977152899824
0 0.20263671875 0.4841827768014059 0.0087890625 0.02636203866432337
0 0.17919921875 0.4780316344463972 0.0107421875 0.0210896309314587
0 0.18798828125 0.44727592267135324 0.0107421875 0.022847100175746923
0 0.2080078125 0.45694200351493847 0.009765625 0.0210896309314587
0 0.2138671875 0.42970123022847095 0.009765625 0.019332161687170474
0 0.1376953125 0.5210896309314587 0.01171875 0.02636203866432337
0 0.11767578125 0.5096660808435852 0.0107421875 0.02460456942003515
0 0.10107421875 0.49824253075571173 0.0107421875 0.02636203866432337
0 0.0810546875 0.49209138840070293 0.009765625 0.02460456942003515
0 0.06201171875 0.4797891036906854 0.0107421875 0.02460456942003515
0 0.04833984375 0.4710017574692443 0.0107421875 0.02460456942003515
0 0.07861328125 0.45430579964850615 0.0107421875 0.022847100175746923
0 0.09228515625 0.46309314586994726 0.0107421875 0.02636203866432337
0 0.11083984375 0.4736379613356766 0.0107421875 0.022847100175746923
0 0.11865234375 0.44463971880492087 0.0107421875 0.02460456942003515
0 0.138671875 0.45518453427065025 0.01171875 0.02460456942003515
0 0.12744140625 0.4850615114235501 0.0107421875 0.02460456942003515
0 0.02490234375 0.4586994727592267 0.0107421875 0.02460456942003515
0 0.16796875 0.43760984182776796 0.009765625 0.0210896309314587
0 0.1552734375 0.4674868189806678 0.009765625 0.02460456942003515
0 0.1494140625 0.4964850615114235 0.01171875 0.022847100175746923
0 0.22900390625 0.47012302284710017 0.0107421875 0.022847100175746923
0 0.2353515625 0.44376098418277676 0.009765625 0.022847100175746923
0 0.2626953125 0.4253075571177504 0.009765625 0.0210896309314587
0 0.255859375 0.44991212653778556 0.0078125 0.0210896309314587
0 0.283203125 0.43673110720562386 0.009765625 0.022847100175746923
0 0.27392578125 0.4586994727592267 0.0107421875 0.0210896309314587
0 0.31005859375 0.42179261862917394 0.0087890625 0.02460456942003515
0 0.30419921875 0.44815465729349735 0.0107421875 0.02460456942003515
0 0.29736328125 0.4710017574692443 0.0107421875 0.02460456942003515
0 0.2509765625 0.4797891036906854 0.009765625 0.02460456942003515
0 0.2734375 0.4912126537785588 0.009765625 0.022847100175746923
0 0.29541015625 0.49999999999999994 0.0107421875 0.022847100175746923
0 0.31689453125 0.5096660808435852 0.0107421875 0.0210896309314587
0 0.341796875 0.5210896309314587 0.009765625 0.022847100175746923
0 0.32666015625 0.4815465729349736 0.0087890625 0.02460456942003515
0 0.34912109375 0.4903339191564147 0.0107421875 0.0210896309314587
0 0.37255859375 0.49824253075571173 0.0087890625 0.022847100175746923
0 0.32421875 0.453427065026362 0.009765625 0.0210896309314587
0 0.3544921875 0.46221441124780316 0.009765625 0.0210896309314587
0 0.375 0.469244288224956 0.009765625 0.0210896309314587
0 0.33154296875 0.4305799648506151 0.0087890625 0.02460456942003515
0 0.34912109375 0.4384885764499121 0.0087890625 0.019332161687170474
0 0.35498046875 0.4165202108963093 0.0087890625 0.0210896309314587
0 0.3984375 0.539543057996485 0.01171875 0.028119507908611598
0 0.39892578125 0.5105448154657293 0.0087890625 0.019332161687170474
0 0.42822265625 0.5193321616871704 0.0126953125 0.022847100175746923
0 0.40234375 0.4833040421792618 0.01171875 0.0210896309314587
0 0.3955078125 0.4586994727592267 0.009765625 0.0210896309314587
0 0.37451171875 0.445518453427065 0.0087890625 0.019332161687170474
0 0.3779296875 0.42267135325131805 0.009765625 0.019332161687170474
0 0.39892578125 0.4112478031634446 0.0087890625 0.017574692442882248
0 0.4013671875 0.43409490333919154 0.009765625 0.017574692442882248
0 0.4189453125 0.4165202108963093 0.009765625 0.017574692442882248
0 0.42431640625 0.44376098418277676 0.0087890625 0.019332161687170474
0 0.4228515625 0.46221441124780316 0.01171875 0.0210896309314587
0 0.4248046875 0.4903339191564147 0.01171875 0.0210896309314587
0 0.4921875 0.5369068541300527 0.01171875 0.029876977152899824
0 0.4599609375 0.5246045694200351 0.01171875 0.029876977152899824
0 0.44921875 0.49912126537785584 0.01171875 0.0210896309314587
0 0.4482421875 0.4718804920913884 0.009765625 0.019332161687170474
0 0.4462890625 0.45518453427065025 0.009765625 0.017574692442882248
0 0.44384765625 0.42970123022847095 0.0087890625 0.019332161687170474
0 0.44384765625 0.4050966608084358 0.0107421875 0.019332161687170474
0 0.48388671875 0.5052724077328646 0.0126953125 0.02636203866432337
0 0.4736328125 0.4868189806678383 0.01171875 0.0210896309314587
0 0.47265625 0.4595782073813708 0.01171875 0.022847100175746923
0 0.46630859375 0.44200351493848855 0.0107421875 0.019332161687170474
0 0.46875 0.41476274165202104 0.009765625 0.017574692442882248
0 0.54736328125 0.5281195079086116 0.0146484375 0.029876977152899824
0 0.51318359375 0.5166959578207381 0.0126953125 0.02460456942003515
0 0.50048828125 0.4903339191564147 0.0126953125 0.02460456942003515
0 0.4970703125 0.4718804920913884 0.009765625 0.022847100175746923
0 0.49267578125 0.44639718804920914 0.0107421875 0.0210896309314587
0 0.490234375 0.4235500878734622 0.009765625 0.0210896309314587
0 0.48291015625 0.3980667838312829 0.0107421875 0.022847100175746923
0 0.59912109375 0.5228471001757469 0.0126953125 0.029876977152899824
0 0.56884765625 0.5061511423550088 0.0126953125 0.028119507908611598
0 0.529296875 0.49824253075571173 0.013671875 0.029876977152899824
0 0.5224609375 0.4753954305799648 0.01171875 0.022847100175746923
0 0.5166015625 0.4586994727592267 0.01171875 0.0210896309314587
0 0.51220703125 0.43233743409490333 0.0107421875 0.0210896309314587
0 0.50732421875 0.4130052724077328 0.0087890625 0.017574692442882248
0 0.6572265625 0.5131810193321616 0.013671875 0.03163444639718805
0 0.61962890625 0.500878734622144 0.0126953125 0.028119507908611598
0 0.60205078125 0.4780316344463972 0.0107421875 0.02460456942003515
0 0.5869140625 0.4964850615114235 0.01171875 0.02636203866432337
0 0.57177734375 0.47012302284710017 0.0107421875 0.02636203866432337
0 0.55517578125 0.4841827768014059 0.0126953125 0.02636203866432337
0 0.54541015625 0.46309314586994726 0.0107421875 0.022847100175746923
0 0.5400390625 0.44024604569420034 0.009765625 0.019332161687170474
0 0.53173828125 0.42179261862917394 0.0087890625 0.0210896309314587
0 0.52685546875 0.398945518453427 0.0087890625 0.017574692442882248
0 0.7080078125 0.5105448154657293 0.01171875 0.02636203866432337
0 0.67333984375 0.4973637961335676 0.0107421875 0.02460456942003515
0 0.63525390625 0.4885764499121265 0.0107421875 0.028119507908611598
0 0.62353515625 0.4657293497363796 0.0107421875 0.02460456942003515
0 0.5966796875 0.4586994727592267 0.01171875 0.0210896309314587
0 0.583984375 0.43585237258347975 0.009765625 0.0210896309314587
0 0.55859375 0.42706502636203864 0.009765625 0.0210896309314587
0 0.5556640625 0.4050966608084358 0.0078125 0.015817223198594025
0 0.689453125 0.4806678383128295 0.009765625 0.022847100175746923
0 0.65771484375 0.4710017574692443 0.0107421875 0.0210896309314587
0 0.640625 0.45079086115992967 0.009765625 0.022847100175746923
0 0.61376953125 0.44200351493848855 0.0107421875 0.022847100175746923
0 0.7255859375 0.4894551845342706 0.01171875 0.02636203866432337
0 0.701171875 0.4648506151142355 0.01171875 0.022847100175746923
0 0.6689453125 0.4595782073813708 0.009765625 0.019332161687170474
0 0.71875 0.44903339191564146 0.009765625 0.022847100175746923
0 0.6904296875 0.44200351493848855 0.009765625 0.022847100175746923
0 0.65673828125 0.43497363796133565 0.0107421875 0.022847100175746923
0 0.6328125 0.42706502636203864 0.009765625 0.0210896309314587
0 0.60595703125 0.4191564147627416 0.0087890625 0.019332161687170474
0 0.58154296875 0.41476274165202104 0.0087890625 0.014059753954305799
0 0.86376953125 0.6300527240773286 0.0146484375 0.03339191564147627
0 0.951171875 0.5518453427065027 0.013671875 0.03163444639718805
0 0.76416015625 0.49999999999999994 0.0126953125 0.02636203866432337
0 0.74169921875 0.4780316344463972 0.0126953125 0.028119507908611598
0 0.75390625 0.45606326889279436 0.01171875 0.02636203866432337
0 0.7822265625 0.4841827768014059 0.01171875 0.02636203866432337
0 0.791015625 0.47012302284710017 0.009765625 0.02636203866432337
0 0.822265625 0.4885764499121265 0.01171875 0.028119507908611598
0 0.83203125 0.4753954305799648 0.01171875 0.029876977152899824
0 0.875 0.4824253075571177 0.01171875 0.02636203866432337
0 0.9697265625 0.398945518453427 0.009765625 0.017574692442882248
0 0.5908203125 0.3541300527240773 0.005859375 0.012302284710017574
0 0.57763671875 0.3532513181019332 0.0068359375 0.014059753954305799
0 0.56201171875 0.34270650263620384 0.0068359375 0.017574692442882248
0 0.20849609375 0.26362038664323373 0.0048828125 0.01054481546572935
0 0.1982421875 0.26362038664323373 0.00390625 0.01054481546572935
0 0.1904296875 0.2601054481546573 0.005859375 0.01054481546572935
0 0.94384765625 0.3304042179261863 0.0048828125 0.014059753954305799
0 0.9296875 0.34270650263620384 0.005859375 0.014059753954305799
0 0.90869140625 0.3391915641476274 0.0048828125 0.014059753954305799
0 0.88525390625 0.34182776801405973 0.0048828125 0.012302284710017574
0 0.86962890625 0.3277680140597539 0.0068359375 0.012302284710017574
0 0.8583984375 0.3541300527240773 0.005859375 0.008787346221441124
0 0.8466796875 0.320738137082601 0.005859375 0.012302284710017574
0 0.85791015625 0.3242530755711775 0.0048828125 0.012302284710017574
0 0.89013671875 0.3163444639718805 0.0029296875 0.01054481546572935
0 0.9130859375 0.3198594024604569 0.005859375 0.01054481546572935
0 0.90869140625 0.3119507908611599 0.0048828125 0.012302284710017574
0 0.94140625 0.30052724077328646 0.005859375 0.01054481546572935
0 0.93115234375 0.29437609841827767 0.0048828125 0.008787346221441124
0 0.865234375 0.2978910369068541 0.005859375 0.012302284710017574
0 0.88818359375 0.3022847100175747 0.0048828125 0.014059753954305799
0 0.87646484375 0.28558875219683655 0.0048828125 0.012302284710017574
0 0.90771484375 0.29173989455184535 0.0048828125 0.01054481546572935
0 0.9345703125 0.320738137082601 0.0078125 0.012302284710017574
0 0.91796875 0.29525483304042177 0.00390625 0.01054481546572935
0 0.72314453125 0.3040421792618629 0.0068359375 0.014059753954305799
0 0.74560546875 0.3224956063268893 0.0048828125 0.008787346221441124
0 0.779296875 0.3057996485061511 0.00390625 0.01054481546572935
0 0.7744140625 0.30140597539543057 0.00390625 0.008787346221441124
0 0.7646484375 0.3057996485061511 0.005859375 0.01054481546572935
0 0.75830078125 0.2899824253075571 0.0048828125 0.01054481546572935
0 0.7392578125 0.30052724077328646 0.005859375 0.01054481546572935
0 0.74609375 0.29173989455184535 0.00390625 0.01054481546572935
0 0.79296875 0.289103690685413 0.00390625 0.012302284710017574
0 0.7880859375 0.28822495606326887 0.005859375 0.01054481546572935
0 0.73779296875 0.28207381370826007 0.0029296875 0.012302284710017574
0 0.7099609375 0.29349736379613356 0.005859375 0.01054481546572935
0 0.716796875 0.2908611599297012 0.00390625 0.008787346221441124
0 0.69580078125 0.30140597539543057 0.0048828125 0.008787346221441124
0 0.69091796875 0.3022847100175747 0.0048828125 0.01054481546572935
0 0.6806640625 0.2908611599297012 0.005859375 0.008787346221441124
0 0.6494140625 0.29525483304042177 0.00390625 0.01054481546572935
0 0.84619140625 0.27855887521968364 0.0048828125 0.012302284710017574
0 0.80029296875 0.27152899824253074 0.0048828125 0.008787346221441124
0 0.80615234375 0.289103690685413 0.0029296875 0.008787346221441124
0 0.80712890625 0.3040421792618629 0.0048828125 0.014059753954305799
0 0.8701171875 0.2680140597539543 0.00390625 0.008787346221441124
0 0.81591796875 0.28646748681898065 0.0048828125 0.01054481546572935
0 0.814453125 0.3145869947275923 0.005859375 0.01054481546572935
0 0.93701171875 0.24340949033391915 0.0048828125 0.008787346221441124
0 0.95654296875 0.25746924428822493 0.0048828125 0.012302284710017574
0 0.96533203125 0.2759226713532513 0.0048828125 0.01054481546572935
0 0.95849609375 0.2759226713532513 0.0048828125 0.01054481546572935
0 0.98291015625 0.3189806678383128 0.0068359375 0.012302284710017574
0 0.97900390625 0.3462214411247803 0.0048828125 0.014059753954305799
0 0.96630859375 0.34358523725834794 0.0048828125 0.012302284710017574
0 0.96044921875 0.3312829525483304 0.0048828125 0.012302284710017574
0 0.97265625 0.2565905096660808 0.00390625 0.014059753954305799
0 0.93115234375 0.2416520210896309 0.0029296875 0.008787346221441124
0 0.85205078125 0.26362038664323373 0.0048828125 0.007029876977152899
0 0.8984375 0.26713532513181015 0.00390625 0.01054481546572935
0 0.9521484375 0.3304042179261863 0.005859375 0.01054481546572935
0 0.76611328125 0.2829525483304042 0.0048828125 0.01054481546572935
0 0.70068359375 0.28558875219683655 0.0048828125 0.008787346221441124
0 0.63916015625 0.2978910369068541 0.0029296875 0.008787346221441124
0 0.89697265625 0.28646748681898065 0.0029296875 0.01054481546572935
0 0.8349609375 0.27855887521968364 0.005859375 0.012302284710017574
0 0.99462890625 0.24340949033391915 0.0048828125 0.008787346221441124
0 0.9970703125 0.3347978910369068 0.005859375 0.015817223198594025
0 0.87060546875 0.3145869947275923 0.0048828125 0.01054481546572935
0 0.716796875 0.312829525483304 0.00390625 0.01054481546572935
0 0.01123046875 0.2697715289982425 0.0068359375 0.012302284710017574
0 0.0283203125 0.312829525483304 0.005859375 0.01054481546572935
0 0.0673828125 0.2908611599297012 0.005859375 0.012302284710017574
0 0.134765625 0.09314586994727592 0.00390625 0.01054481546572935
