0 0.33642578125 0.48205546492659057 0.0205078125 0.04404567699836868
0 0.51123046875 0.4877650897226754 0.0205078125 0.048939641109298535
0 0.16015625 0.4698205546492659 0.0234375 0.052202283849918436
0 0.068359375 0.46655791190864604 0.0234375 0.03588907014681893
0 0.712890625 0.49429037520391517 0.009765625 0.02936378466557912
0 0.826171875 0.6419249592169658 0.005859375 0.017944535073409464
0 0.8427734375 0.4975530179445351 0.005859375 0.013050570962479609
0 0.8291015625 0.4902120717781403 0.005859375 0.011419249592169658
0 0.81689453125 0.49347471451876024 0.0048828125 0.011419249592169658
0 0.80517578125 0.49347471451876024 0.0048828125 0.011419249592169658
0 0.79541015625 0.49918433931484507 0.0048828125 0.009787928221859707
0 0.77490234375 0.5024469820554649 0.0048828125 0.009787928221859707
0 0.751953125 0.49592169657422513 0.005859375 0.009787928221859707
0 0.880859375 0.4877650897226754 0.00390625 0.009787928221859707
0 0.90087890625 0.48287112561174556 0.0048828125 0.009787928221859707
0 0.93212890625 0.48368678629690054 0.0048828125 0.011419249592169658
0 0.90966796875 0.4616639477977162 0.0048828125 0.009787928221859707
0 0.8935546875 0.4551386623164764 0.00390625 0.009787928221859707
0 0.87548828125 0.45921696574225124 0.0048828125 0.011419249592169658
0 0.85302734375 0.4600326264274062 0.0048828125 0.009787928221859707
0 0.83642578125 0.4616639477977162 0.0048828125 0.009787928221859707
0 0.8125 0.45840130505709625 0.00390625 0.0065252854812398045
0 0.822265625 0.435562805872757 0.00390625 0.009787928221859707
0 0.8681640625 0.4437194127243067 0.00390625 0.009787928221859707
0 0.88916015625 0.4437194127243067 0.0048828125 0.009787928221859707
0 0.92919921875 0.435562805872757 0.0048828125 0.009787928221859707
0 0.92138671875 0.4168026101141925 0.0048828125 0.011419249592169658
0 0.9365234375 0.4143556280587276 0.00390625 0.009787928221859707
0 0.97607421875 0.39314845024469824 0.0048828125 0.013050570962479609
0 0.90966796875 0.4371941272430669 0.0048828125 0.009787928221859707
0 0.8896484375 0.42251223491027734 0.00390625 0.009787928221859707
0 0.87158203125 0.4110929853181077 0.0048828125 0.009787928221859707
0 0.76708984375 0.4771615008156607 0.0048828125 0.008156606851549756
0 0.75244140625 0.4551386623164764 0.0048828125 0.0065252854812398045
0 0.79052734375 0.45840130505709625 0.0048828125 0.009787928221859707
0 0.78466796875 0.47634584013050574 0.0048828125 0.009787928221859707
0 0.7705078125 0.4551386623164764 0.00390625 0.009787928221859707
0 0.77294921875 0.43964110929853184 0.0029296875 0.008156606851549756
0 0.73291015625 0.45595432300163136 0.0048828125 0.008156606851549756
0 0.70263671875 0.4641109298531811 0.0048828125 0.008156606851549756
0 0.66552734375 0.48287112561174556 0.0048828125 0.009787928221859707
0 0.65380859375 0.500815660685155 0.0048828125 0.0065252854812398045
0 0.634765625 0.4983686786296901 0.00390625 0.008156606851549756
0 0.638671875 0.4812398042414356 0.00390625 0.009787928221859707
0 0.6416015625 0.45921696574225124 0.00390625 0.008156606851549756
0 0.65478515625 0.4608482871125612 0.0048828125 0.008156606851549756
0 0.8408203125 0.4306688417618271 0.00390625 0.009787928221859707
0 0.849609375 0.41272430668841764 0.00390625 0.0065252854812398045
0 0.6708984375 0.4600326264274062 0.00390625 0.0065252854812398045
0 0.67236328125 0.4371941272430669 0.0029296875 0.009787928221859707
0 0.65771484375 0.43964110929853184 0.0029296875 0.008156606851549756
0 0.61279296875 0.500815660685155 0.0029296875 0.0065252854812398045
0 0.62158203125 0.4804241435562806 0.0029296875 0.008156606851549756
0 0.56787109375 0.49429037520391517 0.0029296875 0.0065252854812398045
0 0.5703125 0.4771615008156607 0.00390625 0.008156606851549756
0 0.5888671875 0.4632952691680261 0.00390625 0.009787928221859707
0 0.6240234375 0.4600326264274062 0.00390625 0.0065252854812398045
0 0.5166015625 0.42088091353996737 0.00390625 0.0065252854812398045
0 0.5048828125 0.4233278955954323 0.00390625 0.008156606851549756
0 0.49169921875 0.42006525285481244 0.0029296875 0.008156606851549756
0 0.47607421875 0.42169657422512236 0.0029296875 0.008156606851549756
0 0.48583984375 0.4543230016313214 0.0029296875 0.008156606851549756
0 0.533203125 0.4233278955954323 0.00390625 0.008156606851549756
0 0.53515625 0.4600326264274062 0.00390625 0.0065252854812398045
0 0.5205078125 0.4437194127243067 0.00390625 0.0065252854812398045
0 0.1201171875 0.4543230016313214 0.00390625 0.008156606851549756
0 0.06640625 0.3621533442088091 0.00390625 0.009787928221859707
0 0.0107421875 0.3548123980424144 0.00390625 0.008156606851549756
0 0.0234375 0.35644371941272435 0.00390625 0.008156606851549756
0 0.03515625 0.3548123980424144 0.00390625 0.008156606851549756
0 0.0712890625 0.3523654159869494 0.00390625 0.0065252854812398045
0 0.07958984375 0.3629690048939641 0.0029296875 0.008156606851549756
0 0.03173828125 0.5154975530179445 0.0048828125 0.009787928221859707
0 0.013671875 0.5130505709624796 0.00390625 0.011419249592169658
0 0.03369140625 0.40946166394779776 0.0048828125 0.009787928221859707
0 0.03125 0.3939641109298532 0.00390625 0.008156606851549756
0 0.1376953125 0.4526916802610114 0.00390625 0.008156606851549756
0 0.017578125 0.46818923327895595 0.00390625 0.0065252854812398045
