0 0.02685546875 0.6414670658682635 0.0048828125 0.01347305389221557
0 0.0224609375 0.5561377245508983 0.021484375 0.04341317365269461
0 0.04736328125 0.6294910179640719 0.0087890625 0.019461077844311378
0 0.0830078125 0.6362275449101796 0.01171875 0.02095808383233533
0 0.11572265625 0.6384730538922156 0.0107421875 0.02245508982035928
0 0.14111328125 0.6601796407185629 0.0048828125 0.008982035928143714
0 0.16015625 0.6654191616766467 0.005859375 0.010479041916167666
0 0.17041015625 0.658682634730539 0.0048828125 0.008982035928143714
0 0.22705078125 0.6377245508982037 0.0068359375 0.008982035928143714
0 0.2578125 0.6422155688622755 0.00390625 0.008982035928143714
0 0.26513671875 0.6504491017964072 0.0048828125 0.010479041916167666
0 0.275390625 0.6399700598802396 0.005859375 0.01347305389221557
0 0.287109375 0.624251497005988 0.009765625 0.014970059880239521
0 0.296875 0.6444610778443114 0.005859375 0.016467065868263474
0 0.30712890625 0.6384730538922156 0.0126953125 0.019461077844311378
0 0.32373046875 0.6085329341317366 0.0146484375 0.028443113772455092
0 0.345703125 0.6017964071856288 0.013671875 0.029940119760479042
0 0.365234375 0.627994011976048 0.01171875 0.019461077844311378
0 0.384765625 0.6092814371257486 0.015625 0.03293413173652695
0 0.4267578125 0.5681137724550899 0.021484375 0.04640718562874252
0 0.4912109375 0.5351796407185629 0.03125 0.06137724550898204
0 0.583984375 0.4625748502994012 0.037109375 0.07185628742514971
0 0.76416015625 0.34056886227544914 0.0615234375 0.12125748502994013
0 0.2392578125 0.6474550898203594 0.001953125 0.004491017964071857
0 0.39501953125 0.6010479041916168 0.0107421875 0.02544910179640719
