0 0.91162109375 0.35546875 0.0322265625 0.046875
0 0.8837890625 0.3515625 0.02734375 0.04427083333333333
0 0.62109375 0.3046875 0.025390625 0.046875
0 0.37255859375 0.22330729166666666 0.0419921875 0.06380208333333333
0 0.04052734375 0.29557291666666663 0.0244140625 0.04427083333333333
0 0.08154296875 0.3359375 0.0224609375 0.03645833333333333
0 0.21484375 0.39908854166666663 0.0078125 0.014322916666666666
0 0.15869140625 0.37369791666666663 0.0107421875 0.018229166666666664
0 0.24951171875 0.4140625 0.0087890625 0.013020833333333332
0 0.23583984375 0.4036458333333333 0.0068359375 0.010416666666666666
0 0.36328125 0.416015625 0.005859375 0.009114583333333332
0 0.4296875 0.41666666666666663 0.005859375 0.010416666666666666
0 0.60107421875 0.4290364583333333 0.0068359375 0.009114583333333332
0 0.56689453125 0.4231770833333333 0.0068359375 0.010416666666666666
0 0.5302734375 0.40690104166666663 0.005859375 0.01171875
0 0.5 0.42057291666666663 0.005859375 0.0078125
0 0.74755859375 0.443359375 0.0068359375 0.009114583333333332
0 0.7666015625 0.44401041666666663 0.005859375 0.010416666666666666
