0 0.2568359375 0.7092013888888888 0.0078125 0.008680555555555556
0 0.45361328125 0.6840277777777778 0.0068359375 0.017361111111111112
0 0.49609375 0.7326388888888888 0.005859375 0.013888888888888888
0 0.51611328125 0.6805555555555555 0.0048828125 0.013888888888888888
0 0.53515625 0.6319444444444444 0.00390625 0.013888888888888888
0 0.63818359375 0.6475694444444444 0.0048828125 0.010416666666666666
0 0.67919921875 0.6371527777777778 0.0048828125 0.013888888888888888
0 0.67724609375 0.7395833333333333 0.0068359375 0.010416666666666666
0 0.7685546875 0.6241319444444444 0.005859375 0.012152777777777776
0 0.22119140625 0.6180555555555555 0.0048828125 0.010416666666666666
0 0.2529296875 0.6223958333333333 0.005859375 0.008680555555555556
0 0.37841796875 0.6232638888888888 0.0048828125 0.010416666666666666
0 0.4619140625 0.6362847222222222 0.00390625 0.008680555555555556
0 0.4375 0.5737847222222222 0.005859375 0.012152777777777776
0 0.7841796875 0.6354166666666666 0.00390625 0.006944444444444444
0 0.97509765625 0.6388888888888888 0.0048828125 0.010416666666666666
0 0.10205078125 0.6258680555555555 0.0029296875 0.008680555555555556
0 0.12158203125 0.6310763888888888 0.0048828125 0.008680555555555556
