0 0.1904296875 0.4280469897209985 0.015625 0.02790014684287812
0 0.2236328125 0.49045521292217326 0.017578125 0.041116005873715125
0 0.23779296875 0.4816446402349486 0.0185546875 0.032305433186490456
0 0.5 0.527165932452276 0.025390625 0.05580029368575624
0 0.50341796875 0.5345080763582966 0.0244140625 0.05286343612334801
0 0.51416015625 0.5726872246696035 0.0283203125 0.035242290748898675
0 0.58544921875 0.5337738619676945 0.0302734375 0.06314243759177679
0 0.57958984375 0.4375917767988252 0.0322265625 0.06167400881057268
0 0.64013671875 0.4199706314243759 0.0322265625 0.06461086637298091
0 0.0947265625 0.8355359765051394 0.01171875 0.023494860499265784
0 0.08740234375 0.8201174743024963 0.0166015625 0.01908957415565345
0 0.88134765625 0.18355359765051393 0.1591796875 0.27606461086637296
0 0.3974609375 0.32819383259911894 0.115234375 0.19823788546255505
0 0.1728515625 0.5374449339207048 0.013671875 0.026431718061674006
