0 0.9013671875 0.4728340675477239 0.02734375 0.049926578560939794
0 0.88720703125 0.41703377386196766 0.0087890625 0.017621145374449337
0 0.8798828125 0.4977973568281938 0.01953125 0.0381791483113069
0 0.810546875 0.46402349486049926 0.03125 0.05580029368575624
0 0.87255859375 0.395007342143906 0.0087890625 0.023494860499265784
0 0.7724609375 0.42217327459618204 0.0078125 0.016152716593245228
0 0.720703125 0.5734214390602056 0.0234375 0.04845814977973568
0 0.71630859375 0.2775330396475771 0.0263671875 0.04698972099853157
0 0.6220703125 0.30616740088105726 0.033203125 0.04845814977973568
0 0.52001953125 0.4941262848751835 0.0361328125 0.06314243759177679
0 0.39404296875 0.5007342143906021 0.0205078125 0.05286343612334801
0 0.30810546875 0.5881057268722467 0.0341796875 0.057268722466960346
