0 0.13037109375 0.3938802083333333 0.0380859375 0.07161458333333333
0 0.203125 0.376953125 0.041015625 0.06901041666666666
0 0.29345703125 0.3626302083333333 0.0361328125 0.07161458333333333
0 0.396484375 0.33854166666666663 0.0390625 0.07291666666666666
0 0.4814453125 0.34049479166666663 0.0390625 0.06640625
0 0.5703125 0.3450520833333333 0.037109375 0.06510416666666666
0 0.6484375 0.38346354166666663 0.0390625 0.06640625
0 0.732421875 0.40690104166666663 0.04296875 0.06901041666666666
0 0.80419921875 0.404296875 0.0478515625 0.07161458333333333
0 0.884765625 0.353515625 0.052734375 0.08463541666666666
