0 0.0224609375 0.2528223410576352 0.01953125 0.018419489007724305
0 0.1171875 0.2427213309566251 0.0234375 0.017231134878193704
0 0.02392578125 0.19251336898395724 0.0126953125 0.008318478906714201
0 0.0224609375 0.17201426024955438 0.01171875 0.008912655971479501
0 0.04638671875 0.16696375519904932 0.0087890625 0.007130124777183601
0 0.00830078125 0.19132501485442663 0.0126953125 0.008318478906714201
0 0.01513671875 0.15240641711229946 0.0087890625 0.0077243018419489015
0 0.0869140625 0.14646464646464646 0.0078125 0.005347593582887701
0 0.13330078125 0.14705882352941177 0.0107421875 0.006535947712418301
0 0.15576171875 0.14111705288175877 0.0087890625 0.006535947712418301
0 0.11865234375 0.15715983363042188 0.0126953125 0.010101010101010102
0 0.1171875 0.173202614379085 0.01171875 0.008912655971479501
0 0.158203125 0.18092691622103388 0.01171875 0.011289364230540702
0 0.17626953125 0.17973856209150327 0.0126953125 0.0077243018419489015
0 0.1787109375 0.1939988116458705 0.01171875 0.008912655971479501
0 0.13720703125 0.21004159239453357 0.0146484375 0.011289364230540702
0 0.17724609375 0.20707070707070707 0.0126953125 0.011289364230540702
0 0.24462890625 0.1975638740344623 0.0126953125 0.012477718360071301
0 0.240234375 0.179144385026738 0.015625 0.010101010101010102
0 0.2607421875 0.15864527629233513 0.013671875 0.008318478906714201
0 0.27685546875 0.13131313131313133 0.0107421875 0.007130124777183601
0 0.2646484375 0.13131313131313133 0.0078125 0.007130124777183601
0 0.2900390625 0.12863933452168747 0.0078125 0.006535947712418301
0 0.28955078125 0.15002970885323827 0.0068359375 0.006535947712418301
0 0.30419921875 0.14171122994652408 0.0087890625 0.0077243018419489015
0 0.37890625 0.12150920974450387 0.009765625 0.006535947712418301
0 0.40283203125 0.12002376708259062 0.0087890625 0.007130124777183601
0 0.421875 0.11705288175876412 0.009765625 0.007130124777183601
0 0.115234375 0.42424242424242425 0.04296875 0.033273915626856804
0 0.119140625 0.5056446821152704 0.056640625 0.04278074866310161
0 0.34228515625 0.5344622697563874 0.0693359375 0.05050505050505051
0 0.3330078125 0.410873440285205 0.044921875 0.0338680926916221
0 0.43505859375 0.46910279263220445 0.0498046875 0.040998217468805706
0 0.45556640625 0.4275103980986334 0.0439453125 0.036244800950683304
0 0.54638671875 0.5392156862745099 0.0634765625 0.046939988116458706
0 0.708984375 0.4548425430778372 0.056640625 0.04337492572786691
0 0.46484375 0.26351752822341057 0.025390625 0.021984551396316103
0 0.546875 0.2534165181224005 0.025390625 0.021984551396316103
0 0.6435546875 0.24420677361853835 0.0234375 0.016636957813428402
0 0.71240234375 0.2522281639928699 0.0302734375 0.021984551396316103
0 0.6806640625 0.21360665478312538 0.0234375 0.017231134878193704
0 0.73974609375 0.22311348781937018 0.0263671875 0.018419489007724305
0 0.87744140625 0.22994652406417113 0.0302734375 0.024955436720142603
0 0.5654296875 0.20796197266785504 0.021484375 0.015448603683897803
0 0.62158203125 0.19518716577540107 0.0205078125 0.016042780748663103
0 0.64306640625 0.196969696969697 0.0166015625 0.012477718360071301
0 0.66845703125 0.1939988116458705 0.0244140625 0.016042780748663103
0 0.759765625 0.1999405822935235 0.021484375 0.014854426619132503
0 0.6923828125 0.18954248366013074 0.01953125 0.015448603683897803
0 0.6865234375 0.17795603089720738 0.01953125 0.014854426619132503
0 0.662109375 0.16963755199049319 0.017578125 0.013666072489601902
0 0.6357421875 0.15270350564468213 0.015625 0.013071895424836602
0 0.68896484375 0.15032679738562094 0.0166015625 0.013071895424836602
0 0.8369140625 0.18360071301247774 0.01953125 0.016636957813428402
0 0.8125 0.17706476530005943 0.01953125 0.015448603683897803
0 0.76904296875 0.16339869281045752 0.0205078125 0.015448603683897803
0 0.8681640625 0.15715983363042188 0.017578125 0.013666072489601902
0 0.72705078125 0.15656565656565657 0.0166015625 0.013666072489601902
0 0.734375 0.13963161021984552 0.013671875 0.010695187165775402
0 0.78466796875 0.15062388591800357 0.0166015625 0.013666072489601902
0 0.7998046875 0.14349376114081996 0.015625 0.011289364230540702
0 0.830078125 0.12477718360071302 0.015625 0.013071895424836602
0 0.84619140625 0.14022578728461083 0.0166015625 0.014260249554367202
0 0.884765625 0.13666072489601902 0.015625 0.011883541295306003
0 0.8818359375 0.12448009506833037 0.01953125 0.012477718360071301
0 0.8486328125 0.10101010101010102 0.013671875 0.011883541295306003
0 0.88037109375 0.10130718954248366 0.0146484375 0.011289364230540702
0 0.783203125 0.10101010101010102 0.015625 0.011883541295306003
0 0.8076171875 0.09595959595959597 0.013671875 0.010101010101010102
0 0.4853515625 0.12685680332739158 0.005859375 0.005347593582887701
0 0.5107421875 0.11705288175876412 0.005859375 0.005941770647653001
0 0.5537109375 0.11408199643493762 0.009765625 0.007130124777183601
0 0.57666015625 0.10457516339869281 0.0087890625 0.004753416518122401
0 0.61376953125 0.10071301247771837 0.0087890625 0.006535947712418301
0 0.634765625 0.10724896019013666 0.009765625 0.0077243018419489015
0 0.650390625 0.09209744503862151 0.005859375 0.004753416518122401
0 0.67333984375 0.08882947118241237 0.0107421875 0.008912655971479501
0 0.7080078125 0.09447415329768272 0.0078125 0.005941770647653001
0 0.736328125 0.07456922162804516 0.0078125 0.0077243018419489015
0 0.75732421875 0.08496732026143791 0.0068359375 0.005941770647653001
0 0.7880859375 0.07397504456327986 0.009765625 0.0077243018419489015
0 0.8134765625 0.07456922162804516 0.0078125 0.006535947712418301
0 0.833984375 0.07813428401663697 0.009765625 0.0077243018419489015
0 0.86767578125 0.09328579916815212 0.0146484375 0.013071895424836602
0 0.87646484375 0.08348187759952466 0.0107421875 0.008912655971479501
0 0.8876953125 0.07456922162804516 0.01171875 0.008912655971479501
0 0.90087890625 0.07486631016042782 0.0087890625 0.008318478906714201
0 0.919921875 0.07902554961378491 0.01171875 0.009506833036244802
0 0.94482421875 0.059714795008912656 0.0107421875 0.0077243018419489015
0 0.962890625 0.06446821152703507 0.01171875 0.0077243018419489015
