0 0.162109375 0.4769094138543517 0.048828125 0.1261101243339254
0 0.2177734375 0.40763765541740676 0.03125 0.07282415630550622
0 0.11962890625 0.35790408525754885 0.0341796875 0.055062166962699825
0 0.11572265625 0.3987566607460036 0.0322265625 0.0763765541740675
0 0.2705078125 0.4680284191829485 0.05078125 0.13321492007104796
0 0.2626953125 0.3996447602131439 0.0390625 0.1030195381882771
0 0.2412109375 0.3401420959147425 0.033203125 0.06216696269982238
0 0.3125 0.33481349911190056 0.0390625 0.0763765541740675
0 0.37890625 0.3596802841918295 0.029296875 0.06216696269982238
0 0.38623046875 0.2966252220248668 0.0224609375 0.07460035523978686
0 0.43798828125 0.42362344582593253 0.0478515625 0.11545293072824157
0 0.4140625 0.5310834813499112 0.05078125 0.14209591474245115
0 0.4794921875 0.5355239786856129 0.0546875 0.1296625222024867
0 0.46337890625 0.36500888099467144 0.0439453125 0.108348134991119
0 0.5166015625 0.3561278863232682 0.041015625 0.09058614564831262
0 0.5546875 0.38099467140319715 0.03125 0.08348134991119005
0 0.6416015625 0.4502664298401421 0.044921875 0.1438721136767318
0 0.654296875 0.35790408525754885 0.037109375 0.0763765541740675
0 0.77734375 0.38010657193605685 0.04296875 0.11012433392539965
0 0.76318359375 0.502664298401421 0.0478515625 0.12433392539964476
0 0.79736328125 0.3179396092362345 0.0478515625 0.09591474245115453
0 0.84033203125 0.30639431616341034 0.0400390625 0.10124333925399645
0 0.87841796875 0.5408525754884548 0.0537109375 0.14031971580817051
0 0.9453125 0.5603907637655418 0.052734375 0.14031971580817051
0 0.93359375 0.3676731793960924 0.044921875 0.10657193605683837
0 0.98193359375 0.3614564831261101 0.0361328125 0.08348134991119005
0 0.97607421875 0.4680284191829485 0.0458984375 0.11900532859680285
0 0.98291015625 0.6412078152753109 0.0341796875 0.14920071047957373
0 0.00830078125 0.4902309058614565 0.0146484375 0.08170515097690942
0 0.74072265625 0.3454706927175844 0.0283203125 0.055062166962699825
0 0.8603515625 0.43783303730017764 0.046875 0.08348134991119005
