0 0.1162109375 0.6315104166666666 0.03125 0.046875
0 0.29443359375 0.59375 0.0263671875 0.0390625
0 0.4462890625 0.5735677083333333 0.03125 0.04296875
0 0.490234375 0.6282552083333333 0.025390625 0.037760416666666664
0 0.21728515625 0.529296875 0.0185546875 0.02734375
0 0.1875 0.591796875 0.01953125 0.02734375
0 0.05029296875 0.4622395833333333 0.0205078125 0.03125
0 0.263671875 0.4563802083333333 0.015625 0.024739583333333332
0 0.3330078125 0.484375 0.017578125 0.026041666666666664
0 0.46630859375 0.533203125 0.0205078125 0.03255208333333333
0 0.32763671875 0.45703125 0.0146484375 0.0234375
0 0.537109375 0.49088541666666663 0.015625 0.018229166666666664
0 0.5576171875 0.44921875 0.009765625 0.013020833333333332
0 0.6142578125 0.453125 0.013671875 0.020833333333333332
0 0.595703125 0.44921875 0.005859375 0.0078125
0 0.75634765625 0.53515625 0.0244140625 0.049479166666666664
0 0.626953125 0.6888020833333333 0.025390625 0.04427083333333333
0 0.8544921875 0.515625 0.029296875 0.028645833333333332
0 0.9580078125 0.46744791666666663 0.021484375 0.03645833333333333
0 0.92724609375 0.44921875 0.0146484375 0.020833333333333332
0 0.88525390625 0.6484375 0.0166015625 0.028645833333333332
0 0.681640625 0.5553385416666666 0.017578125 0.024739583333333332
0 0.6767578125 0.4720052083333333 0.01171875 0.024739583333333332
0 0.48046875 0.46549479166666663 0.01171875 0.016927083333333332
0 0.25390625 0.2903645833333333 0.029296875 0.0390625
