0 0.01611328125 0.3795888399412628 0.0224609375 0.03964757709251101
0 0.03662109375 0.3340675477239354 0.0205078125 0.03671071953010279
0 0.10498046875 0.3017621145374449 0.0244140625 0.04845814977973568
0 0.0986328125 0.3766519823788546 0.017578125 0.0513950073421439
0 0.158203125 0.3795888399412628 0.02734375 0.057268722466960346
0 0.13623046875 0.42070484581497797 0.0185546875 0.04845814977973568
0 0.07275390625 0.4985315712187959 0.0244140625 0.0513950073421439
0 0.15234375 0.5469897209985315 0.015625 0.04552129221732746
0 0.17529296875 0.3516886930983847 0.0107421875 0.024963289280469897
0 0.29345703125 0.30837004405286345 0.0185546875 0.0381791483113069
0 0.3134765625 0.3318649045521292 0.017578125 0.041116005873715125
0 0.345703125 0.31277533039647576 0.01953125 0.049926578560939794
0 0.3291015625 0.4008810572687224 0.015625 0.04698972099853157
0 0.34423828125 0.4309838472834067 0.0166015625 0.042584434654919234
0 0.4013671875 0.38472834067547723 0.01953125 0.04405286343612334
0 0.42138671875 0.36049926578560937 0.0205078125 0.03964757709251101
0 0.41162109375 0.316446402349486 0.0205078125 0.033773861967694566
0 0.40869140625 0.5051395007342143 0.0185546875 0.0381791483113069
0 0.4453125 0.3267254038179148 0.013671875 0.024963289280469897
0 0.458984375 0.38913362701908955 0.021484375 0.04405286343612334
0 0.490234375 0.34287812041116006 0.0234375 0.033773861967694566
0 0.5166015625 0.3575624082232012 0.033203125 0.06314243759177679
0 0.56982421875 0.3171806167400881 0.0166015625 0.026431718061674006
0 0.60205078125 0.3384728340675477 0.0205078125 0.03671071953010279
0 0.58203125 0.3722466960352423 0.01953125 0.03964757709251101
0 0.6474609375 0.35242290748898675 0.015625 0.026431718061674006
0 0.66162109375 0.35242290748898675 0.0126953125 0.026431718061674006
0 0.65625 0.3935389133627019 0.01953125 0.026431718061674006
0 0.61474609375 0.5014684287812041 0.0146484375 0.033773861967694566
0 0.95361328125 0.32599118942731276 0.0146484375 0.026431718061674006
0 0.994140625 0.3340675477239354 0.01171875 0.03083700440528634
0 0.9794921875 0.3854625550660793 0.015625 0.03671071953010279
0 0.9580078125 0.4045521292217327 0.015625 0.042584434654919234
0 0.94091796875 0.8348017621145374 0.1181640625 0.18355359765051393
