0 0.02734375 0.6541935483870968 0.0078125 0.01032258064516129
0 0.0615234375 0.6664516129032259 0.0078125 0.01161290322580645
0 0.16943359375 0.6735483870967742 0.0087890625 0.015483870967741935
0 0.11376953125 0.7167741935483871 0.0087890625 0.014193548387096775
0 0.20703125 0.6896774193548387 0.009765625 0.014193548387096775
0 0.259765625 0.6851612903225807 0.005859375 0.015483870967741935
0 0.31201171875 0.6954838709677419 0.0068359375 0.012903225806451613
0 0.41650390625 0.7064516129032258 0.0068359375 0.01161290322580645
0 0.4814453125 0.7219354838709677 0.009765625 0.01935483870967742
0 0.43017578125 0.6535483870967742 0.0087890625 0.014193548387096775
0 0.4833984375 0.6541935483870968 0.005859375 0.012903225806451613
0 0.5087890625 0.6548387096774193 0.005859375 0.00903225806451613
0 0.56005859375 0.652258064516129 0.0068359375 0.01161290322580645
0 0.568359375 0.6419354838709678 0.005859375 0.00903225806451613
0 0.59130859375 0.6458064516129032 0.0087890625 0.01161290322580645
0 0.60986328125 0.635483870967742 0.0048828125 0.00903225806451613
0 0.57666015625 0.6329032258064516 0.0068359375 0.0064516129032258064
0 0.55224609375 0.6335483870967742 0.0068359375 0.01032258064516129
0 0.5234375 0.6374193548387097 0.005859375 0.007741935483870968
0 0.61376953125 0.6219354838709678 0.0048828125 0.007741935483870968
0 0.65283203125 0.6277419354838709 0.0068359375 0.00903225806451613
0 0.66845703125 0.6135483870967742 0.0048828125 0.0064516129032258064
0 0.68603515625 0.62 0.0048828125 0.0064516129032258064
0 0.71142578125 0.6148387096774194 0.0068359375 0.00903225806451613
0 0.70068359375 0.6116129032258064 0.0048828125 0.007741935483870968
0 0.72900390625 0.7006451612903226 0.0068359375 0.012903225806451613
0 0.8291015625 0.9006451612903226 0.015625 0.0232258064516129
0 0.7490234375 0.9593548387096774 0.01953125 0.027096774193548386
0 0.703125 0.967741935483871 0.013671875 0.025806451612903226
0 0.91259765625 0.727741935483871 0.0068359375 0.015483870967741935
0 0.93603515625 0.7187096774193549 0.0087890625 0.015483870967741935
0 0.953125 0.7483870967741936 0.009765625 0.02064516129032258
0 0.8876953125 0.72 0.009765625 0.012903225806451613
0 0.90625 0.7174193548387097 0.009765625 0.015483870967741935
0 0.81884765625 0.76 0.0087890625 0.0232258064516129
0 0.91943359375 0.9341935483870968 0.0146484375 0.02838709677419355
0 0.8896484375 0.9851612903225806 0.015625 0.02967741935483871
0 0.86083984375 0.9341935483870968 0.0166015625 0.03354838709677419
0 0.9033203125 0.9219354838709677 0.015625 0.02967741935483871
0 0.78271484375 0.9509677419354838 0.0146484375 0.02838709677419355
0 0.7802734375 0.8851612903225806 0.013671875 0.025806451612903226
0 0.8251953125 0.9374193548387096 0.013671875 0.027096774193548386
0 0.9521484375 0.9064516129032258 0.015625 0.027096774193548386
0 0.7939453125 0.8483870967741935 0.009765625 0.016774193548387096
0 0.74169921875 0.9025806451612903 0.0107421875 0.02193548387096774
0 0.7333984375 0.8651612903225806 0.009765625 0.02193548387096774
0 0.978515625 0.9683870967741935 0.015625 0.027096774193548386
0 0.990234375 0.9077419354838709 0.013671875 0.024516129032258065
0 0.85009765625 0.8619354838709677 0.0126953125 0.025806451612903226
0 0.93994140625 0.9412903225806452 0.0126953125 0.01935483870967742
0 0.93310546875 0.9703225806451613 0.0146484375 0.02838709677419355
0 0.7236328125 0.9464516129032258 0.017578125 0.02967741935483871
