0 0.10302734375 0.37371512481644636 0.0068359375 0.013215859030837003
0 0.31005859375 0.3443465491923641 0.0068359375 0.013215859030837003
0 0.33740234375 0.3472834067547724 0.0068359375 0.010279001468428781
0 0.4052734375 0.37812041116005873 0.005859375 0.013215859030837003
0 0.5263671875 0.2606461086637298 0.00390625 0.010279001468428781
0 0.5380859375 0.2342143906020558 0.00390625 0.007342143906020558
0 0.556640625 0.22907488986784139 0.001953125 0.008810572687224669
0 0.71826171875 0.2488986784140969 0.0029296875 0.007342143906020558
0 0.72412109375 0.263582966226138 0.0029296875 0.007342143906020558
0 0.73388671875 0.3333333333333333 0.0048828125 0.008810572687224669
0 0.69091796875 0.32819383259911894 0.0048828125 0.010279001468428781
0 0.65283203125 0.31791483113069013 0.0048828125 0.010279001468428781
0 0.58203125 0.28928046989720996 0.00390625 0.011747430249632892
0 0.78125 0.3531571218795888 0.00390625 0.016152716593245228
0 0.83251953125 0.3619676945668135 0.0048828125 0.013215859030837003
0 0.85302734375 0.3575624082232012 0.0048828125 0.016152716593245228
0 0.837890625 0.33920704845814975 0.005859375 0.011747430249632892
0 0.513671875 0.42584434654919234 0.00390625 0.011747430249632892
0 0.56298828125 0.4441997063142437 0.0087890625 0.016152716593245228
0 0.6142578125 0.46549192364170333 0.0078125 0.014684287812041116
0 0.67626953125 0.4919236417033774 0.0068359375 0.011747430249632892
0 0.68017578125 0.5154185022026432 0.0068359375 0.017621145374449337
0 0.74267578125 0.49926578560939794 0.0087890625 0.017621145374449337
0 0.806640625 0.47577092511013214 0.005859375 0.014684287812041116
0 0.8583984375 0.4728340675477239 0.005859375 0.011747430249632892
0 0.8818359375 0.4375917767988252 0.005859375 0.017621145374449337
0 0.89599609375 0.4133627019089574 0.0068359375 0.010279001468428781
0 0.888671875 0.39133627019089573 0.005859375 0.010279001468428781
0 0.9140625 0.36930983847283405 0.005859375 0.010279001468428781
0 0.9462890625 0.3509544787077827 0.00390625 0.011747430249632892
0 0.91943359375 0.5124816446402349 0.0068359375 0.014684287812041116
0 0.96826171875 0.263582966226138 0.0048828125 0.010279001468428781
0 0.98291015625 0.3384728340675477 0.0048828125 0.010279001468428781
0 0.99658203125 0.3171806167400881 0.0029296875 0.008810572687224669
0 0.9951171875 0.28634361233480177 0.00390625 0.008810572687224669
0 0.04052734375 0.513215859030837 0.0068359375 0.013215859030837003
0 0.11181640625 0.5190895741556534 0.0068359375 0.010279001468428781
0 0.14697265625 0.5609397944199705 0.0087890625 0.014684287812041116
0 0.17919921875 0.5778267254038179 0.0068359375 0.010279001468428781
0 0.22412109375 0.6233480176211453 0.0107421875 0.016152716593245228
0 0.26220703125 0.6468428781204111 0.0107421875 0.010279001468428781
0 0.31201171875 0.6850220264317181 0.0126953125 0.01908957415565345
0 0.36474609375 0.737885462555066 0.0107421875 0.013215859030837003
0 0.45556640625 0.7547723935389133 0.0107421875 0.023494860499265784
0 0.5595703125 0.7533039647577092 0.01171875 0.020558002936857563
0 0.62158203125 0.71071953010279 0.0107421875 0.014684287812041116
0 0.671875 0.6850220264317181 0.005859375 0.013215859030837003
0 0.68896484375 0.6138032305433186 0.0107421875 0.020558002936857563
0 0.69287109375 0.5587371512481645 0.0087890625 0.013215859030837003
0 0.70654296875 0.593245227606461 0.0068359375 0.011747430249632892
0 0.43310546875 0.3920704845814978 0.0068359375 0.011747430249632892
0 0.47021484375 0.4030837004405286 0.0068359375 0.013215859030837003
0 0.67431640625 0.2606461086637298 0.0048828125 0.007342143906020558
0 0.58935546875 0.21806167400881057 0.0068359375 0.013215859030837003
0 0.62255859375 0.20778267254038177 0.0048828125 0.010279001468428781
0 0.75 0.2856093979441997 0.005859375 0.010279001468428781
0 0.87744140625 0.23788546255506607 0.0048828125 0.008810572687224669
0 0.705078125 0.20998531571218795 0.00390625 0.005873715124816446
