0 0.16162109375 0.3795888399412628 0.0361328125 0.057268722466960346
0 0.21533203125 0.41703377386196766 0.0146484375 0.026431718061674006
0 0.2841796875 0.4530102790014684 0.0078125 0.013215859030837003
0 0.37646484375 0.34287812041116006 0.0380859375 0.07488986784140969
0 0.47607421875 0.40748898678414097 0.0126953125 0.016152716593245228
0 0.46533203125 0.4111600587371512 0.0068359375 0.014684287812041116
0 0.49755859375 0.4096916299559471 0.0087890625 0.020558002936857563
0 0.51806640625 0.4199706314243759 0.0146484375 0.026431718061674006
0 0.5361328125 0.40895741556534504 0.01171875 0.01908957415565345
0 0.55615234375 0.41556534508076354 0.0126953125 0.023494860499265784
0 0.5810546875 0.43906020558002934 0.021484375 0.04405286343612334
0 0.60546875 0.4016152716593245 0.015625 0.024963289280469897
0 0.62646484375 0.3964757709251101 0.0107421875 0.020558002936857563
0 0.654296875 0.4111600587371512 0.01171875 0.020558002936857563
0 0.6875 0.4295154185022026 0.013671875 0.02202643171806167
0 0.76953125 0.4045521292217327 0.009765625 0.01908957415565345
0 0.70068359375 0.4067547723935389 0.0087890625 0.017621145374449337
0 0.8017578125 0.434654919236417 0.0078125 0.011747430249632892
0 0.81640625 0.4295154185022026 0.0078125 0.013215859030837003
0 0.83740234375 0.42364170337738616 0.0087890625 0.013215859030837003
0 0.91015625 0.4544787077826725 0.013671875 0.024963289280469897
0 0.74609375 0.41483113069016153 0.0078125 0.013215859030837003
0 0.73974609375 0.40602055800293685 0.0068359375 0.013215859030837003
