0 0.12109375 0.091796875 0.01171875 0.024739583333333332
0 0.20263671875 0.08203125 0.0166015625 0.026041666666666664
0 0.32421875 0.037109375 0.01171875 0.024739583333333332
0 0.36865234375 0.059244791666666664 0.0068359375 0.016927083333333332
0 0.42041015625 0.0546875 0.0185546875 0.0390625
0 0.470703125 0.1484375 0.068359375 0.11458333333333333
0 0.75537109375 0.04231770833333333 0.0166015625 0.037760416666666664
0 0.7900390625 0.03841145833333333 0.01171875 0.02734375
0 0.83251953125 0.05403645833333333 0.0107421875 0.029947916666666664
0 0.86474609375 0.027994791666666664 0.0166015625 0.04036458333333333
0 0.87451171875 0.060546875 0.0068359375 0.01171875
0 0.91357421875 0.030598958333333332 0.0107421875 0.024739583333333332
0 0.94091796875 0.03255208333333333 0.0146484375 0.0390625
0 0.962890625 0.057291666666666664 0.015625 0.026041666666666664
0 0.72265625 0.05794270833333333 0.005859375 0.01171875
