0 0.04052734375 0.2808219178082192 0.0146484375 0.030821917808219176
0 0.12841796875 0.2465753424657534 0.0126953125 0.030821917808219176
0 0.1455078125 0.24743150684931506 0.013671875 0.03595890410958904
0 0.21484375 0.2568493150684931 0.015625 0.03424657534246575
0 0.1826171875 0.3458904109589041 0.013671875 0.03424657534246575
0 0.14501953125 0.34503424657534243 0.0146484375 0.02910958904109589
0 0.06396484375 0.3544520547945205 0.0166015625 0.03424657534246575
0 0.14892578125 0.449486301369863 0.0166015625 0.03595890410958904
0 0.11865234375 0.449486301369863 0.0166015625 0.032534246575342464
0 0.0732421875 0.43921232876712324 0.017578125 0.032534246575342464
0 0.03271484375 0.4297945205479452 0.0146484375 0.0273972602739726
0 0.02783203125 0.5924657534246575 0.0166015625 0.03767123287671233
0 0.052734375 0.5950342465753424 0.015625 0.03595890410958904
0 0.080078125 0.6001712328767123 0.015625 0.039383561643835614
0 0.107421875 0.5967465753424657 0.015625 0.02910958904109589
0 0.16259765625 0.5607876712328766 0.0146484375 0.039383561643835614
0 0.19287109375 0.5565068493150684 0.0185546875 0.04452054794520548
0 0.27197265625 0.5804794520547945 0.0166015625 0.03767123287671233
0 0.28955078125 0.634417808219178 0.0166015625 0.04280821917808219
0 0.2451171875 0.3672945205479452 0.013671875 0.02910958904109589
0 0.30419921875 0.3424657534246575 0.0146484375 0.030821917808219176
0 0.27783203125 0.46832191780821913 0.0166015625 0.03595890410958904
0 0.24951171875 0.4726027397260274 0.0146484375 0.030821917808219176
0 0.23095703125 0.2525684931506849 0.0126953125 0.032534246575342464
0 0.3046875 0.2345890410958904 0.015625 0.03424657534246575
0 0.3447265625 0.3261986301369863 0.017578125 0.032534246575342464
0 0.38037109375 0.23373287671232876 0.0146484375 0.032534246575342464
0 0.46630859375 0.24486301369863012 0.0126953125 0.0273972602739726
0 0.48974609375 0.2422945205479452 0.0107421875 0.02910958904109589
0 0.5615234375 0.24315068493150682 0.015625 0.0273972602739726
0 0.57177734375 0.3279109589041096 0.0166015625 0.032534246575342464
0 0.47216796875 0.3270547945205479 0.0166015625 0.030821917808219176
0 0.515625 0.4443493150684931 0.015625 0.032534246575342464
0 0.66357421875 0.23202054794520546 0.0146484375 0.02910958904109589
0 0.61376953125 0.24315068493150682 0.0126953125 0.0273972602739726
0 0.671875 0.2970890410958904 0.013671875 0.032534246575342464
0 0.77880859375 0.20976027397260272 0.0146484375 0.02910958904109589
0 0.75439453125 0.2208904109589041 0.0146484375 0.030821917808219176
0 0.75732421875 0.29452054794520544 0.0166015625 0.03424657534246575
0 0.72314453125 0.3013698630136986 0.0166015625 0.030821917808219176
0 0.96337890625 0.3227739726027397 0.0146484375 0.03595890410958904
0 0.8486328125 0.2996575342465753 0.015625 0.03424657534246575
0 0.8681640625 0.34332191780821913 0.013671875 0.03595890410958904
0 0.84228515625 0.33732876712328763 0.0146484375 0.03767123287671233
0 0.9228515625 0.363013698630137 0.015625 0.0273972602739726
0 0.9228515625 0.43150684931506844 0.017578125 0.03767123287671233
0 0.880859375 0.4537671232876712 0.015625 0.03424657534246575
0 0.84326171875 0.43493150684931503 0.0146484375 0.03424657534246575
0 0.806640625 0.4537671232876712 0.017578125 0.03767123287671233
0 0.89013671875 0.535958904109589 0.0185546875 0.05136986301369863
0 0.62841796875 0.4366438356164383 0.0126953125 0.030821917808219176
0 0.5908203125 0.45462328767123283 0.015625 0.02910958904109589
0 0.53564453125 0.4537671232876712 0.0166015625 0.030821917808219176
0 0.5361328125 0.5659246575342466 0.015625 0.039383561643835614
0 0.34765625 0.46061643835616434 0.013671875 0.030821917808219176
0 0.38037109375 0.5222602739726027 0.0166015625 0.04452054794520548
0 0.35302734375 0.5684931506849314 0.0166015625 0.0410958904109589
0 0.4267578125 0.5445205479452054 0.015625 0.04452054794520548
0 0.44482421875 0.4477739726027397 0.0146484375 0.032534246575342464
0 0.72021484375 0.4452054794520548 0.0146484375 0.0410958904109589
0 0.76708984375 0.4400684931506849 0.0146484375 0.03767123287671233
0 0.76904296875 0.5565068493150684 0.0185546875 0.04452054794520548
0 0.697265625 0.5804794520547945 0.015625 0.0410958904109589
0 0.7236328125 0.586472602739726 0.015625 0.04280821917808219
0 0.64453125 0.5924657534246575 0.015625 0.0410958904109589
0 0.828125 0.571917808219178 0.015625 0.03767123287671233
0 0.60009765625 0.5821917808219178 0.0146484375 0.03767123287671233
0 0.5546875 0.5967465753424657 0.015625 0.039383561643835614
0 0.494140625 0.636986301369863 0.015625 0.04452054794520548
0 0.43798828125 0.3270547945205479 0.0146484375 0.030821917808219176
0 0.0029296875 0.5616438356164384 0.005859375 0.0410958904109589
0 0.00341796875 0.3441780821917808 0.0068359375 0.03424657534246575
0 0.9921875 0.44863013698630133 0.013671875 0.030821917808219176
