0 0.58935546875 0.38346354166666663 0.0185546875 0.05598958333333333
0 0.7333984375 0.3489583333333333 0.025390625 0.041666666666666664
0 0.77734375 0.3860677083333333 0.01171875 0.029947916666666664
0 0.8125 0.37565104166666663 0.01171875 0.022135416666666664
0 0.451171875 0.3684895833333333 0.0234375 0.033854166666666664
0 0.29736328125 0.35546875 0.0283203125 0.046875
0 0.16015625 0.390625 0.0234375 0.0390625
0 0.01708984375 0.3743489583333333 0.0205078125 0.03255208333333333
0 0.99072265625 0.390625 0.0146484375 0.026041666666666664
0 0.94775390625 0.38932291666666663 0.0107421875 0.018229166666666664
0 0.84033203125 0.3977864583333333 0.0107421875 0.016927083333333332
0 0.85400390625 0.37760416666666663 0.0107421875 0.013020833333333332
0 0.666015625 0.3899739583333333 0.021484375 0.03515625
0 0.52587890625 0.3509114583333333 0.0185546875 0.03515625
0 0.62060546875 0.392578125 0.0068359375 0.01171875
0 0.60107421875 0.3919270833333333 0.0107421875 0.013020833333333332
0 0.38232421875 0.3665364583333333 0.0107421875 0.01953125
0 0.36376953125 0.3899739583333333 0.0166015625 0.022135416666666664
0 0.3955078125 0.3821614583333333 0.005859375 0.009114583333333332
0 0.39892578125 0.376953125 0.0068359375 0.009114583333333332
0 0.39013671875 0.30729166666666663 0.0068359375 0.010416666666666666
0 0.3212890625 0.32096354166666663 0.0078125 0.01171875
0 0.33544921875 0.3216145833333333 0.0068359375 0.010416666666666666
0 0.08740234375 0.412109375 0.0146484375 0.024739583333333332
0 0.2041015625 0.3919270833333333 0.009765625 0.020833333333333332
0 0.2197265625 0.40104166666666663 0.009765625 0.018229166666666664
0 0.1904296875 0.3997395833333333 0.01171875 0.0234375
0 0.19189453125 0.36588541666666663 0.0087890625 0.018229166666666664
0 0.08544921875 0.36979166666666663 0.0087890625 0.013020833333333332
0 0.0517578125 0.40234375 0.01171875 0.015625
0 0.2421875 0.3899739583333333 0.01171875 0.016927083333333332
0 0.12109375 0.40690104166666663 0.015625 0.016927083333333332
0 0.064453125 0.32291666666666663 0.009765625 0.013020833333333332
0 0.322265625 0.3919270833333333 0.01171875 0.018229166666666664
0 0.0302734375 0.375 0.01171875 0.020833333333333332
