0 0.44384765625 0.6419753086419753 0.0126953125 0.021604938271604937
0 0.33154296875 0.6558641975308641 0.0107421875 0.021604938271604937
0 0.298828125 0.6466049382716049 0.013671875 0.024691358024691357
0 0.26904296875 0.628858024691358 0.0126953125 0.023148148148148147
0 0.2451171875 0.6172839506172839 0.01171875 0.021604938271604937
0 0.21533203125 0.6049382716049383 0.0126953125 0.021604938271604937
0 0.193359375 0.5964506172839505 0.01171875 0.020061728395061727
0 0.1689453125 0.5895061728395061 0.01171875 0.021604938271604937
0 0.14501953125 0.5740740740740741 0.0107421875 0.021604938271604937
0 0.1201171875 0.566358024691358 0.009765625 0.018518518518518517
0 0.10302734375 0.5570987654320987 0.0107421875 0.018518518518518517
0 0.087890625 0.5432098765432098 0.009765625 0.018518518518518517
0 0.07177734375 0.5401234567901234 0.0107421875 0.018518518518518517
0 0.326171875 0.6219135802469136 0.01171875 0.021604938271604937
0 0.29248046875 0.6064814814814814 0.0126953125 0.024691358024691357
0 0.26025390625 0.5972222222222222 0.0107421875 0.018518518518518517
0 0.23876953125 0.591820987654321 0.0107421875 0.020061728395061727
0 0.31396484375 0.5933641975308641 0.0107421875 0.020061728395061727
0 0.3447265625 0.6010802469135802 0.009765625 0.016975308641975308
0 0.89453125 0.6875 0.015625 0.029320987654320986
0 0.908203125 0.6296296296296295 0.013671875 0.024691358024691357
0 0.841796875 0.5856481481481481 0.01171875 0.020061728395061727
0 0.89794921875 0.5802469135802468 0.0107421875 0.021604938271604937
0 0.79931640625 0.5987654320987654 0.0107421875 0.021604938271604937
0 0.75341796875 0.6018518518518519 0.0126953125 0.021604938271604937
0 0.70751953125 0.6087962962962963 0.0107421875 0.023148148148148147
0 0.87841796875 0.5501543209876543 0.0068359375 0.013888888888888888
0 0.81298828125 0.5625 0.0107421875 0.016975308641975308
0 0.77685546875 0.5516975308641975 0.0107421875 0.020061728395061727
0 0.765625 0.5694444444444444 0.0078125 0.021604938271604937
0 0.72119140625 0.5756172839506173 0.0087890625 0.018518518518518517
0 0.85009765625 0.5810185185185185 0.0068359375 0.016975308641975308
0 0.7294921875 0.5586419753086419 0.0078125 0.018518518518518517
0 0.74609375 0.529320987654321 0.005859375 0.006172839506172839
0 0.76611328125 0.5300925925925926 0.0048828125 0.010802469135802469
0 0.7001953125 0.5378086419753086 0.009765625 0.020061728395061727
0 0.65283203125 0.6095679012345678 0.0126953125 0.024691358024691357
0 0.6640625 0.595679012345679 0.009765625 0.024691358024691357
0 0.67578125 0.5810185185185185 0.01171875 0.020061728395061727
0 0.68408203125 0.5632716049382716 0.0087890625 0.018518518518518517
0 0.611328125 0.599537037037037 0.01171875 0.023148148148148147
0 0.6240234375 0.5887345679012346 0.009765625 0.020061728395061727
0 0.5234375 0.6820987654320987 0.013671875 0.027777777777777776
0 0.4951171875 0.6342592592592592 0.01171875 0.024691358024691357
0 0.51171875 0.6180555555555555 0.01171875 0.023148148148148147
0 0.52734375 0.6003086419753086 0.01171875 0.021604938271604937
0 0.5498046875 0.6219135802469136 0.01171875 0.021604938271604937
0 0.5634765625 0.611111111111111 0.01171875 0.021604938271604937
0 0.4580078125 0.6188271604938271 0.01171875 0.021604938271604937
0 0.4755859375 0.6057098765432098 0.01171875 0.020061728395061727
0 0.49169921875 0.5895061728395061 0.0107421875 0.018518518518518517
0 0.59814453125 0.6195987654320987 0.0126953125 0.023148148148148147
0 0.35205078125 0.6342592592592592 0.0126953125 0.024691358024691357
0 0.38720703125 0.6481481481481481 0.0126953125 0.024691358024691357
0 0.40869140625 0.6273148148148148 0.0126953125 0.023148148148148147
0 0.42578125 0.6126543209876543 0.01171875 0.021604938271604937
0 0.4423828125 0.595679012345679 0.009765625 0.021604938271604937
0 0.3955078125 0.599537037037037 0.01171875 0.020061728395061727
0 0.41064453125 0.5848765432098765 0.0107421875 0.018518518518518517
0 0.30712890625 0.5694444444444444 0.0087890625 0.015432098765432098
0 0.2587890625 0.5756172839506173 0.009765625 0.015432098765432098
0 0.2802734375 0.5594135802469136 0.0078125 0.013888888888888888
0 0.28515625 0.5864197530864197 0.01171875 0.015432098765432098
0 0.63427734375 0.5694444444444444 0.0087890625 0.021604938271604937
0 0.64453125 0.5547839506172839 0.009765625 0.020061728395061727
0 0.65478515625 0.5408950617283951 0.0087890625 0.016975308641975308
0 0.6689453125 0.529320987654321 0.009765625 0.018518518518518517
0 0.6376953125 0.5208333333333333 0.0078125 0.016975308641975308
0 0.62255859375 0.5324074074074073 0.0087890625 0.018518518518518517
0 0.61181640625 0.548611111111111 0.0107421875 0.016975308641975308
0 0.60986328125 0.5115740740740741 0.0087890625 0.013888888888888888
0 0.58544921875 0.5763888888888888 0.0087890625 0.016975308641975308
0 0.5751953125 0.5933641975308641 0.009765625 0.016975308641975308
0 0.53759765625 0.5802469135802468 0.0107421875 0.021604938271604937
0 0.54931640625 0.5671296296296297 0.0107421875 0.020061728395061727
0 0.5615234375 0.5516975308641975 0.009765625 0.020061728395061727
0 0.57861328125 0.537037037037037 0.0107421875 0.015432098765432098
0 0.5927734375 0.5246913580246914 0.009765625 0.015432098765432098
0 0.57861328125 0.5030864197530864 0.0087890625 0.018518518518518517
0 0.564453125 0.5146604938271605 0.0078125 0.013888888888888888
0 0.55078125 0.5277777777777778 0.0078125 0.015432098765432098
0 0.533203125 0.5447530864197531 0.009765625 0.018518518518518517
0 0.51611328125 0.5609567901234568 0.0087890625 0.016975308641975308
0 0.50390625 0.5748456790123456 0.009765625 0.016975308641975308
0 0.55126953125 0.4976851851851852 0.0087890625 0.013888888888888888
0 0.53466796875 0.5123456790123456 0.0087890625 0.015432098765432098
0 0.5224609375 0.5216049382716049 0.0078125 0.012345679012345678
0 0.505859375 0.5362654320987654 0.009765625 0.013888888888888888
0 0.45703125 0.5794753086419753 0.009765625 0.016975308641975308
0 0.4765625 0.5625 0.009765625 0.016975308641975308
0 0.4873046875 0.5516975308641975 0.0078125 0.016975308641975308
0 0.37548828125 0.6157407407407407 0.0126953125 0.018518518518518517
0 0.36181640625 0.5895061728395061 0.0107421875 0.021604938271604937
0 0.38427734375 0.5748456790123456 0.0087890625 0.016975308641975308
0 0.400390625 0.5594135802469136 0.009765625 0.016975308641975308
0 0.4296875 0.5694444444444444 0.009765625 0.018518518518518517
0 0.4423828125 0.5532407407407407 0.009765625 0.016975308641975308
0 0.4580078125 0.5385802469135802 0.0078125 0.015432098765432098
0 0.416015625 0.5455246913580246 0.009765625 0.020061728395061727
0 0.4306640625 0.5285493827160493 0.009765625 0.016975308641975308
0 0.47705078125 0.5254629629629629 0.0107421875 0.016975308641975308
0 0.49658203125 0.5146604938271605 0.0087890625 0.016975308641975308
0 0.51171875 0.5023148148148148 0.0078125 0.013888888888888888
0 0.52587890625 0.4907407407407407 0.0087890625 0.012345679012345678
0 0.4833984375 0.4922839506172839 0.0078125 0.012345679012345678
0 0.470703125 0.5015432098765432 0.0078125 0.012345679012345678
0 0.4482421875 0.49691358024691357 0.009765625 0.012345679012345678
0 0.33544921875 0.5810185185185185 0.0107421875 0.016975308641975308
0 0.35498046875 0.5625 0.0107421875 0.016975308641975308
0 0.375 0.5501543209876543 0.009765625 0.016975308641975308
0 0.3896484375 0.5354938271604938 0.009765625 0.015432098765432098
0 0.4091796875 0.5254629629629629 0.009765625 0.013888888888888888
0 0.40087890625 0.5061728395061729 0.0087890625 0.015432098765432098
0 0.384765625 0.5146604938271605 0.0078125 0.013888888888888888
0 0.36328125 0.5270061728395061 0.0078125 0.016975308641975308
0 0.34765625 0.5385802469135802 0.009765625 0.015432098765432098
0 0.330078125 0.5532407407407407 0.009765625 0.016975308641975308
0 0.3232421875 0.5285493827160493 0.009765625 0.016975308641975308
0 0.3408203125 0.5162037037037037 0.009765625 0.013888888888888888
0 0.35986328125 0.5084876543209876 0.0107421875 0.013888888888888888
0 0.31787109375 0.5100308641975309 0.0087890625 0.013888888888888888
0 0.11279296875 0.5324074074074073 0.0107421875 0.018518518518518517
0 0.12841796875 0.5424382716049383 0.0087890625 0.016975308641975308
0 0.15283203125 0.5516975308641975 0.0087890625 0.016975308641975308
0 0.2353515625 0.5655864197530864 0.009765625 0.016975308641975308
0 0.21435546875 0.5570987654320987 0.0107421875 0.015432098765432098
0 0.158203125 0.5277777777777778 0.0078125 0.015432098765432098
0 0.17724609375 0.5393518518518519 0.0087890625 0.013888888888888888
0 0.1943359375 0.5455246913580246 0.0078125 0.013888888888888888
0 0.2001953125 0.5216049382716049 0.0078125 0.018518518518518517
0 0.279296875 0.5177469135802469 0.009765625 0.016975308641975308
0 0.3037109375 0.5254629629629629 0.009765625 0.013888888888888888
0 0.30517578125 0.5447530864197531 0.0107421875 0.012345679012345678
0 0.25732421875 0.548611111111111 0.0087890625 0.013888888888888888
0 0.2392578125 0.5362654320987654 0.0078125 0.013888888888888888
0 0.2197265625 0.5339506172839505 0.0078125 0.012345679012345678
0 0.26318359375 0.5262345679012346 0.0068359375 0.012345679012345678
0 0.97607421875 0.5023148148148148 0.0087890625 0.016975308641975308
0 0.98974609375 0.4868827160493827 0.0068359375 0.013888888888888888
0 0.9794921875 0.4861111111111111 0.005859375 0.012345679012345678
0 0.8701171875 0.4930555555555555 0.005859375 0.010802469135802469
0 0.876953125 0.49614197530864196 0.005859375 0.010802469135802469
0 0.89990234375 0.4845679012345679 0.0048828125 0.009259259259259259
0 0.888671875 0.4699074074074074 0.005859375 0.010802469135802469
0 0.87646484375 0.470679012345679 0.0068359375 0.012345679012345678
0 0.86572265625 0.4629629629629629 0.0048828125 0.009259259259259259
0 0.84716796875 0.470679012345679 0.0068359375 0.012345679012345678
0 0.85693359375 0.4729938271604938 0.0048828125 0.010802469135802469
0 0.82568359375 0.470679012345679 0.0048828125 0.009259259259259259
0 0.81787109375 0.4899691358024691 0.0068359375 0.010802469135802469
0 0.82861328125 0.4992283950617284 0.0048828125 0.007716049382716049
0 0.845703125 0.48765432098765427 0.005859375 0.012345679012345678
0 0.84130859375 0.4992283950617284 0.0048828125 0.007716049382716049
0 0.96240234375 0.45138888888888884 0.0068359375 0.013888888888888888
0 0.9853515625 0.45370370370370366 0.0078125 0.012345679012345678
0 0.951171875 0.43904320987654316 0.0078125 0.010802469135802469
0 0.92578125 0.4575617283950617 0.005859375 0.007716049382716049
0 0.93212890625 0.4699074074074074 0.0048828125 0.013888888888888888
0 0.8076171875 0.48070987654320985 0.005859375 0.010802469135802469
0 0.9814453125 0.3950617283950617 0.00390625 0.009259259259259259
0 0.9912109375 0.38425925925925924 0.00390625 0.009259259259259259
0 0.98974609375 0.41280864197530864 0.0048828125 0.010802469135802469
0 0.9658203125 0.4074074074074074 0.00390625 0.009259259259259259
0 0.919921875 0.4066358024691358 0.005859375 0.007716049382716049
0 0.93115234375 0.40046296296296297 0.0048828125 0.010802469135802469
0 0.9267578125 0.3919753086419753 0.00390625 0.009259259259259259
0 0.9375 0.39043209876543206 0.00390625 0.009259259259259259
0 0.85791015625 0.44753086419753085 0.0029296875 0.009259259259259259
0 0.84716796875 0.4575617283950617 0.0068359375 0.010802469135802469
0 0.775390625 0.47993827160493824 0.0078125 0.009259259259259259
0 0.78857421875 0.4776234567901234 0.0068359375 0.010802469135802469
0 0.7626953125 0.4729938271604938 0.005859375 0.013888888888888888
0 0.8759765625 0.4212962962962963 0.005859375 0.012345679012345678
0 0.87451171875 0.4405864197530864 0.0048828125 0.010802469135802469
0 0.93310546875 0.41975308641975306 0.0048828125 0.009259259259259259
0 0.77099609375 0.4552469135802469 0.0068359375 0.012345679012345678
0 0.7578125 0.45293209876543206 0.0078125 0.010802469135802469
0 0.78271484375 0.4444444444444444 0.0048828125 0.006172839506172839
0 0.7939453125 0.45216049382716045 0.005859375 0.009259259259259259
0 0.9130859375 0.48765432098765427 0.005859375 0.012345679012345678
0 0.98046875 0.4135802469135802 0.0078125 0.015432098765432098
0 0.71484375 0.4637345679012345 0.005859375 0.010802469135802469
0 0.7353515625 0.46527777777777773 0.005859375 0.010802469135802469
0 0.69873046875 0.45293209876543206 0.0068359375 0.010802469135802469
0 0.77978515625 0.43209876543209874 0.0048828125 0.009259259259259259
0 0.8125 0.4089506172839506 0.00390625 0.009259259259259259
0 0.81591796875 0.39737654320987653 0.0048828125 0.007716049382716049
0 0.818359375 0.378858024691358 0.00390625 0.007716049382716049
0 0.83642578125 0.4282407407407407 0.0048828125 0.007716049382716049
0 0.88232421875 0.4012345679012346 0.0048828125 0.009259259259259259
0 0.83935546875 0.35030864197530864 0.0048828125 0.009259259259259259
0 0.67431640625 0.41975308641975306 0.0048828125 0.012345679012345678
0 0.68310546875 0.4143518518518518 0.0048828125 0.010802469135802469
0 0.693359375 0.4228395061728395 0.005859375 0.009259259259259259
0 0.6923828125 0.43827160493827155 0.005859375 0.012345679012345678
0 0.73974609375 0.4012345679012346 0.0048828125 0.009259259259259259
0 0.7783203125 0.3618827160493827 0.00390625 0.010802469135802469
0 0.853515625 0.39120370370370366 0.005859375 0.016975308641975308
0 0.66650390625 0.43364197530864196 0.0048828125 0.012345679012345678
0 0.65869140625 0.4405864197530864 0.0048828125 0.010802469135802469
0 0.80517578125 0.3942901234567901 0.0048828125 0.010802469135802469
0 0.79296875 0.3966049382716049 0.00390625 0.009259259259259259
0 0.736328125 0.4212962962962963 0.00390625 0.009259259259259259
0 0.8291015625 0.41203703703703703 0.005859375 0.015432098765432098
0 0.94384765625 0.3526234567901234 0.0048828125 0.007716049382716049
0 0.8486328125 0.375 0.005859375 0.009259259259259259
0 0.9873046875 0.35108024691358025 0.00390625 0.010802469135802469
0 0.99462890625 0.3341049382716049 0.0048828125 0.010802469135802469
0 0.84814453125 0.3395061728395061 0.0048828125 0.009259259259259259
0 0.8017578125 0.3618827160493827 0.00390625 0.010802469135802469
0 0.76904296875 0.41666666666666663 0.0048828125 0.012345679012345678
0 0.76611328125 0.3742283950617284 0.0048828125 0.010802469135802469
0 0.939453125 0.46219135802469136 0.005859375 0.010802469135802469
0 0.72802734375 0.3927469135802469 0.0048828125 0.010802469135802469
0 0.68115234375 0.3641975308641975 0.0048828125 0.009259259259259259
0 0.7197265625 0.3734567901234568 0.00390625 0.009259259259259259
0 0.748046875 0.3649691358024691 0.00390625 0.007716049382716049
0 0.76611328125 0.353395061728395 0.0048828125 0.009259259259259259
0 0.716796875 0.4367283950617284 0.005859375 0.012345679012345678
0 0.84228515625 0.3958333333333333 0.0048828125 0.010802469135802469
