0 0.16796875 0.41471354166666663 0.015625 0.024739583333333332
0 0.11474609375 0.40885416666666663 0.0146484375 0.0234375
0 0.21826171875 0.40234375 0.0146484375 0.026041666666666664
0 0.12939453125 0.4388020833333333 0.0146484375 0.0234375
0 0.49072265625 0.419921875 0.0185546875 0.02734375
0 0.44970703125 0.41796875 0.0166015625 0.026041666666666664
0 0.40869140625 0.43424479166666663 0.0166015625 0.024739583333333332
0 0.38916015625 0.4153645833333333 0.0126953125 0.0234375
0 0.4287109375 0.4407552083333333 0.015625 0.022135416666666664
0 0.60693359375 0.4407552083333333 0.0146484375 0.022135416666666664
0 0.57275390625 0.42447916666666663 0.0185546875 0.028645833333333332
0 0.53955078125 0.43359375 0.0126953125 0.020833333333333332
0 0.75537109375 0.42252604166666663 0.0166015625 0.022135416666666664
0 0.71484375 0.4212239583333333 0.017578125 0.024739583333333332
0 0.6884765625 0.42447916666666663 0.015625 0.0234375
0 0.6640625 0.4296875 0.013671875 0.0234375
0 0.89599609375 0.4427083333333333 0.0146484375 0.028645833333333332
0 0.8134765625 0.44401041666666663 0.017578125 0.028645833333333332
0 0.296875 0.4140625 0.017578125 0.0234375
0 0.3232421875 0.42057291666666663 0.017578125 0.0234375
0 0.07470703125 0.4296875 0.0166015625 0.0234375
0 0.0986328125 0.42838541666666663 0.015625 0.0234375
