0 0.767578125 0.5177514792899408 0.013671875 0.02958579881656805
0 0.18212890625 0.5138067061143985 0.0126953125 0.02958579881656805
0 0.0986328125 0.4871794871794872 0.01171875 0.03155818540433925
0 0.171875 0.4211045364891519 0.01171875 0.025641025641025644
0 0.03076171875 0.40335305719921105 0.0107421875 0.025641025641025644
0 0.0947265625 0.3609467455621302 0.009765625 0.02366863905325444
0 0.14794921875 0.33727810650887574 0.0087890625 0.01972386587771203
0 0.29296875 0.48816568047337283 0.01171875 0.02958579881656805
0 0.33642578125 0.40631163708086787 0.0107421875 0.027613412228796846
0 0.267578125 0.3431952662721894 0.01171875 0.027613412228796846
0 0.31298828125 0.32347140039447736 0.0107421875 0.01972386587771203
0 0.2587890625 0.4171597633136095 0.01171875 0.02958579881656805
0 0.35009765625 0.28500986193293887 0.0107421875 0.021696252465483234
0 0.2880859375 0.2504930966469428 0.009765625 0.02366863905325444
0 0.2353515625 0.27416173570019725 0.009765625 0.01972386587771203
0 0.4326171875 0.4733727810650888 0.01171875 0.03155818540433925
0 0.55859375 0.495069033530572 0.01171875 0.03155818540433925
0 0.5166015625 0.4378698224852071 0.01171875 0.02366863905325444
0 0.466796875 0.40335305719921105 0.01171875 0.02958579881656805
0 0.41845703125 0.4339250493096647 0.0126953125 0.027613412228796846
0 0.619140625 0.44871794871794873 0.01171875 0.02958579881656805
0 0.6767578125 0.35798816568047337 0.01171875 0.025641025641025644
0 0.70556640625 0.344181459566075 0.0146484375 0.025641025641025644
0 0.35498046875 0.22386587771203156 0.0087890625 0.01775147928994083
0 0.44091796875 0.3185404339250493 0.0107421875 0.021696252465483234
0 0.4189453125 0.3244575936883629 0.009765625 0.021696252465483234
0 0.46533203125 0.23372781065088757 0.0087890625 0.021696252465483234
0 0.49267578125 0.21203155818540434 0.0087890625 0.021696252465483234
0 0.4287109375 0.26331360946745563 0.009765625 0.01775147928994083
0 0.52197265625 0.2583826429980276 0.0087890625 0.01972386587771203
0 0.6669921875 0.27120315581854043 0.009765625 0.021696252465483234
0 0.5888671875 0.2455621301775148 0.0078125 0.01775147928994083
0 0.54833984375 0.242603550295858 0.0087890625 0.01972386587771203
0 0.14990234375 0.2445759368836292 0.0087890625 0.01972386587771203
0 0.09912109375 0.25542406311637084 0.0087890625 0.021696252465483234
0 0.02490234375 0.2702169625246548 0.0087890625 0.02366863905325444
0 0.30810546875 0.3905325443786982 0.0087890625 0.027613412228796846
