0 0.45361328125 0.580029368575624 0.0263671875 0.04405286343612334
0 0.56201171875 0.5895741556534507 0.0224609375 0.03964757709251101
0 0.51318359375 0.5447870778267254 0.0205078125 0.0381791483113069
0 0.58642578125 0.5543318649045521 0.0185546875 0.042584434654919234
0 0.10400390625 0.5308370044052864 0.0205078125 0.04552129221732746
0 0.61474609375 0.5961820851688693 0.0205078125 0.0381791483113069
0 0.541015625 0.5939794419970631 0.01171875 0.03671071953010279
0 0.6728515625 0.44273127753303965 0.017578125 0.03671071953010279
0 0.2138671875 0.8876651982378854 0.0390625 0.08076358296622613
0 0.08935546875 0.09104258443465492 0.0185546875 0.041116005873715125
0 0.197265625 0.08737151248164464 0.021484375 0.042584434654919234
0 0.87841796875 0.5939794419970631 0.0146484375 0.03964757709251101
0 0.93798828125 0.5969162995594713 0.0126953125 0.02790014684287812
0 0.89111328125 0.5917767988252569 0.0087890625 0.017621145374449337
0 0.82373046875 0.6020558002936858 0.0126953125 0.020558002936857563
0 0.845703125 0.5873715124816447 0.009765625 0.020558002936857563
0 0.93505859375 0.9434654919236416 0.0341796875 0.07195301027900146
0 0.451171875 0.06387665198237885 0.0234375 0.04845814977973568
0 0.48828125 0.09618208516886931 0.0234375 0.04552129221732746
0 0.55419921875 0.11233480176211454 0.0224609375 0.03964757709251101
0 0.8876953125 0.2687224669603524 0.013671875 0.023494860499265784
0 0.98974609375 0.328928046989721 0.0126953125 0.026431718061674006
0 0.7783203125 0.9170337738619676 0.017578125 0.06607929515418502
0 0.90478515625 0.2790014684287812 0.0107421875 0.020558002936857563
0 0.96728515625 0.895741556534508 0.0400390625 0.05873715124816446
0 0.33056640625 0.5682819383259912 0.0224609375 0.04405286343612334
0 0.7822265625 0.25917767988252566 0.01171875 0.01908957415565345
0 0.9443359375 0.32452276064610863 0.013671875 0.020558002936857563
0 0.19091796875 0.11086637298091041 0.0205078125 0.03671071953010279
0 0.22607421875 0.7026431718061673 0.0263671875 0.04552129221732746
0 0.857421875 0.2841409691629956 0.013671875 0.02790014684287812
