0 0.9091796875 0.6590909090909092 0.01953125 0.045454545454545456
0 0.86083984375 0.5641233766233766 0.0166015625 0.040584415584415584
0 0.91357421875 0.48863636363636365 0.0166015625 0.03571428571428572
0 0.90576171875 0.41964285714285715 0.0146484375 0.034090909090909095
0 0.89208984375 0.34334415584415584 0.0146484375 0.03733766233766234
0 0.8857421875 0.2767857142857143 0.015625 0.030844155844155847
0 0.87060546875 0.20941558441558442 0.0146484375 0.03246753246753247
0 0.83349609375 0.2694805194805195 0.0166015625 0.03571428571428572
0 0.83935546875 0.338474025974026 0.0146484375 0.030844155844155847
0 0.84375 0.41639610389610393 0.015625 0.030844155844155847
0 0.85693359375 0.4902597402597403 0.0166015625 0.029220779220779224
0 0.8408203125 0.650974025974026 0.017578125 0.03896103896103896
0 0.77783203125 0.6469155844155845 0.0185546875 0.03733766233766234
0 0.8017578125 0.5738636363636364 0.017578125 0.03733766233766234
0 0.8134765625 0.49350649350649356 0.015625 0.03571428571428572
0 0.78955078125 0.4017857142857143 0.0185546875 0.03733766233766234
0 0.78955078125 0.3303571428571429 0.0146484375 0.030844155844155847
0 0.78369140625 0.21672077922077923 0.0166015625 0.030844155844155847
0 0.7470703125 0.26461038961038963 0.015625 0.03246753246753247
0 0.7412109375 0.3230519480519481 0.015625 0.03571428571428572
0 0.7236328125 0.4074675324675325 0.015625 0.03571428571428572
0 0.7509765625 0.4967532467532468 0.015625 0.03571428571428572
0 0.74462890625 0.5665584415584416 0.0166015625 0.03571428571428572
0 0.72119140625 0.637987012987013 0.0185546875 0.03571428571428572
0 0.66552734375 0.6396103896103896 0.0166015625 0.03571428571428572
0 0.60791015625 0.6363636363636364 0.0185546875 0.04220779220779221
0 0.63525390625 0.5900974025974026 0.0166015625 0.034090909090909095
0 0.6884765625 0.575487012987013 0.015625 0.040584415584415584
0 0.69140625 0.49512987012987014 0.017578125 0.03571428571428572
0 0.630859375 0.48863636363636365 0.015625 0.03571428571428572
0 0.5859375 0.40990259740259744 0.015625 0.03733766233766234
0 0.654296875 0.3725649350649351 0.017578125 0.03733766233766234
0 0.68017578125 0.30519480519480524 0.0146484375 0.03571428571428572
0 0.63134765625 0.28814935064935066 0.0146484375 0.030844155844155847
0 0.5869140625 0.27840909090909094 0.015625 0.03733766233766234
0 0.70361328125 0.26623376623376627 0.0146484375 0.03246753246753247
0 0.67529296875 0.20211038961038963 0.0146484375 0.0275974025974026
0 0.59521484375 0.1875 0.0146484375 0.030844155844155847
0 0.5048828125 0.46590909090909094 0.017578125 0.025974025974025976
0 0.56884765625 0.4845779220779221 0.0166015625 0.03733766233766234
0 0.57080078125 0.5689935064935066 0.0126953125 0.030844155844155847
0 0.55078125 0.6387987012987013 0.01953125 0.03733766233766234
0 0.49462890625 0.6599025974025975 0.0185546875 0.040584415584415584
0 0.44140625 0.6493506493506493 0.017578125 0.03896103896103896
0 0.384765625 0.6282467532467533 0.017578125 0.045454545454545456
0 0.322265625 0.6290584415584416 0.01953125 0.040584415584415584
0 0.38623046875 0.5584415584415585 0.0205078125 0.03246753246753247
0 0.318359375 0.5551948051948052 0.01953125 0.03896103896103896
0 0.447265625 0.5568181818181819 0.017578125 0.04220779220779221
0 0.44091796875 0.48701298701298706 0.0166015625 0.03571428571428572
0 0.3837890625 0.4642857142857143 0.015625 0.03246753246753247
0 0.31494140625 0.4626623376623377 0.0185546875 0.03246753246753247
0 0.32666015625 0.3823051948051948 0.0166015625 0.03733766233766234
0 0.39013671875 0.39042207792207795 0.0166015625 0.030844155844155847
0 0.4716796875 0.42451298701298706 0.01953125 0.034090909090909095
0 0.537109375 0.41314935064935066 0.015625 0.034090909090909095
0 0.5546875 0.3522727272727273 0.015625 0.03571428571428572
0 0.60888671875 0.3530844155844156 0.0146484375 0.034090909090909095
0 0.50244140625 0.3490259740259741 0.0146484375 0.03246753246753247
0 0.45703125 0.35064935064935066 0.015625 0.03246753246753247
0 0.39453125 0.32224025974025977 0.015625 0.024350649350649352
0 0.333984375 0.3133116883116883 0.01953125 0.03246753246753247
0 0.33544921875 0.2491883116883117 0.0166015625 0.034090909090909095
0 0.3974609375 0.2605519480519481 0.017578125 0.030844155844155847
0 0.4462890625 0.27191558441558444 0.013671875 0.034090909090909095
0 0.4912109375 0.26542207792207795 0.015625 0.034090909090909095
0 0.5419921875 0.2800324675324676 0.017578125 0.03733766233766234
0 0.5205078125 0.1866883116883117 0.017578125 0.029220779220779224
0 0.43701171875 0.19074675324675325 0.0126953125 0.024350649350649352
0 0.359375 0.200487012987013 0.015625 0.030844155844155847
0 0.1162109375 0.6347402597402598 0.017578125 0.045454545454545456
0 0.16748046875 0.5909090909090909 0.0166015625 0.03246753246753247
0 0.19287109375 0.6298701298701299 0.0185546875 0.03571428571428572
0 0.24365234375 0.5844155844155845 0.0166015625 0.03896103896103896
0 0.26513671875 0.6266233766233766 0.0185546875 0.03896103896103896
0 0.24951171875 0.48051948051948057 0.0166015625 0.03246753246753247
0 0.1943359375 0.4983766233766234 0.017578125 0.03571428571428572
0 0.12890625 0.4772727272727273 0.015625 0.03571428571428572
0 0.0703125 0.4975649350649351 0.01953125 0.03733766233766234
0 0.0859375 0.39772727272727276 0.017578125 0.03571428571428572
0 0.14404296875 0.3993506493506494 0.0166015625 0.03246753246753247
0 0.2060546875 0.41720779220779225 0.017578125 0.03571428571428572
0 0.24951171875 0.40422077922077926 0.0166015625 0.03571428571428572
0 0.27099609375 0.3198051948051948 0.0185546875 0.03896103896103896
0 0.21533203125 0.34090909090909094 0.0166015625 0.03571428571428572
0 0.15869140625 0.32224025974025977 0.0185546875 0.03733766233766234
0 0.10009765625 0.3108766233766234 0.0166015625 0.03733766233766234
0 0.123046875 0.25811688311688313 0.01953125 0.03571428571428572
0 0.13037109375 0.19561688311688313 0.0166015625 0.03733766233766234
0 0.18896484375 0.1866883116883117 0.0146484375 0.03571428571428572
0 0.18017578125 0.25243506493506496 0.0146484375 0.0275974025974026
0 0.22900390625 0.27516233766233766 0.0146484375 0.034090909090909095
0 0.28271484375 0.24512987012987014 0.0166015625 0.03896103896103896
0 0.2958984375 0.19642857142857145 0.015625 0.025974025974025976
0 0.5126953125 0.5665584415584416 0.015625 0.03246753246753247
