0 0.814453125 0.27734375 0.025390625 0.033854166666666664
0 0.8671875 0.279296875 0.01171875 0.022135416666666664
0 0.435546875 0.29361979166666663 0.015625 0.016927083333333332
0 0.09228515625 0.244140625 0.0302734375 0.03255208333333333
0 0.142578125 0.275390625 0.0234375 0.03515625
0 0.2333984375 0.2942708333333333 0.021484375 0.028645833333333332
0 0.25732421875 0.34049479166666663 0.0263671875 0.03515625
0 0.29345703125 0.2884114583333333 0.0244140625 0.03515625
0 0.32080078125 0.31119791666666663 0.0185546875 0.0234375
0 0.0078125 0.28385416666666663 0.01171875 0.0234375
0 0.4375 0.3177083333333333 0.01953125 0.0234375
0 0.4921875 0.2884114583333333 0.0234375 0.03255208333333333
0 0.5498046875 0.3020833333333333 0.037109375 0.046875
0 0.580078125 0.30078125 0.009765625 0.015625
0 0.6005859375 0.28580729166666663 0.015625 0.024739583333333332
0 0.63525390625 0.302734375 0.0263671875 0.02734375
0 0.67333984375 0.30729166666666663 0.0263671875 0.03645833333333333
0 0.71826171875 0.27408854166666663 0.0185546875 0.024739583333333332
0 0.748046875 0.30924479166666663 0.021484375 0.02734375
0 0.0302734375 0.310546875 0.009765625 0.014322916666666666
