0 0.9716796875 0.36979166666666663 0.01171875 0.024305555555555552
0 0.81884765625 0.41666666666666663 0.0126953125 0.027777777777777776
0 0.71337890625 0.41232638888888884 0.0146484375 0.03298611111111111
0 0.68896484375 0.4036458333333333 0.0068359375 0.012152777777777776
0 0.4912109375 0.44791666666666663 0.013671875 0.027777777777777776
0 0.37646484375 0.4366319444444444 0.0146484375 0.029513888888888888
0 0.41357421875 0.41840277777777773 0.0126953125 0.024305555555555552
0 0.5390625 0.40625 0.01171875 0.024305555555555552
0 0.56787109375 0.41059027777777773 0.0087890625 0.015625
0 0.56787109375 0.4114583333333333 0.0087890625 0.017361111111111112
0 0.609375 0.4678819444444444 0.01171875 0.022569444444444444
0 0.60986328125 0.4366319444444444 0.0126953125 0.026041666666666664
0 0.62060546875 0.42447916666666663 0.0087890625 0.022569444444444444
0 0.494140625 0.4036458333333333 0.01171875 0.026041666666666664
0 0.5048828125 0.4157986111111111 0.0078125 0.01909722222222222
0 0.44873046875 0.4236111111111111 0.0068359375 0.013888888888888888
0 0.470703125 0.43229166666666663 0.009765625 0.020833333333333332
0 0.46142578125 0.41840277777777773 0.0068359375 0.013888888888888888
0 0.3427734375 0.44965277777777773 0.009765625 0.017361111111111112
0 0.33251953125 0.42795138888888884 0.0087890625 0.015625
0 0.38623046875 0.4270833333333333 0.0068359375 0.017361111111111112
0 0.39697265625 0.4305555555555555 0.0068359375 0.013888888888888888
0 0.1279296875 0.4383680555555555 0.009765625 0.015625
0 0.1474609375 0.4366319444444444 0.009765625 0.01909722222222222
0 0.18359375 0.4331597222222222 0.009765625 0.01909722222222222
0 0.228515625 0.4427083333333333 0.0078125 0.013888888888888888
0 0.24462890625 0.42013888888888884 0.0126953125 0.020833333333333332
0 0.2998046875 0.4157986111111111 0.009765625 0.022569444444444444
