0 0.0048828125 0.6693467336683417 0.009765625 0.026130653266331662
0 0.056640625 0.6432160804020102 0.013671875 0.020100502512562818
0 0.09912109375 0.6321608040201006 0.0048828125 0.008040201005025126
0 0.16259765625 0.6266331658291457 0.0068359375 0.011055276381909548
0 0.21142578125 0.6437185929648241 0.0126953125 0.019095477386934675
0 0.29150390625 0.6788944723618091 0.0205078125 0.02512562814070352
0 0.3369140625 0.6175879396984926 0.0078125 0.011055276381909548
0 0.2861328125 0.6336683417085428 0.0078125 0.011055276381909548
0 0.37353515625 0.6195979899497488 0.0107421875 0.015075376884422112
0 0.4130859375 0.6939698492462312 0.03515625 0.04522613065326633
0 0.02001953125 0.7110552763819096 0.0263671875 0.03517587939698493
0 0.54345703125 0.6296482412060302 0.0107421875 0.013065326633165831
0 0.59033203125 0.6331658291457287 0.0224609375 0.032160804020100506
0 0.61669921875 0.634673366834171 0.0107421875 0.013065326633165831
0 0.64892578125 0.6155778894472362 0.0048828125 0.009045226130653268
0 0.67919921875 0.6201005025125629 0.0107421875 0.01407035175879397
0 0.71142578125 0.6291457286432162 0.0166015625 0.022110552763819097
0 0.75732421875 0.6412060301507538 0.0146484375 0.018090452261306535
0 0.77783203125 0.6251256281407036 0.0087890625 0.010050251256281409
0 0.80224609375 0.6276381909547739 0.0126953125 0.015075376884422112
0 0.82958984375 0.6190954773869347 0.0126953125 0.01206030150753769
0 0.8779296875 0.6195979899497488 0.0078125 0.013065326633165831
0 0.84765625 0.6130653266331659 0.0078125 0.010050251256281409
