0 0.09619140625 0.5651041666666666 0.0732421875 0.12239583333333333
0 0.1396484375 0.546875 0.052734375 0.10677083333333333
0 0.02001953125 0.501953125 0.0361328125 0.09505208333333333
0 0.05224609375 0.41471354166666663 0.0458984375 0.08984375
0 0.1748046875 0.4485677083333333 0.041015625 0.10286458333333333
0 0.10791015625 0.45182291666666663 0.0185546875 0.0390625
0 0.39794921875 0.3919270833333333 0.2431640625 0.3958333333333333
0 0.61279296875 0.46354166666666663 0.0263671875 0.0546875
0 0.66748046875 0.4973958333333333 0.0400390625 0.0625
0 0.638671875 0.43359375 0.01953125 0.0390625
0 0.67333984375 0.396484375 0.0185546875 0.029947916666666664
0 0.6953125 0.431640625 0.017578125 0.037760416666666664
0 0.7275390625 0.43619791666666663 0.02734375 0.041666666666666664
0 0.65625 0.41015625 0.013671875 0.0234375
0 0.73291015625 0.4140625 0.0166015625 0.026041666666666664
0 0.76513671875 0.5533854166666666 0.0673828125 0.1328125
0 0.96337890625 0.65625 0.0673828125 0.21614583333333331
0 0.99169921875 0.42447916666666663 0.0146484375 0.08072916666666666
0 0.9384765625 0.474609375 0.021484375 0.03255208333333333
0 0.96044921875 0.5045572916666666 0.0185546875 0.02734375
0 0.90380859375 0.4453125 0.0224609375 0.0390625
0 0.86572265625 0.43229166666666663 0.0205078125 0.05208333333333333
0 0.92919921875 0.44140625 0.0146484375 0.026041666666666664
0 0.9326171875 0.41666666666666663 0.009765625 0.018229166666666664
0 0.61474609375 0.3860677083333333 0.0087890625 0.024739583333333332
