0 0.078125 0.3726346433770015 0.01953125 0.03202328966521106
0 0.03662109375 0.339155749636099 0.0185546875 0.026200873362445417
0 0.53125 0.6229985443959244 0.03125 0.055312954876273655
0 0.37548828125 0.5276564774381368 0.0283203125 0.048034934497816595
0 0.279296875 0.4592430858806405 0.029296875 0.042212518195050945
0 0.91748046875 0.5596797671033479 0.0302734375 0.056768558951965066
0 0.9375 0.43013100436681223 0.02734375 0.039301310043668124
0 0.81298828125 0.4024745269286754 0.0244140625 0.0363901018922853
0 0.69287109375 0.3544395924308588 0.0205078125 0.0363901018922853
0 0.6025390625 0.33770014556040756 0.017578125 0.026200873362445417
0 0.521484375 0.3296943231441048 0.01953125 0.027656477438136828
0 0.451171875 0.29767103347889373 0.01953125 0.030567685589519653
0 0.3759765625 0.2765647743813683 0.015625 0.023289665211062592
0 0.31103515625 0.26055312954876275 0.0126953125 0.020378457059679767
0 0.2421875 0.23435225618631733 0.01171875 0.020378457059679767
0 0.2021484375 0.22197962154294032 0.01171875 0.02183406113537118
0 0.15673828125 0.2409024745269287 0.0107421875 0.01601164483260553
0 0.0859375 0.2314410480349345 0.009765625 0.017467248908296942
0 0.28759765625 0.21688500727802038 0.0107421875 0.017467248908296942
0 0.3701171875 0.2190684133915575 0.01171875 0.018922852983988356
0 0.68212890625 0.21470160116448328 0.0107421875 0.018922852983988356
0 0.5908203125 0.21542940320232898 0.01171875 0.014556040756914121
0 0.5400390625 0.23362445414847163 0.01171875 0.018922852983988356
0 0.44677734375 0.22052401746724892 0.0107421875 0.01601164483260553
0 0.9931640625 0.2037845705967977 0.01171875 0.020378457059679767
0 0.8564453125 0.19941775836972345 0.01171875 0.017467248908296942
0 0.7353515625 0.21688500727802038 0.01171875 0.017467248908296942
