0 0.078125 0.416015625 0.03125 0.045572916666666664
0 0.041015625 0.373046875 0.029296875 0.04036458333333333
0 0.0751953125 0.3743489583333333 0.03125 0.045572916666666664
0 0.13427734375 0.388671875 0.0283203125 0.04296875
0 0.16845703125 0.3899739583333333 0.0224609375 0.04036458333333333
0 0.20263671875 0.37890625 0.0224609375 0.03645833333333333
0 0.2265625 0.361328125 0.013671875 0.022135416666666664
0 0.24853515625 0.3802083333333333 0.0224609375 0.03645833333333333
0 0.26904296875 0.388671875 0.0185546875 0.029947916666666664
0 0.29345703125 0.396484375 0.0224609375 0.04036458333333333
0 0.31298828125 0.3919270833333333 0.0166015625 0.03125
0 0.31982421875 0.3782552083333333 0.0166015625 0.029947916666666664
0 0.3388671875 0.376953125 0.01171875 0.01953125
0 0.3564453125 0.369140625 0.01953125 0.02734375
0 0.35205078125 0.40885416666666663 0.0205078125 0.03645833333333333
0 0.3720703125 0.392578125 0.01953125 0.03255208333333333
0 0.3955078125 0.36979166666666663 0.017578125 0.026041666666666664
0 0.404296875 0.38541666666666663 0.017578125 0.026041666666666664
0 0.40185546875 0.41666666666666663 0.0185546875 0.028645833333333332
0 0.43896484375 0.3919270833333333 0.0185546875 0.03125
0 0.46240234375 0.4140625 0.0224609375 0.03645833333333333
0 0.48193359375 0.40885416666666663 0.0185546875 0.033854166666666664
0 0.49658203125 0.41796875 0.0146484375 0.0234375
0 0.509765625 0.392578125 0.017578125 0.03255208333333333
0 0.49462890625 0.375 0.0166015625 0.026041666666666664
0 0.51171875 0.3684895833333333 0.013671875 0.020833333333333332
0 0.53515625 0.41015625 0.017578125 0.033854166666666664
0 0.5361328125 0.37109375 0.015625 0.026041666666666664
0 0.576171875 0.419921875 0.017578125 0.029947916666666664
0 0.55615234375 0.38932291666666663 0.0185546875 0.03125
0 0.5771484375 0.388671875 0.015625 0.02734375
0 0.59033203125 0.3743489583333333 0.0146484375 0.02734375
0 0.6142578125 0.39908854166666663 0.017578125 0.029947916666666664
0 0.64306640625 0.384765625 0.0185546875 0.029947916666666664
0 0.66162109375 0.3977864583333333 0.0205078125 0.029947916666666664
0 0.693359375 0.400390625 0.01953125 0.03255208333333333
0 0.70947265625 0.37955729166666663 0.0166015625 0.029947916666666664
0 0.71484375 0.3841145833333333 0.01171875 0.03125
0 0.73583984375 0.38541666666666663 0.0205078125 0.03645833333333333
0 0.76416015625 0.392578125 0.0166015625 0.02734375
0 0.69482421875 0.48307291666666663 0.0224609375 0.033854166666666664
0 0.6103515625 0.4602864583333333 0.0234375 0.04036458333333333
0 0.57373046875 0.4524739583333333 0.0224609375 0.037760416666666664
0 0.537109375 0.4680989583333333 0.025390625 0.04296875
0 0.5673828125 0.5110677083333333 0.021484375 0.04036458333333333
0 0.81298828125 0.37760416666666663 0.0126953125 0.026041666666666664
0 0.85400390625 0.3977864583333333 0.0185546875 0.02734375
0 0.77294921875 0.46744791666666663 0.0263671875 0.046875
0 0.81787109375 0.5234375 0.0302734375 0.04427083333333333
0 0.76220703125 0.5416666666666666 0.0302734375 0.049479166666666664
0 0.1875 0.5084635416666666 0.029296875 0.05078125
0 0.236328125 0.49869791666666663 0.03125 0.041666666666666664
0 0.28076171875 0.4759114583333333 0.0224609375 0.037760416666666664
0 0.29736328125 0.5169270833333333 0.0263671875 0.0390625
0 0.34033203125 0.494140625 0.0224609375 0.037760416666666664
0 0.28173828125 0.5885416666666666 0.0322265625 0.05208333333333333
0 0.365234375 0.5397135416666666 0.033203125 0.05598958333333333
0 0.39697265625 0.4954427083333333 0.0244140625 0.037760416666666664
0 0.466796875 0.48893229166666663 0.025390625 0.04817708333333333
0 0.4970703125 0.4759114583333333 0.0234375 0.04296875
0 0.44775390625 0.5423177083333333 0.0322265625 0.045572916666666664
0 0.41259765625 0.599609375 0.0361328125 0.05859375
0 0.47802734375 0.6067708333333333 0.0302734375 0.05208333333333333
0 0.5205078125 0.548828125 0.03125 0.05078125
0 0.5654296875 0.6100260416666666 0.025390625 0.045572916666666664
0 0.60400390625 0.5677083333333333 0.0263671875 0.04427083333333333
0 0.638671875 0.525390625 0.029296875 0.045572916666666664
0 0.689453125 0.5625 0.02734375 0.04427083333333333
0 0.650390625 0.666015625 0.033203125 0.05598958333333333
0 0.76513671875 0.671875 0.0380859375 0.0625
0 0.857421875 0.5826822916666666 0.037109375 0.05078125
0 0.09716796875 0.6438802083333333 0.0419921875 0.06380208333333333
0 0.20654296875 0.6432291666666666 0.0419921875 0.06510416666666666
0 0.169921875 0.5638020833333333 0.033203125 0.05208333333333333
0 0.318359375 0.6608072916666666 0.037109375 0.05598958333333333
0 0.99267578125 0.41015625 0.0107421875 0.018229166666666664
0 0.9970703125 0.4095052083333333 0.005859375 0.029947916666666664
