0 0.125 0.872992700729927 0.01953125 0.0437956204379562
0 0.04345703125 0.8489051094890511 0.0166015625 0.03941605839416058
0 0.23193359375 0.837956204379562 0.0107421875 0.02335766423357664
0 0.16796875 0.8708029197080291 0.013671875 0.03357664233576642
0 0.1904296875 0.9116788321167882 0.015625 0.0364963503649635
0 0.2333984375 0.810948905109489 0.01171875 0.024817518248175182
0 0.2421875 0.721897810218978 0.009765625 0.024817518248175182
0 0.1826171875 0.7226277372262774 0.009765625 0.02335766423357664
0 0.15869140625 0.7518248175182481 0.0126953125 0.02627737226277372
0 0.1279296875 0.7321167883211679 0.009765625 0.024817518248175182
0 0.146484375 0.7861313868613138 0.01171875 0.024817518248175182
0 0.12255859375 0.802919708029197 0.0107421875 0.02335766423357664
0 0.10205078125 0.7795620437956204 0.0087890625 0.02335766423357664
0 0.0908203125 0.7306569343065693 0.009765625 0.024817518248175182
0 0.0556640625 0.710948905109489 0.009765625 0.02627737226277372
0 0.3564453125 0.8693430656934306 0.017578125 0.04233576642335766
0 0.29931640625 0.8693430656934306 0.0205078125 0.051094890510948905
0 0.265625 0.8664233576642335 0.01953125 0.04233576642335766
0 0.3642578125 0.8145985401459853 0.01171875 0.02627737226277372
0 0.33740234375 0.8138686131386861 0.0107421875 0.024817518248175182
0 0.30859375 0.8175182481751825 0.01171875 0.02627737226277372
0 0.392578125 0.8233576642335766 0.009765625 0.020437956204379562
0 0.3828125 0.7554744525547444 0.01171875 0.024817518248175182
0 0.26123046875 0.8175182481751825 0.0107421875 0.02335766423357664
0 0.32373046875 0.7905109489051094 0.0107421875 0.0218978102189781
0 0.38330078125 0.7875912408759124 0.0087890625 0.01897810218978102
0 0.28662109375 0.8131386861313868 0.0126953125 0.02335766423357664
0 0.2978515625 0.7927007299270072 0.009765625 0.020437956204379562
0 0.2802734375 0.8452554744525547 0.01171875 0.020437956204379562
0 0.4169921875 0.7467153284671533 0.009765625 0.01897810218978102
0 0.4326171875 0.740875912408759 0.01171875 0.0218978102189781
0 0.47509765625 0.7430656934306569 0.0107421875 0.020437956204379562
0 0.50390625 0.7423357664233576 0.013671875 0.0218978102189781
0 0.49609375 0.7211678832116788 0.013671875 0.02627737226277372
0 0.51318359375 0.7116788321167883 0.0107421875 0.016058394160583942
0 0.49560546875 0.7708029197080292 0.0107421875 0.020437956204379562
0 0.5673828125 0.7416058394160584 0.01171875 0.02627737226277372
0 0.57177734375 0.7875912408759124 0.0107421875 0.024817518248175182
0 0.56591796875 0.7934306569343065 0.0087890625 0.024817518248175182
0 0.58984375 0.8372262773722627 0.009765625 0.0218978102189781
0 0.4873046875 0.8167883211678831 0.01171875 0.024817518248175182
0 0.53076171875 0.7846715328467153 0.0107421875 0.024817518248175182
0 0.4638671875 0.8467153284671532 0.01171875 0.029197080291970802
0 0.5048828125 0.8897810218978102 0.021484375 0.04817518248175182
0 0.423828125 0.8751824817518248 0.01953125 0.04525547445255474
0 0.41064453125 0.8751824817518248 0.0205078125 0.04233576642335766
0 0.57421875 0.8781021897810218 0.017578125 0.03357664233576642
0 0.58984375 0.9175182481751825 0.01953125 0.03941605839416058
0 0.46240234375 0.7686131386861313 0.0107421875 0.024817518248175182
0 0.5068359375 0.7912408759124087 0.009765625 0.020437956204379562
0 0.515625 0.775912408759124 0.009765625 0.024817518248175182
0 0.5625 0.8401459854014598 0.009765625 0.0218978102189781
0 0.41162109375 0.8138686131386861 0.0107421875 0.0218978102189781
0 0.43603515625 0.7970802919708029 0.0087890625 0.01751824817518248
0 0.591796875 0.6496350364963503 0.01171875 0.020437956204379562
0 0.6220703125 0.645985401459854 0.009765625 0.024817518248175182
0 0.634765625 0.6583941605839415 0.01171875 0.020437956204379562
0 0.6318359375 0.6795620437956204 0.01171875 0.0218978102189781
0 0.68310546875 0.6518248175182482 0.0107421875 0.0218978102189781
0 0.70361328125 0.6948905109489051 0.0107421875 0.02335766423357664
0 0.5888671875 0.710948905109489 0.009765625 0.02335766423357664
0 0.65087890625 0.7583941605839416 0.0107421875 0.024817518248175182
0 0.70654296875 0.756934306569343 0.0126953125 0.02773722627737226
0 0.67431640625 0.8065693430656934 0.0146484375 0.03065693430656934
0 0.60986328125 0.827007299270073 0.0146484375 0.02773722627737226
0 0.59375 0.8058394160583942 0.013671875 0.029197080291970802
0 0.6904296875 0.8036496350364963 0.01171875 0.02773722627737226
0 0.66748046875 0.7854014598540145 0.0107421875 0.02335766423357664
0 0.61279296875 0.718978102189781 0.0126953125 0.024817518248175182
0 0.66015625 0.7248175182481751 0.009765625 0.0218978102189781
0 0.60595703125 0.7627737226277371 0.0126953125 0.0218978102189781
0 0.67919921875 0.7437956204379561 0.0107421875 0.02773722627737226
0 0.71484375 0.8401459854014598 0.021484375 0.04233576642335766
0 0.63525390625 0.8627737226277372 0.0244140625 0.049635036496350364
0 0.75341796875 0.7751824817518248 0.0146484375 0.02627737226277372
0 0.8125 0.7613138686131387 0.013671875 0.024817518248175182
0 0.7861328125 0.7934306569343065 0.01171875 0.0218978102189781
0 0.72705078125 0.7627737226277371 0.0126953125 0.024817518248175182
0 0.7353515625 0.8043795620437956 0.01171875 0.02627737226277372
0 0.8388671875 0.656934306569343 0.01171875 0.02627737226277372
0 0.8291015625 0.6437956204379561 0.009765625 0.020437956204379562
0 0.8076171875 0.6518248175182482 0.01171875 0.024817518248175182
0 0.826171875 0.6036496350364963 0.009765625 0.0218978102189781
0 0.77392578125 0.6262773722627737 0.0068359375 0.020437956204379562
0 0.73876953125 0.6262773722627737 0.0107421875 0.02627737226277372
0 0.79541015625 0.7364963503649634 0.0126953125 0.024817518248175182
0 0.76708984375 0.7423357664233576 0.0126953125 0.024817518248175182
0 0.76416015625 0.7145985401459853 0.0107421875 0.024817518248175182
0 0.7587890625 0.6927007299270073 0.01171875 0.02773722627737226
0 0.82421875 0.683941605839416 0.009765625 0.02773722627737226
0 0.8359375 0.7554744525547444 0.009765625 0.024817518248175182
0 0.73095703125 0.7335766423357664 0.0087890625 0.024817518248175182
0 0.73779296875 0.740875912408759 0.0087890625 0.0218978102189781
0 0.74658203125 0.7598540145985401 0.0107421875 0.024817518248175182
0 0.80712890625 0.6131386861313868 0.0107421875 0.02335766423357664
0 0.83935546875 0.6080291970802919 0.0107421875 0.0218978102189781
0 0.7314453125 0.6364963503649634 0.009765625 0.02335766423357664
0 0.7841796875 0.7277372262773723 0.0078125 0.0218978102189781
0 0.703125 0.6145985401459854 0.01171875 0.020437956204379562
0 0.748046875 0.6766423357664233 0.009765625 0.0218978102189781
0 0.81103515625 0.7087591240875912 0.0107421875 0.0218978102189781
0 0.6787109375 0.6182481751824818 0.0078125 0.016058394160583942
0 0.6787109375 0.637956204379562 0.009765625 0.02335766423357664
0 0.94091796875 0.7656934306569343 0.0146484375 0.024817518248175182
0 0.86572265625 0.7832116788321167 0.0126953125 0.02773722627737226
0 0.85400390625 0.7956204379562043 0.0107421875 0.02335766423357664
0 0.9091796875 0.7817518248175181 0.013671875 0.02773722627737226
0 0.94482421875 0.7306569343065693 0.0126953125 0.024817518248175182
0 0.9140625 0.7051094890510948 0.01171875 0.02627737226277372
0 0.94775390625 0.7065693430656934 0.0126953125 0.01751824817518248
0 0.8759765625 0.7532846715328466 0.015625 0.02627737226277372
0 0.87841796875 0.6875912408759124 0.0126953125 0.02627737226277372
0 0.89111328125 0.6802919708029197 0.0107421875 0.02627737226277372
0 0.85693359375 0.6861313868613138 0.0126953125 0.02335766423357664
0 0.84765625 0.7167883211678832 0.009765625 0.02335766423357664
0 0.8681640625 0.8686131386861313 0.0234375 0.04671532846715328
0 0.93359375 0.7489051094890511 0.01171875 0.02335766423357664
0 0.9150390625 0.8664233576642335 0.017578125 0.03065693430656934
0 0.62158203125 0.8036496350364963 0.0126953125 0.0218978102189781
0 0.97216796875 0.6437956204379561 0.0126953125 0.02335766423357664
0 0.962890625 0.6160583941605839 0.013671875 0.02627737226277372
0 0.99267578125 0.618978102189781 0.0107421875 0.02335766423357664
0 0.9208984375 0.6364963503649634 0.01171875 0.02335766423357664
0 0.93212890625 0.6145985401459854 0.0126953125 0.02627737226277372
0 0.97705078125 0.5722627737226277 0.0107421875 0.02627737226277372
0 0.8837890625 0.6496350364963503 0.01171875 0.020437956204379562
0 0.9072265625 0.6233576642335766 0.01171875 0.029197080291970802
0 0.89013671875 0.6270072992700729 0.0107421875 0.0218978102189781
0 0.86474609375 0.6240875912408759 0.0107421875 0.024817518248175182
0 0.90771484375 0.5970802919708029 0.0107421875 0.020437956204379562
0 0.9462890625 0.5751824817518247 0.009765625 0.020437956204379562
0 0.99169921875 0.52992700729927 0.0107421875 0.02335766423357664
0 0.97509765625 0.5321167883211678 0.0126953125 0.024817518248175182
0 0.92236328125 0.5788321167883211 0.0126953125 0.024817518248175182
0 0.9189453125 0.5525547445255474 0.01171875 0.0218978102189781
0 0.9052734375 0.5751824817518247 0.009765625 0.020437956204379562
0 0.9111328125 0.5284671532846715 0.01171875 0.02335766423357664
0 0.8935546875 0.5350364963503649 0.01171875 0.0218978102189781
0 0.861328125 0.537956204379562 0.01171875 0.0218978102189781
0 0.85595703125 0.5788321167883211 0.0126953125 0.01313868613138686
0 0.7666015625 0.564963503649635 0.009765625 0.02335766423357664
0 0.80224609375 0.5394160583941605 0.0126953125 0.024817518248175182
0 0.79541015625 0.5737226277372263 0.0107421875 0.02335766423357664
0 0.81005859375 0.5868613138686131 0.0107421875 0.02335766423357664
0 0.82861328125 0.5656934306569342 0.0087890625 0.0218978102189781
0 0.9755859375 0.5094890510948905 0.009765625 0.01751824817518248
0 0.98974609375 0.437956204379562 0.0107421875 0.020437956204379562
0 0.94091796875 0.45985401459854014 0.0107421875 0.02335766423357664
0 0.962890625 0.4912408759124087 0.009765625 0.0218978102189781
0 0.99609375 0.4802919708029197 0.0078125 0.020437956204379562
0 0.94970703125 0.5051094890510949 0.0107421875 0.020437956204379562
0 0.9462890625 0.5386861313868613 0.013671875 0.02335766423357664
0 0.9375 0.49270072992700725 0.009765625 0.01897810218978102
0 0.95068359375 0.2927007299270073 0.0087890625 0.01897810218978102
0 0.978515625 0.2832116788321168 0.009765625 0.014598540145985401
0 0.9443359375 0.32262773722627736 0.009765625 0.014598540145985401
0 0.91796875 0.3620437956204379 0.009765625 0.01751824817518248
0 0.89013671875 0.3773722627737226 0.0107421875 0.01897810218978102
0 0.8779296875 0.39781021897810215 0.01171875 0.0218978102189781
0 0.8623046875 0.3357664233576642 0.009765625 0.020437956204379562
0 0.91162109375 0.3175182481751825 0.0107421875 0.0218978102189781
0 0.8994140625 0.29781021897810217 0.009765625 0.01751824817518248
0 0.8896484375 0.283941605839416 0.009765625 0.01897810218978102
0 0.9296875 0.29854014598540146 0.0078125 0.01313868613138686
0 0.8212890625 0.32335766423357665 0.009765625 0.0218978102189781
0 0.857421875 0.29635036496350364 0.01171875 0.020437956204379562
0 0.87939453125 0.33211678832116787 0.0087890625 0.01897810218978102
0 0.796875 0.33795620437956203 0.009765625 0.01897810218978102
0 0.794921875 0.41678832116788317 0.009765625 0.0218978102189781
0 0.80419921875 0.3759124087591241 0.0087890625 0.01897810218978102
0 0.85009765625 0.35912408759124087 0.0087890625 0.01751824817518248
0 0.83544921875 0.41532846715328464 0.0087890625 0.01897810218978102
0 0.8193359375 0.29635036496350364 0.0078125 0.01751824817518248
0 0.7666015625 0.3598540145985401 0.0078125 0.016058394160583942
0 0.76953125 0.410948905109489 0.009765625 0.0218978102189781
0 0.724609375 0.45109489051094886 0.009765625 0.020437956204379562
0 0.81005859375 0.4562043795620438 0.0107421875 0.0218978102189781
0 0.78125 0.4605839416058394 0.009765625 0.0218978102189781
0 0.7568359375 0.4525547445255474 0.009765625 0.02335766423357664
0 0.7353515625 0.3452554744525547 0.009765625 0.01897810218978102
0 0.75732421875 0.33795620437956203 0.0087890625 0.016058394160583942
0 0.67724609375 0.32116788321167883 0.0107421875 0.01751824817518248
0 0.70263671875 0.34452554744525543 0.0087890625 0.020437956204379562
0 0.72998046875 0.3722627737226277 0.0087890625 0.020437956204379562
0 0.72412109375 0.4065693430656934 0.0107421875 0.01897810218978102
0 0.7431640625 0.4043795620437956 0.01171875 0.02335766423357664
0 0.68701171875 0.39051094890510946 0.0107421875 0.01897810218978102
0 0.68896484375 0.41532846715328464 0.0087890625 0.0218978102189781
0 0.64794921875 0.49562043795620436 0.0087890625 0.01897810218978102
0 0.7275390625 0.48832116788321167 0.0078125 0.01897810218978102
0 0.69677734375 0.45839416058394156 0.0107421875 0.020437956204379562
0 0.62451171875 0.3861313868613138 0.0087890625 0.01897810218978102
0 0.66162109375 0.3854014598540146 0.0087890625 0.020437956204379562
0 0.67578125 0.345985401459854 0.0078125 0.01751824817518248
0 0.5888671875 0.3620437956204379 0.0078125 0.01751824817518248
0 0.61376953125 0.3532846715328467 0.0087890625 0.020437956204379562
0 0.634765625 0.3627737226277372 0.0078125 0.01897810218978102
0 0.6005859375 0.4043795620437956 0.009765625 0.020437956204379562
0 0.578125 0.39781021897810215 0.009765625 0.01897810218978102
0 0.63134765625 0.5372262773722627 0.0107421875 0.020437956204379562
0 0.63818359375 0.4642335766423357 0.0107421875 0.01751824817518248
0 0.41259765625 0.5277372262773722 0.0107421875 0.01897810218978102
0 0.35888671875 0.5430656934306569 0.0087890625 0.020437956204379562
0 0.13427734375 0.683941605839416 0.0107421875 0.0218978102189781
0 0.224609375 0.672992700729927 0.01171875 0.02335766423357664
0 0.1845703125 0.6897810218978102 0.009765625 0.0218978102189781
0 0.28271484375 0.6897810218978102 0.0087890625 0.0218978102189781
0 0.33544921875 0.6401459854014598 0.0107421875 0.0218978102189781
0 0.28515625 0.648905109489051 0.01171875 0.0218978102189781
0 0.3388671875 0.6766423357664233 0.009765625 0.024817518248175182
0 0.43408203125 0.6401459854014598 0.0126953125 0.0218978102189781
0 0.384765625 0.6364963503649634 0.01171875 0.02335766423357664
0 0.93212890625 0.11605839416058393 0.0087890625 0.01897810218978102
0 0.939453125 0.14379562043795618 0.0078125 0.016058394160583942
0 0.91357421875 0.11678832116788321 0.0087890625 0.020437956204379562
0 0.9052734375 0.14306569343065692 0.009765625 0.020437956204379562
0 0.869140625 0.12481751824817518 0.0078125 0.016058394160583942
0 0.8876953125 0.11386861313868613 0.0078125 0.01751824817518248
0 0.8984375 0.10510948905109488 0.0078125 0.01751824817518248
0 0.91943359375 0.10364963503649634 0.0087890625 0.01751824817518248
0 0.91845703125 0.18613138686131386 0.0087890625 0.01897810218978102
0 0.833984375 0.16131386861313868 0.009765625 0.01897810218978102
0 0.83544921875 0.2065693430656934 0.0087890625 0.01897810218978102
0 0.87890625 0.1503649635036496 0.0078125 0.01751824817518248
0 0.8642578125 0.1759124087591241 0.009765625 0.01897810218978102
0 0.88720703125 0.19854014598540146 0.0087890625 0.01751824817518248
0 0.86376953125 0.10875912408759124 0.0087890625 0.016058394160583942
0 0.830078125 0.12554744525547445 0.0078125 0.020437956204379562
0 0.76513671875 0.17372262773722627 0.0087890625 0.01751824817518248
0 0.86865234375 0.06934306569343066 0.0087890625 0.016058394160583942
0 0.92529296875 0.03503649635036496 0.0087890625 0.014598540145985401
0 0.90673828125 0.03868613138686131 0.0087890625 0.016058394160583942
0 0.88818359375 0.06131386861313868 0.0087890625 0.01751824817518248
0 0.87841796875 0.03795620437956204 0.0068359375 0.01751824817518248
0 0.8955078125 0.031386861313868614 0.0078125 0.016058394160583942
0 0.921875 0.00583941605839416 0.009765625 0.01167883211678832
0 0.90283203125 0.01751824817518248 0.0068359375 0.014598540145985401
0 0.87890625 0.00875912408759124 0.0078125 0.014598540145985401
0 0.86669921875 0.010218978102189781 0.0087890625 0.01751824817518248
0 0.859375 0.01386861313868613 0.0078125 0.01313868613138686
0 0.81689453125 0.050364963503649635 0.0068359375 0.016058394160583942
0 0.84814453125 0.09416058394160583 0.0087890625 0.016058394160583942
0 0.84619140625 0.0751824817518248 0.0087890625 0.01313868613138686
0 0.85986328125 0.06715328467153284 0.0068359375 0.014598540145985401
0 0.85546875 0.04671532846715328 0.0078125 0.014598540145985401
0 0.8271484375 0.03284671532846715 0.0078125 0.016058394160583942
0 0.79150390625 0.06350364963503649 0.0087890625 0.016058394160583942
0 0.7685546875 0.01386861313868613 0.0078125 0.016058394160583942
0 0.7861328125 0.010218978102189781 0.009765625 0.014598540145985401
0 0.814453125 0.020437956204379562 0.0078125 0.014598540145985401
0 0.802734375 0.11897810218978101 0.0078125 0.016058394160583942
0 0.82470703125 0.07810218978102189 0.0087890625 0.016058394160583942
0 0.83740234375 0.06131386861313868 0.0068359375 0.014598540145985401
0 0.8115234375 0.1751824817518248 0.009765625 0.01751824817518248
0 0.78955078125 0.17737226277372262 0.0087890625 0.01897810218978102
0 0.7802734375 0.15620437956204378 0.009765625 0.01751824817518248
0 0.7958984375 0.16131386861313868 0.009765625 0.01897810218978102
0 0.7841796875 0.13941605839416057 0.0078125 0.016058394160583942
0 0.7685546875 0.1072992700729927 0.0078125 0.016058394160583942
0 0.77685546875 0.02773722627737226 0.0087890625 0.01751824817518248
0 0.81689453125 0.13211678832116788 0.0087890625 0.016058394160583942
0 0.85791015625 0.16058394160583941 0.0087890625 0.01751824817518248
0 0.84423828125 0.18832116788321165 0.0068359375 0.01751824817518248
0 0.92919921875 0.07445255474452554 0.0068359375 0.01751824817518248
0 0.98291015625 0.14306569343065692 0.0087890625 0.020437956204379562
0 0.9677734375 0.18613138686131386 0.009765625 0.01897810218978102
0 0.9873046875 0.1802919708029197 0.0078125 0.01897810218978102
0 0.947265625 0.1759124087591241 0.01171875 0.0218978102189781
0 0.96484375 0.15182481751824817 0.009765625 0.020437956204379562
0 0.9794921875 0.10218978102189781 0.009765625 0.020437956204379562
0 0.95361328125 0.11021897810218978 0.0087890625 0.016058394160583942
0 0.99560546875 0.07737226277372262 0.0087890625 0.020437956204379562
0 0.9775390625 0.06496350364963503 0.009765625 0.0218978102189781
0 0.9912109375 0.02335766423357664 0.0078125 0.01751824817518248
0 0.966796875 0.02262773722627737 0.009765625 0.01897810218978102
0 0.95751953125 0.03868613138686131 0.0087890625 0.01897810218978102
0 0.94873046875 0.08248175182481751 0.0068359375 0.016058394160583942
0 0.93701171875 0.08029197080291971 0.0087890625 0.01751824817518248
0 0.93359375 0.01751824817518248 0.0078125 0.014598540145985401
0 0.748046875 0.0437956204379562 0.0078125 0.01751824817518248
0 0.73828125 0.10364963503649634 0.009765625 0.01751824817518248
0 0.7197265625 0.08686131386861314 0.0078125 0.016058394160583942
0 0.69873046875 0.08613138686131386 0.0087890625 0.01751824817518248
0 0.677734375 0.09124087591240876 0.0078125 0.016058394160583942
0 0.75927734375 0.07810218978102189 0.0087890625 0.01897810218978102
0 0.75927734375 0.14817518248175182 0.0087890625 0.01897810218978102
0 0.7451171875 0.1759124087591241 0.0078125 0.016058394160583942
0 0.73046875 0.16204379562043794 0.0078125 0.01751824817518248
0 0.75390625 0.13941605839416057 0.0078125 0.016058394160583942
0 0.6796875 0.19562043795620437 0.01171875 0.020437956204379562
0 0.64599609375 0.1802919708029197 0.0087890625 0.016058394160583942
0 0.693359375 0.16642335766423358 0.0078125 0.01751824817518248
0 0.67578125 0.1218978102189781 0.0078125 0.016058394160583942
0 0.65966796875 0.1335766423357664 0.0087890625 0.01897810218978102
0 0.6904296875 0.0708029197080292 0.0078125 0.016058394160583942
0 0.69970703125 0.059124087591240874 0.0087890625 0.01897810218978102
0 0.71240234375 0.03795620437956204 0.0087890625 0.01751824817518248
0 0.73193359375 0.029197080291970802 0.0087890625 0.01751824817518248
0 0.74609375 0.01532846715328467 0.0078125 0.016058394160583942
0 0.6650390625 0.06204379562043795 0.0078125 0.016058394160583942
0 0.6728515625 0.02335766423357664 0.0078125 0.01751824817518248
0 0.68359375 0.040875912408759124 0.0078125 0.014598540145985401
0 0.68408203125 0.06423357664233577 0.0068359375 0.014598540145985401
0 0.65771484375 0.04525547445255474 0.0087890625 0.01751824817518248
0 0.62646484375 0.14525547445255474 0.0087890625 0.016058394160583942
0 0.61962890625 0.17664233576642335 0.0087890625 0.01751824817518248
0 0.65380859375 0.16058394160583941 0.0087890625 0.01751824817518248
0 0.63232421875 0.16861313868613137 0.0087890625 0.01897810218978102
0 0.62255859375 0.08029197080291971 0.0087890625 0.01751824817518248
0 0.64306640625 0.10510948905109488 0.0087890625 0.014598540145985401
0 0.626953125 0.04598540145985401 0.0078125 0.01313868613138686
0 0.63232421875 0.02116788321167883 0.0068359375 0.016058394160583942
0 0.619140625 0.014598540145985401 0.0078125 0.01751824817518248
0 0.63916015625 0.08102189781021897 0.0068359375 0.01897810218978102
0 0.64013671875 0.1291970802919708 0.0087890625 0.01897810218978102
0 0.72119140625 0.1094890510948905 0.0087890625 0.020437956204379562
0 0.68994140625 0.2145985401459854 0.0087890625 0.014598540145985401
0 0.673828125 0.14890510948905109 0.009765625 0.01751824817518248
0 0.66455078125 0.2145985401459854 0.0087890625 0.01751824817518248
0 0.65234375 0.22116788321167882 0.009765625 0.01897810218978102
0 0.6484375 0.20583941605839415 0.009765625 0.01751824817518248
0 0.59033203125 0.1875912408759124 0.0087890625 0.01897810218978102
0 0.5849609375 0.21240875912408758 0.0078125 0.016058394160583942
0 0.56982421875 0.1854014598540146 0.0087890625 0.01751824817518248
0 0.58642578125 0.16496350364963502 0.0107421875 0.020437956204379562
0 0.564453125 0.22335766423357664 0.009765625 0.020437956204379562
0 0.5810546875 0.24160583941605837 0.009765625 0.01897810218978102
0 0.6298828125 0.26423357664233577 0.009765625 0.020437956204379562
0 0.591796875 0.26423357664233577 0.009765625 0.020437956204379562
0 0.59326171875 0.24160583941605837 0.0087890625 0.016058394160583942
0 0.55322265625 0.2854014598540146 0.0087890625 0.01897810218978102
0 0.55712890625 0.26861313868613135 0.0087890625 0.01751824817518248
0 0.55908203125 0.2569343065693431 0.0087890625 0.020437956204379562
0 0.57275390625 0.17153284671532845 0.0087890625 0.01897810218978102
0 0.580078125 0.20145985401459854 0.0078125 0.020437956204379562
0 0.5986328125 0.1897810218978102 0.0078125 0.01751824817518248
0 0.6162109375 0.23941605839416058 0.0078125 0.014598540145985401
0 0.62841796875 0.24160583941605837 0.0087890625 0.016058394160583942
0 0.595703125 0.14379562043795618 0.0078125 0.01313868613138686
0 0.556640625 0.15474452554744525 0.0078125 0.01751824817518248
0 0.88134765625 0.5197080291970803 0.0107421875 0.02335766423357664
0 0.85498046875 0.5197080291970803 0.0087890625 0.01751824817518248
0 0.83984375 0.5364963503649635 0.01171875 0.0218978102189781
0 0.74462890625 0.3145985401459854 0.0107421875 0.01897810218978102
0 0.7216796875 0.31386861313868614 0.009765625 0.01751824817518248
0 0.69677734375 0.31532846715328466 0.0107421875 0.01751824817518248
0 0.62548828125 0.31386861313868614 0.0087890625 0.020437956204379562
0 0.66015625 0.35620437956204376 0.009765625 0.020437956204379562
0 0.64990234375 0.318978102189781 0.0107421875 0.01897810218978102
0 0.77099609375 0.30583941605839415 0.0087890625 0.016058394160583942
0 0.78466796875 0.3116788321167883 0.0087890625 0.01313868613138686
0 0.12255859375 0.050364963503649635 0.0068359375 0.01313868613138686
0 0.0390625 0.07591240875912408 0.0078125 0.014598540145985401
0 0.0927734375 0.10656934306569342 0.0078125 0.014598540145985401
0 0.12939453125 0.09197080291970802 0.0087890625 0.01751824817518248
0 0.07080078125 0.03503649635036496 0.0068359375 0.014598540145985401
0 0.0830078125 0.03576642335766423 0.005859375 0.016058394160583942
0 0.0810546875 0.08102189781021897 0.0078125 0.01313868613138686
0 0.064453125 0.10875912408759124 0.0078125 0.016058394160583942
0 0.0498046875 0.12262773722627736 0.0078125 0.014598540145985401
0 0.02880859375 0.13795620437956205 0.0087890625 0.016058394160583942
0 0.1181640625 0.13065693430656933 0.0078125 0.016058394160583942
0 0.13623046875 0.12992700729927006 0.0087890625 0.01751824817518248
0 0.13916015625 0.09708029197080291 0.0087890625 0.01897810218978102
0 0.0732421875 0.07226277372262774 0.0078125 0.016058394160583942
0 0.06005859375 0.08321167883211679 0.0087890625 0.014598540145985401
0 0.09619140625 0.13722627737226276 0.0068359375 0.014598540145985401
0 0.10498046875 0.10145985401459853 0.0068359375 0.01313868613138686
0 0.1005859375 0.09635036496350365 0.0078125 0.01751824817518248
0 0.021484375 0.09927007299270073 0.005859375 0.014598540145985401
0 0.01904296875 0.06204379562043795 0.0068359375 0.01313868613138686
0 0.130859375 0.05766423357664233 0.0078125 0.016058394160583942
0 0.07080078125 0.12335766423357664 0.0068359375 0.01313868613138686
0 0.01220703125 0.12627737226277372 0.0068359375 0.016058394160583942
0 0.1142578125 0.02846715328467153 0.0078125 0.01313868613138686
0 0.029296875 0.07445255474452554 0.0078125 0.014598540145985401
0 0.046875 0.07226277372262774 0.005859375 0.016058394160583942
0 0.07958984375 0.14671532846715327 0.0068359375 0.01313868613138686
0 0.09521484375 0.02116788321167883 0.0068359375 0.016058394160583942
0 0.0478515625 0.0437956204379562 0.0078125 0.014598540145985401
0 0.15771484375 0.03284671532846715 0.0068359375 0.01313868613138686
0 0.2041015625 0.032116788321167884 0.0078125 0.014598540145985401
0 0.22216796875 0.12335766423357664 0.0068359375 0.016058394160583942
0 0.22265625 0.11094890510948904 0.0078125 0.014598540145985401
0 0.208984375 0.11094890510948904 0.0078125 0.014598540145985401
0 0.1494140625 0.4802919708029197 0.009765625 0.01751824817518248
0 0.16064453125 0.48832116788321167 0.0087890625 0.016058394160583942
0 0.15087890625 0.5058394160583941 0.0087890625 0.016058394160583942
0 0.1416015625 0.5094890510948905 0.009765625 0.01751824817518248
0 0.17529296875 0.4875912408759124 0.0087890625 0.014598540145985401
0 0.1201171875 0.5328467153284672 0.0078125 0.01751824817518248
0 0.095703125 0.5437956204379562 0.01171875 0.0218978102189781
0 0.08447265625 0.5613138686131387 0.0087890625 0.01897810218978102
0 0.0634765625 0.5613138686131387 0.009765625 0.01897810218978102
0 0.16845703125 0.4408759124087591 0.0087890625 0.01751824817518248
0 0.1865234375 0.4262773722627737 0.009765625 0.020437956204379562
0 0.1484375 0.4284671532846715 0.009765625 0.01897810218978102
0 0.0986328125 0.410948905109489 0.0078125 0.016058394160583942
0 0.1533203125 0.46788321167883207 0.0078125 0.016058394160583942
0 0.091796875 0.4978102189781022 0.009765625 0.020437956204379562
0 0.07763671875 0.537956204379562 0.0087890625 0.01897810218978102
0 0.041015625 0.5540145985401459 0.009765625 0.01897810218978102
0 0.03076171875 0.5605839416058394 0.0087890625 0.020437956204379562
0 0.17333984375 0.5087591240875912 0.0087890625 0.016058394160583942
0 0.07666015625 0.5131386861313868 0.0087890625 0.016058394160583942
0 0.04345703125 0.5262773722627737 0.0107421875 0.01897810218978102
0 0.02490234375 0.46934306569343065 0.0107421875 0.01897810218978102
0 0.01953125 0.4985401459854014 0.009765625 0.01897810218978102
0 0.0693359375 0.47664233576642334 0.009765625 0.01897810218978102
0 0.06884765625 0.4627737226277372 0.0107421875 0.01751824817518248
0 0.13232421875 0.4635036496350365 0.0087890625 0.016058394160583942
0 0.1259765625 0.44160583941605835 0.009765625 0.016058394160583942
0 0.12548828125 0.5014598540145985 0.0087890625 0.016058394160583942
0 0.10888671875 0.49416058394160584 0.0087890625 0.016058394160583942
0 0.10986328125 0.46131386861313867 0.0087890625 0.01751824817518248
0 0.09619140625 0.44160583941605835 0.0087890625 0.016058394160583942
0 0.08447265625 0.4481751824817518 0.0087890625 0.01751824817518248
0 0.064453125 0.42992700729927 0.009765625 0.01897810218978102
0 0.09814453125 0.4627737226277372 0.0087890625 0.014598540145985401
0 0.0537109375 0.44963503649635034 0.0078125 0.01751824817518248
0 0.0458984375 0.44160583941605835 0.009765625 0.016058394160583942
0 0.0341796875 0.45109489051094886 0.009765625 0.01751824817518248
0 0.0576171875 0.5277372262773722 0.009765625 0.01897810218978102
0 0.1328125 0.4204379562043795 0.009765625 0.01751824817518248
0 0.13134765625 0.3970802919708029 0.0087890625 0.01751824817518248
0 0.16845703125 0.418978102189781 0.0087890625 0.01751824817518248
0 0.1767578125 0.3854014598540146 0.009765625 0.01751824817518248
0 0.150390625 0.3854014598540146 0.009765625 0.01751824817518248
0 0.0986328125 0.3861313868613138 0.009765625 0.01897810218978102
0 0.07080078125 0.41021897810218977 0.0087890625 0.01751824817518248
0 0.0703125 0.3948905109489051 0.0078125 0.01313868613138686
0 0.0576171875 0.39343065693430657 0.0078125 0.016058394160583942
0 0.0751953125 0.38175182481751824 0.0078125 0.016058394160583942
0 0.04931640625 0.4138686131386861 0.0087890625 0.01897810218978102
0 0.03466796875 0.3897810218978102 0.0087890625 0.01751824817518248
0 0.02294921875 0.38175182481751824 0.0087890625 0.016058394160583942
0 0.0888671875 0.3824817518248175 0.0078125 0.014598540145985401
0 0.1181640625 0.3854014598540146 0.009765625 0.01751824817518248
0 0.12548828125 0.48613138686131385 0.0087890625 0.01751824817518248
0 0.05224609375 0.47372262773722623 0.0087890625 0.016058394160583942
0 0.03955078125 0.4912408759124087 0.0087890625 0.01313868613138686
0 0.0224609375 0.5313868613138686 0.0078125 0.01751824817518248
0 0.03466796875 0.5182481751824817 0.0087890625 0.01751824817518248
0 0.04443359375 0.5102189781021897 0.0087890625 0.01897810218978102
0 0.06396484375 0.5102189781021897 0.0087890625 0.016058394160583942
0 0.142578125 0.4802919708029197 0.0078125 0.01751824817518248
0 0.02685546875 0.5437956204379562 0.0087890625 0.016058394160583942
0 0.0205078125 0.4065693430656934 0.005859375 0.016058394160583942
0 0.02490234375 0.4467153284671533 0.0087890625 0.014598540145985401
0 0.27490234375 0.49051094890510943 0.0087890625 0.01751824817518248
0 0.30517578125 0.4437956204379562 0.0107421875 0.020437956204379562
0 0.30615234375 0.41021897810218977 0.0107421875 0.020437956204379562
0 0.26611328125 0.42700729927007297 0.0087890625 0.016058394160583942
0 0.2607421875 0.45912408759124085 0.0078125 0.016058394160583942
0 0.27685546875 0.45912408759124085 0.0087890625 0.016058394160583942
0 0.25244140625 0.4817518248175182 0.0107421875 0.020437956204379562
0 0.2529296875 0.45912408759124085 0.0078125 0.016058394160583942
0 0.2421875 0.42992700729927 0.009765625 0.01897810218978102
0 0.251953125 0.4284671532846715 0.009765625 0.01897810218978102
0 0.26513671875 0.4021897810218978 0.0087890625 0.01897810218978102
0 0.283203125 0.3927007299270073 0.009765625 0.01751824817518248
0 0.3115234375 0.3686131386861314 0.009765625 0.0218978102189781
0 0.28076171875 0.36350364963503645 0.0107421875 0.01751824817518248
0 0.20751953125 0.472992700729927 0.0107421875 0.020437956204379562
0 0.22314453125 0.4627737226277372 0.0107421875 0.020437956204379562
0 0.21728515625 0.4715328467153284 0.0087890625 0.01751824817518248
0 0.21044921875 0.4306569343065693 0.0107421875 0.020437956204379562
0 0.23388671875 0.42554744525547444 0.0087890625 0.016058394160583942
0 0.2412109375 0.4036496350364963 0.009765625 0.01897810218978102
0 0.22265625 0.40729927007299266 0.009765625 0.020437956204379562
0 0.205078125 0.39854014598540144 0.009765625 0.01751824817518248
0 0.24365234375 0.38102189781021895 0.0087890625 0.020437956204379562
0 0.2138671875 0.38394160583941606 0.009765625 0.01751824817518248
0 0.21728515625 0.3671532846715328 0.0087890625 0.016058394160583942
0 0.2451171875 0.3598540145985401 0.009765625 0.016058394160583942
0 0.2021484375 0.3686131386861314 0.009765625 0.016058394160583942
0 0.18603515625 0.3700729927007299 0.0087890625 0.016058394160583942
0 0.19091796875 0.464963503649635 0.0087890625 0.016058394160583942
0 0.1669921875 0.3613138686131387 0.009765625 0.016058394160583942
0 0.32373046875 0.4467153284671533 0.0087890625 0.020437956204379562
0 0.34912109375 0.4197080291970803 0.0087890625 0.01897810218978102
0 0.568359375 0.4357664233576642 0.0078125 0.01897810218978102
0 0.52978515625 0.39343065693430657 0.0107421875 0.01897810218978102
0 0.55419921875 0.3948905109489051 0.0107421875 0.01897810218978102
0 0.43017578125 0.3671532846715328 0.0107421875 0.01897810218978102
0 0.5322265625 0.345985401459854 0.009765625 0.020437956204379562
0 0.5166015625 0.3452554744525547 0.009765625 0.01897810218978102
0 0.4951171875 0.3510948905109489 0.009765625 0.01897810218978102
0 0.4990234375 0.39927007299270073 0.009765625 0.01897810218978102
0 0.3896484375 0.40072992700729926 0.009765625 0.01897810218978102
0 0.4072265625 0.3708029197080292 0.009765625 0.01751824817518248
0 0.38134765625 0.3861313868613138 0.0087890625 0.01897810218978102
0 0.36181640625 0.39562043795620433 0.0107421875 0.020437956204379562
0 0.35791015625 0.3773722627737226 0.0087890625 0.01897810218978102
0 0.33251953125 0.4124087591240876 0.0107421875 0.0218978102189781
0 0.3193359375 0.3970802919708029 0.009765625 0.01751824817518248
0 0.552734375 0.3583941605839416 0.01171875 0.0218978102189781
0 0.42236328125 0.3532846715328467 0.0107421875 0.020437956204379562
0 0.47705078125 0.3613138686131387 0.0087890625 0.01897810218978102
0 0.44482421875 0.4364963503649635 0.0107421875 0.020437956204379562
0 0.509765625 0.43941605839416054 0.009765625 0.020437956204379562
0 0.54345703125 0.4233576642335766 0.0107421875 0.020437956204379562
0 0.47265625 0.4357664233576642 0.009765625 0.01897810218978102
0 0.48388671875 0.4525547445255474 0.0107421875 0.020437956204379562
0 0.41357421875 0.4452554744525547 0.0107421875 0.020437956204379562
0 0.3876953125 0.3708029197080292 0.0078125 0.014598540145985401
0 0.337890625 0.35693430656934305 0.009765625 0.01897810218978102
0 0.36572265625 0.35474452554744523 0.0087890625 0.020437956204379562
0 0.35888671875 0.34890510948905107 0.0087890625 0.01751824817518248
0 0.4755859375 0.3430656934306569 0.009765625 0.01751824817518248
0 0.44580078125 0.3357664233576642 0.0087890625 0.014598540145985401
0 0.4072265625 0.3350364963503649 0.009765625 0.01897810218978102
0 0.294921875 0.33868613138686127 0.0078125 0.01751824817518248
0 0.31005859375 0.3510948905109489 0.0087890625 0.016058394160583942
0 0.3203125 0.3350364963503649 0.009765625 0.016058394160583942
0 0.328125 0.3313868613138686 0.0078125 0.014598540145985401
0 0.33984375 0.33795620437956203 0.009765625 0.016058394160583942
0 0.4267578125 0.4810218978102189 0.009765625 0.01897810218978102
0 0.1591796875 0.0751824817518248 0.005859375 0.01313868613138686
0 0.17578125 0.0708029197080292 0.0078125 0.01313868613138686
0 0.19775390625 0.1532846715328467 0.0087890625 0.014598540145985401
0 0.1689453125 0.1554744525547445 0.0078125 0.01313868613138686
0 0.17333984375 0.14306569343065692 0.0068359375 0.014598540145985401
0 0.2001953125 0.12262773722627736 0.0078125 0.014598540145985401
0 0.14111328125 0.15401459854014599 0.0087890625 0.016058394160583942
0 0.154296875 0.14671532846715327 0.0078125 0.016058394160583942
0 0.15283203125 0.13065693430656933 0.0087890625 0.016058394160583942
0 0.181640625 0.04525547445255474 0.005859375 0.014598540145985401
0 0.1962890625 0.18394160583941604 0.0078125 0.014598540145985401
0 0.20166015625 0.17007299270072992 0.0087890625 0.016058394160583942
0 0.166015625 0.17956204379562044 0.0078125 0.01751824817518248
0 0.15185546875 0.22919708029197078 0.0087890625 0.01751824817518248
0 0.17724609375 0.21532846715328466 0.0087890625 0.016058394160583942
0 0.18408203125 0.2532846715328467 0.0087890625 0.01897810218978102
0 0.10595703125 0.16715328467153284 0.0068359375 0.01313868613138686
0 0.0830078125 0.1708029197080292 0.0078125 0.01751824817518248
0 0.2080078125 0.07664233576642335 0.005859375 0.01313868613138686
0 0.1884765625 0.09562043795620437 0.0078125 0.016058394160583942
0 0.052734375 0.17226277372262772 0.0078125 0.014598540145985401
0 0.115234375 0.17737226277372262 0.0078125 0.01313868613138686
0 0.171875 0.12116788321167883 0.0078125 0.014598540145985401
0 0.1962890625 0.2145985401459854 0.0078125 0.014598540145985401
0 0.19873046875 0.20364963503649633 0.0087890625 0.016058394160583942
0 0.12451171875 0.18905109489051095 0.0087890625 0.016058394160583942
0 0.1298828125 0.22116788321167882 0.009765625 0.016058394160583942
0 0.1298828125 0.23941605839416058 0.009765625 0.01751824817518248
0 0.1044921875 0.20802919708029197 0.0078125 0.016058394160583942
0 0.0625 0.21605839416058392 0.0078125 0.014598540145985401
0 0.0517578125 0.22335766423357664 0.0078125 0.01751824817518248
0 0.13525390625 0.1854014598540146 0.0068359375 0.014598540145985401
0 0.162109375 0.20802919708029197 0.0078125 0.016058394160583942
0 0.0771484375 0.18686131386861313 0.0078125 0.01751824817518248
0 0.0419921875 0.18102189781021896 0.0078125 0.014598540145985401
0 0.07568359375 0.2481751824817518 0.0087890625 0.01751824817518248
0 0.01611328125 0.18613138686131386 0.0068359375 0.016058394160583942
0 0.009765625 0.14963503649635035 0.005859375 0.016058394160583942
0 0.06494140625 0.16423357664233576 0.0068359375 0.016058394160583942
0 0.12548828125 0.16715328467153284 0.0068359375 0.016058394160583942
0 0.146484375 0.25474452554744526 0.0078125 0.016058394160583942
0 0.0498046875 0.2489051094890511 0.009765625 0.016058394160583942
0 0.1171875 0.23284671532846715 0.0078125 0.016058394160583942
0 0.14990234375 0.19124087591240874 0.0068359375 0.014598540145985401
0 0.10595703125 0.22335766423357664 0.0087890625 0.014598540145985401
0 0.08544921875 0.23284671532846715 0.0087890625 0.016058394160583942
0 0.03662109375 0.23357664233576642 0.0068359375 0.01751824817518248
0 0.03173828125 0.25401459854014596 0.0087890625 0.014598540145985401
0 0.1904296875 0.06350364963503649 0.005859375 0.010218978102189781
0 0.0283203125 0.2094890510948905 0.0078125 0.01313868613138686
0 0.013671875 0.25255474452554744 0.0078125 0.01751824817518248
0 0.06494140625 0.24744525547445254 0.0087890625 0.016058394160583942
0 0.10205078125 0.25182481751824815 0.0087890625 0.016058394160583942
0 0.048828125 0.19197080291970803 0.0078125 0.01313868613138686
0 0.53515625 0.283941605839416 0.0078125 0.016058394160583942
0 0.5224609375 0.318978102189781 0.0078125 0.016058394160583942
0 0.5048828125 0.3021897810218978 0.009765625 0.01751824817518248
0 0.50244140625 0.2817518248175182 0.0087890625 0.01751824817518248
0 0.49169921875 0.24306569343065693 0.0087890625 0.01897810218978102
0 0.482421875 0.2489051094890511 0.009765625 0.01897810218978102
0 0.517578125 0.2605839416058394 0.009765625 0.0218978102189781
0 0.4775390625 0.3014598540145985 0.009765625 0.01897810218978102
0 0.48681640625 0.2927007299270073 0.0068359375 0.0218978102189781
0 0.4697265625 0.2671532846715328 0.009765625 0.020437956204379562
0 0.46484375 0.25401459854014596 0.009765625 0.01751824817518248
0 0.47412109375 0.22262773722627735 0.0087890625 0.01897810218978102
0 0.49169921875 0.218978102189781 0.0087890625 0.01751824817518248
0 0.4462890625 0.3065693430656934 0.0078125 0.01751824817518248
0 0.5205078125 0.2386861313868613 0.0078125 0.016058394160583942
0 0.4150390625 0.2802919708029197 0.009765625 0.020437956204379562
0 0.4130859375 0.245985401459854 0.0078125 0.01897810218978102
0 0.43505859375 0.25912408759124084 0.0087890625 0.01897810218978102
0 0.4599609375 0.22992700729927007 0.009765625 0.01897810218978102
0 0.4384765625 0.23211678832116786 0.009765625 0.014598540145985401
0 0.44580078125 0.2481751824817518 0.0087890625 0.01751824817518248
0 0.52294921875 0.19197080291970803 0.0068359375 0.016058394160583942
0 0.548828125 0.18905109489051095 0.0078125 0.01897810218978102
0 0.50732421875 0.19197080291970803 0.0087890625 0.01897810218978102
0 0.439453125 0.20364963503649633 0.009765625 0.01897810218978102
0 0.423828125 0.17810218978102188 0.0078125 0.01751824817518248
0 0.412109375 0.23284671532846715 0.009765625 0.01897810218978102
0 0.4111328125 0.20364963503649633 0.009765625 0.01897810218978102
0 0.45654296875 0.19051094890510947 0.0107421875 0.01897810218978102
0 0.486328125 0.17956204379562044 0.009765625 0.01751824817518248
0 0.5390625 0.2664233576642336 0.0078125 0.01313868613138686
0 0.5263671875 0.2948905109489051 0.0078125 0.014598540145985401
0 0.45556640625 0.28759124087591237 0.0068359375 0.01751824817518248
0 0.61181640625 0.04817518248175182 0.0087890625 0.01751824817518248
0 0.5908203125 0.07226277372262774 0.0078125 0.01313868613138686
0 0.609375 0.13284671532846715 0.0078125 0.01751824817518248
0 0.54736328125 0.13284671532846715 0.0068359375 0.01167883211678832
0 0.53271484375 0.15182481751824817 0.0087890625 0.014598540145985401
0 0.50244140625 0.14963503649635035 0.0087890625 0.01897810218978102
0 0.5302734375 0.11386861313868613 0.0078125 0.01751824817518248
0 0.5390625 0.10145985401459853 0.0078125 0.016058394160583942
0 0.5712890625 0.06204379562043795 0.0078125 0.016058394160583942
0 0.5986328125 0.05620437956204379 0.0078125 0.01897810218978102
0 0.47509765625 0.12335766423357664 0.0087890625 0.016058394160583942
0 0.455078125 0.059124087591240874 0.0078125 0.016058394160583942
0 0.4482421875 0.03503649635036496 0.0078125 0.014598540145985401
0 0.51171875 0.05474452554744525 0.0078125 0.016058394160583942
0 0.56298828125 0.10875912408759124 0.0068359375 0.01313868613138686
0 0.4541015625 0.13065693430656933 0.0078125 0.016058394160583942
0 0.453125 0.15474452554744525 0.0078125 0.01751824817518248
0 0.478515625 0.145985401459854 0.0078125 0.01751824817518248
0 0.51025390625 0.11532846715328467 0.0087890625 0.01751824817518248
0 0.6044921875 0.09124087591240876 0.0078125 0.016058394160583942
0 0.55419921875 0.031386861313868614 0.0068359375 0.016058394160583942
0 0.474609375 0.04525547445255474 0.0078125 0.014598540145985401
0 0.482421875 0.07664233576642335 0.0078125 0.016058394160583942
0 0.5908203125 0.1313868613138686 0.0078125 0.014598540145985401
0 0.42919921875 0.0751824817518248 0.0087890625 0.016058394160583942
0 0.41943359375 0.05766423357664233 0.0087890625 0.016058394160583942
0 0.4228515625 0.03430656934306569 0.0078125 0.016058394160583942
0 0.41943359375 0.1503649635036496 0.0087890625 0.01751824817518248
0 0.4228515625 0.12335766423357664 0.0078125 0.016058394160583942
0 0.451171875 0.10072992700729927 0.0078125 0.01751824817518248
0 0.40087890625 0.05401459854014598 0.0068359375 0.014598540145985401
0 0.38232421875 0.012408759124087591 0.0068359375 0.016058394160583942
0 0.345703125 0.12116788321167883 0.0078125 0.01751824817518248
0 0.3642578125 0.1364963503649635 0.0078125 0.01897810218978102
0 0.400390625 0.25401459854014596 0.0078125 0.01751824817518248
0 0.39013671875 0.23503649635036494 0.0087890625 0.01751824817518248
0 0.38671875 0.2145985401459854 0.0078125 0.01751824817518248
0 0.400390625 0.18905109489051095 0.0078125 0.016058394160583942
0 0.4013671875 0.1627737226277372 0.009765625 0.01897810218978102
0 0.36572265625 0.10218978102189781 0.0087890625 0.014598540145985401
0 0.38818359375 0.09999999999999999 0.0068359375 0.016058394160583942
0 0.2841796875 0.18248175182481752 0.0078125 0.01751824817518248
0 0.294921875 0.19051094890510947 0.0078125 0.016058394160583942
0 0.3232421875 0.15693430656934307 0.0078125 0.01313868613138686
0 0.3369140625 0.13795620437956205 0.009765625 0.016058394160583942
0 0.3291015625 0.12043795620437955 0.0078125 0.016058394160583942
0 0.400390625 0.07445255474452554 0.0078125 0.014598540145985401
0 0.32568359375 0.10291970802919707 0.0068359375 0.01313868613138686
0 0.40283203125 0.03722627737226277 0.0068359375 0.01313868613138686
0 0.18896484375 0.014598540145985401 0.0068359375 0.014598540145985401
0 0.1806640625 0.008029197080291971 0.0078125 0.01313868613138686
0 0.24267578125 0.04671532846715328 0.0068359375 0.014598540145985401
0 0.22021484375 0.01824817518248175 0.0068359375 0.01313868613138686
0 0.2646484375 0.04525547445255474 0.0078125 0.014598540145985401
0 0.25927734375 0.031386861313868614 0.0068359375 0.01313868613138686
0 0.28662109375 0.04744525547445255 0.0068359375 0.016058394160583942
0 0.34716796875 0.0437956204379562 0.0068359375 0.014598540145985401
0 0.310546875 0.059854014598540145 0.0078125 0.01167883211678832
0 0.326171875 0.049635036496350364 0.0078125 0.01751824817518248
0 0.31298828125 0.02700729927007299 0.0068359375 0.01313868613138686
0 0.36328125 0.01970802919708029 0.0078125 0.01313868613138686
0 0.38134765625 0.03065693430656934 0.0087890625 0.014598540145985401
0 0.365234375 0.03576642335766423 0.0078125 0.01313868613138686
0 0.37548828125 0.051094890510948905 0.0087890625 0.01751824817518248
0 0.39794921875 0.012408759124087591 0.0087890625 0.016058394160583942
0 0.458984375 0.01167883211678832 0.0078125 0.01751824817518248
0 0.44140625 0.08175182481751825 0.0078125 0.014598540145985401
0 0.37890625 0.07956204379562043 0.0078125 0.016058394160583942
0 0.29541015625 0.09927007299270073 0.0068359375 0.014598540145985401
0 0.23583984375 0.03503649635036496 0.0087890625 0.01751824817518248
0 0.29541015625 0.025547445255474453 0.0068359375 0.01313868613138686
0 0.28515625 0.01970802919708029 0.0078125 0.016058394160583942
0 0.2734375 0.0218978102189781 0.0078125 0.014598540145985401
0 0.2490234375 0.07810218978102189 0.0078125 0.01313868613138686
0 0.220703125 0.059124087591240874 0.0078125 0.016058394160583942
0 0.3857421875 0.14306569343065692 0.0078125 0.014598540145985401
0 0.35546875 0.17372262773722627 0.0078125 0.014598540145985401
0 0.44287109375 0.16058394160583941 0.0068359375 0.014598540145985401
0 0.4375 0.14452554744525548 0.0078125 0.01167883211678832
0 0.38623046875 0.16715328467153284 0.0087890625 0.01313868613138686
0 0.34619140625 0.09999999999999999 0.0068359375 0.01313868613138686
0 0.37841796875 0.11970802919708029 0.0087890625 0.014598540145985401
0 0.31982421875 0.1240875912408759 0.0068359375 0.014598540145985401
0 0.275390625 0.10291970802919707 0.0078125 0.016058394160583942
0 0.23046875 0.09051094890510948 0.0078125 0.014598540145985401
0 0.21826171875 0.09635036496350365 0.0068359375 0.01751824817518248
0 0.248046875 0.09708029197080291 0.0078125 0.016058394160583942
0 0.25390625 0.11532846715328467 0.0078125 0.014598540145985401
0 0.345703125 0.21240875912408758 0.0078125 0.016058394160583942
0 0.30224609375 0.15766423357664233 0.0068359375 0.014598540145985401
0 0.2783203125 0.12846715328467154 0.0078125 0.014598540145985401
0 0.22509765625 0.145985401459854 0.0068359375 0.01167883211678832
0 0.24560546875 0.1503649635036496 0.0068359375 0.01167883211678832
0 0.26513671875 0.15182481751824817 0.0068359375 0.014598540145985401
0 0.2861328125 0.1635036496350365 0.0078125 0.014598540145985401
0 0.28564453125 0.14671532846715327 0.0087890625 0.01313868613138686
0 0.3671875 0.17153284671532845 0.0078125 0.01313868613138686
0 0.369140625 0.20802919708029197 0.0078125 0.01313868613138686
0 0.3720703125 0.2240875912408759 0.0078125 0.01313868613138686
0 0.3564453125 0.24233576642335766 0.009765625 0.01751824817518248
0 0.3330078125 0.22116788321167882 0.009765625 0.016058394160583942
0 0.267578125 0.1759124087591241 0.0078125 0.016058394160583942
0 0.23095703125 0.172992700729927 0.0087890625 0.01313868613138686
0 0.212890625 0.20437956204379562 0.0078125 0.014598540145985401
0 0.25439453125 0.2065693430656934 0.0087890625 0.016058394160583942
0 0.24658203125 0.1854014598540146 0.0087890625 0.01751824817518248
0 0.26171875 0.19343065693430656 0.0078125 0.016058394160583942
0 0.3369140625 0.2503649635036496 0.0078125 0.01313868613138686
0 0.3779296875 0.2554744525547445 0.0078125 0.01751824817518248
0 0.39501953125 0.2912408759124087 0.0087890625 0.016058394160583942
0 0.38818359375 0.30291970802919704 0.0087890625 0.016058394160583942
0 0.375 0.2832116788321168 0.009765625 0.01751824817518248
0 0.37158203125 0.31240875912408755 0.0087890625 0.01751824817518248
0 0.35302734375 0.2824817518248175 0.0087890625 0.016058394160583942
0 0.35888671875 0.2605839416058394 0.0087890625 0.01897810218978102
0 0.34765625 0.3175182481751825 0.009765625 0.016058394160583942
0 0.34423828125 0.3072992700729927 0.0087890625 0.01313868613138686
0 0.31884765625 0.3072992700729927 0.0087890625 0.01897810218978102
0 0.28173828125 0.33284671532846716 0.0087890625 0.014598540145985401
0 0.2744140625 0.33211678832116787 0.0078125 0.016058394160583942
0 0.26123046875 0.3364963503649635 0.0087890625 0.016058394160583942
0 0.2509765625 0.3284671532846715 0.009765625 0.01751824817518248
0 0.2314453125 0.31386861313868614 0.009765625 0.014598540145985401
0 0.2119140625 0.3248175182481752 0.0078125 0.01313868613138686
0 0.197265625 0.3437956204379562 0.0078125 0.01313868613138686
0 0.1884765625 0.3262773722627737 0.009765625 0.01897810218978102
0 0.17138671875 0.3182481751824817 0.0087890625 0.014598540145985401
0 0.18896484375 0.28905109489051095 0.0087890625 0.01751824817518248
0 0.1796875 0.29343065693430653 0.0078125 0.014598540145985401
0 0.328125 0.28832116788321166 0.0078125 0.016058394160583942
0 0.3203125 0.28905109489051095 0.0078125 0.014598540145985401
0 0.30126953125 0.2846715328467153 0.0068359375 0.01751824817518248
0 0.30908203125 0.2635036496350365 0.0087890625 0.016058394160583942
0 0.3154296875 0.24744525547445254 0.0078125 0.016058394160583942
0 0.28759765625 0.2744525547445255 0.0087890625 0.020437956204379562
0 0.27001953125 0.29854014598540146 0.0107421875 0.01897810218978102
0 0.25244140625 0.2992700729927007 0.0087890625 0.01751824817518248
0 0.27490234375 0.2751824817518248 0.0087890625 0.01897810218978102
0 0.25732421875 0.2671532846715328 0.0087890625 0.01751824817518248
0 0.2373046875 0.2941605839416058 0.0078125 0.016058394160583942
0 0.2236328125 0.27956204379562044 0.0078125 0.016058394160583942
0 0.244140625 0.2759124087591241 0.009765625 0.01751824817518248
0 0.2138671875 0.28832116788321166 0.0078125 0.01313868613138686
0 0.2099609375 0.2722627737226277 0.0078125 0.016058394160583942
0 0.29345703125 0.2532846715328467 0.0087890625 0.016058394160583942
0 0.22607421875 0.20437956204379562 0.0087890625 0.014598540145985401
0 0.27783203125 0.23357664233576642 0.0068359375 0.014598540145985401
0 0.29248046875 0.21532846715328466 0.0087890625 0.016058394160583942
0 0.232421875 0.2532846715328467 0.0078125 0.016058394160583942
0 0.1689453125 0.25912408759124084 0.0078125 0.016058394160583942
0 0.138671875 0.28759124087591237 0.0078125 0.014598540145985401
0 0.14111328125 0.27007299270072993 0.0068359375 0.014598540145985401
0 0.154296875 0.3175182481751825 0.0078125 0.016058394160583942
0 0.15087890625 0.35693430656934305 0.0087890625 0.016058394160583942
0 0.12890625 0.37153284671532844 0.0078125 0.016058394160583942
0 0.11279296875 0.3759124087591241 0.0107421875 0.01897810218978102
0 0.115234375 0.28832116788321166 0.0078125 0.016058394160583942
0 0.1220703125 0.28102189781021897 0.0078125 0.016058394160583942
0 0.134765625 0.32919708029197076 0.0078125 0.016058394160583942
0 0.0986328125 0.3014598540145985 0.0078125 0.016058394160583942
0 0.0927734375 0.3007299270072992 0.0078125 0.014598540145985401
0 0.0751953125 0.32116788321167883 0.0078125 0.014598540145985401
0 0.07421875 0.3554744525547445 0.0078125 0.016058394160583942
0 0.11328125 0.3437956204379562 0.0078125 0.016058394160583942
0 0.09619140625 0.3525547445255474 0.0087890625 0.01897810218978102
0 0.03564453125 0.3350364963503649 0.0087890625 0.016058394160583942
0 0.05908203125 0.31532846715328466 0.0087890625 0.01751824817518248
0 0.10791015625 0.27810218978102186 0.0087890625 0.016058394160583942
0 0.09033203125 0.2576642335766423 0.0087890625 0.016058394160583942
0 0.2060546875 0.25474452554744526 0.0078125 0.016058394160583942
0 0.09033203125 0.2832116788321168 0.0068359375 0.014598540145985401
0 0.07861328125 0.26934306569343064 0.0087890625 0.01897810218978102
0 0.07666015625 0.3021897810218978 0.0068359375 0.014598540145985401
0 0.0576171875 0.28613138686131384 0.009765625 0.01751824817518248
0 0.0576171875 0.2737226277372263 0.009765625 0.01313868613138686
0 0.037109375 0.272992700729927 0.0078125 0.014598540145985401
0 0.03564453125 0.2927007299270073 0.0087890625 0.016058394160583942
0 0.0146484375 0.2817518248175182 0.0078125 0.014598540145985401
0 0.0546875 0.3357664233576642 0.0078125 0.01751824817518248
0 0.01953125 0.42992700729927 0.009765625 0.01897810218978102
0 0.01708984375 0.4532846715328467 0.0087890625 0.016058394160583942
0 0.50830078125 0.012408759124087591 0.0087890625 0.016058394160583942
0 0.5283203125 0.07226277372262774 0.0078125 0.01313868613138686
0 0.49462890625 0.04817518248175182 0.0068359375 0.014598540145985401
0 0.548828125 0.5452554744525547 0.009765625 0.024817518248175182
0 0.73046875 0.060583941605839416 0.01171875 0.016058394160583942
0 0.203125 0.891970802919708 0.017578125 0.03795620437956204
0 0.82080078125 0.09197080291970802 0.0107421875 0.01751824817518248
0 0.0087890625 0.8905109489051094 0.017578125 0.029197080291970802
0 0.00341796875 0.03941605839416058 0.0068359375 0.014598540145985401
0 0.0146484375 0.5496350364963504 0.01171875 0.01897810218978102
0 0.22216796875 0.5583941605839415 0.0107421875 0.0218978102189781
0 0.3408203125 0.4978102189781022 0.0078125 0.01751824817518248
0 0.00439453125 0.44452554744525546 0.0068359375 0.01313868613138686
0 0.0048828125 0.40072992700729926 0.0078125 0.01313868613138686
0 0.00390625 0.3430656934306569 0.0078125 0.014598540145985401
0 0.00732421875 0.3248175182481752 0.0087890625 0.01897810218978102
0 0.00537109375 0.28613138686131384 0.0087890625 0.014598540145985401
0 0.00927734375 0.4810218978102189 0.0087890625 0.01313868613138686
0 0.00341796875 0.5182481751824817 0.0068359375 0.01751824817518248
0 0.00341796875 0.16934306569343063 0.0068359375 0.01167883211678832
0 0.0087890625 0.22043795620437956 0.009765625 0.014598540145985401
0 0.0419921875 0.15912408759124086 0.0078125 0.014598540145985401
0 0.15625 0.05474452554744525 0.0078125 0.01313868613138686
