0 0.10498046875 0.40172955974842767 0.0322265625 0.06446540880503145
0 0.15087890625 0.3506289308176101 0.0107421875 0.022012578616352203
0 0.1767578125 0.3537735849056604 0.037109375 0.08176100628930819
0 0.24267578125 0.3537735849056604 0.0283203125 0.05660377358490566
0 0.296875 0.3757861635220126 0.0390625 0.08176100628930819
0 0.05615234375 0.42924528301886794 0.0126953125 0.025157232704402517
0 0.02197265625 0.38757861635220126 0.0361328125 0.06761006289308176
0 0.53466796875 0.15801886792452832 0.0126953125 0.029874213836477988
0 0.46484375 0.3718553459119497 0.041015625 0.07704402515723272
0 0.5625 0.36242138364779874 0.029296875 0.055031446540880505
0 0.61083984375 0.3317610062893082 0.0419921875 0.08176100628930819
0 0.65576171875 0.2979559748427673 0.0498046875 0.07389937106918239
0 0.736328125 0.3474842767295598 0.033203125 0.059748427672955975
0 0.77294921875 0.3529874213836478 0.0244140625 0.045597484276729564
0 0.80908203125 0.36320754716981135 0.0224609375 0.04402515723270441
0 0.77734375 0.4229559748427673 0.046875 0.08805031446540881
0 0.83447265625 0.39308176100628933 0.0380859375 0.06918238993710692
0 0.8681640625 0.3915094339622642 0.013671875 0.031446540880503145
0 0.9072265625 0.4009433962264151 0.02734375 0.04716981132075472
0 0.94970703125 0.42138364779874216 0.0166015625 0.03773584905660378
0 0.97509765625 0.3922955974842767 0.0498046875 0.10220125786163523
0 0.15234375 0.43317610062893086 0.025390625 0.055031446540880505
