0 0.09326171875 0.30736543909348446 0.0146484375 0.0254957507082153
0 0.9541015625 0.37535410764872523 0.029296875 0.0509915014164306
0 0.85009765625 0.44900849858356945 0.0302734375 0.0509915014164306
0 0.82373046875 0.3491501416430595 0.0283203125 0.05240793201133145
0 0.9951171875 0.363314447592068 0.009765625 0.046742209631728045
0 0.705078125 0.4192634560906516 0.03515625 0.059490084985835696
0 0.7734375 0.34844192634560905 0.021484375 0.039660056657223795
0 0.74560546875 0.33569405099150146 0.0205078125 0.042492917847025496
0 0.69677734375 0.3335694050991502 0.0302734375 0.046742209631728045
0 0.68115234375 0.33852691218130315 0.0224609375 0.042492917847025496
0 0.65283203125 0.32152974504249293 0.0224609375 0.039660056657223795
0 0.59521484375 0.31019830028328615 0.0283203125 0.0453257790368272
0 0.62060546875 0.3243626062322946 0.0224609375 0.0368271954674221
0 0.576171875 0.3208215297450425 0.025390625 0.03824362606232295
0 0.5595703125 0.31444759206798867 0.01953125 0.0368271954674221
0 0.53369140625 0.2981586402266289 0.0205078125 0.03541076487252125
0 0.58447265625 0.39943342776203966 0.0283203125 0.0509915014164306
0 0.47412109375 0.36827195467422097 0.0302734375 0.0481586402266289
0 0.486328125 0.31373937677053826 0.021484375 0.04107648725212465
0 0.4638671875 0.311614730878187 0.01953125 0.0339943342776204
0 0.43798828125 0.31444759206798867 0.0185546875 0.0339943342776204
0 0.39208984375 0.29674220963172804 0.0244140625 0.04107648725212465
0 0.35888671875 0.3562322946175638 0.0244140625 0.046742209631728045
0 0.2900390625 0.2946175637393768 0.025390625 0.042492917847025496
0 0.24365234375 0.33852691218130315 0.0263671875 0.0453257790368272
0 0.14208984375 0.32152974504249293 0.0263671875 0.0453257790368272
0 0.19921875 0.2811614730878187 0.0234375 0.04107648725212465
0 0.04345703125 0.3264872521246459 0.0263671875 0.046742209631728045
0 0.07958984375 0.2691218130311615 0.0146484375 0.0254957507082153
0 0.1064453125 0.26274787535410765 0.013671875 0.02407932011331445
0 0.087890625 0.24220963172804533 0.013671875 0.0226628895184136
0 0.05517578125 0.23441926345609065 0.0126953125 0.021246458923512748
0 0.0263671875 0.24079320113314448 0.015625 0.0254957507082153
0 0.26611328125 0.26841359773371104 0.0107421875 0.021246458923512748
0 0.24609375 0.2641643059490085 0.009765625 0.01841359773371105
0 0.4677734375 0.2521246458923513 0.009765625 0.019830028328611898
0 0.580078125 0.25 0.009765625 0.01841359773371105
0 0.52490234375 0.26203966005665724 0.0087890625 0.0169971671388102
0 0.55859375 0.26770538243626063 0.009765625 0.0169971671388102
0 0.56103515625 0.24150141643059492 0.0107421875 0.01841359773371105
0 0.4609375 0.23158640226628896 0.009765625 0.01841359773371105
0 0.63330078125 0.2528328611898017 0.0087890625 0.01841359773371105
0 0.6494140625 0.254957507082153 0.0078125 0.0169971671388102
0 0.724609375 0.254957507082153 0.009765625 0.014164305949008499
0 0.732421875 0.27124645892351273 0.0078125 0.01558073654390935
0 0.67578125 0.254957507082153 0.009765625 0.0169971671388102
0 0.6689453125 0.19830028328611898 0.0078125 0.014164305949008499
0 0.8125 0.23441926345609065 0.009765625 0.01558073654390935
0 0.89453125 0.3562322946175638 0.021484375 0.032577903682719546
0 0.931640625 0.34844192634560905 0.01953125 0.0368271954674221
0 0.91552734375 0.3257790368271955 0.0185546875 0.0339943342776204
0 0.291015625 0.23796033994334279 0.01171875 0.019830028328611898
0 0.154296875 0.25 0.01171875 0.021246458923512748
0 0.505859375 0.24079320113314448 0.01171875 0.019830028328611898
0 0.44482421875 0.2528328611898017 0.0107421875 0.01841359773371105
0 0.57177734375 0.23087818696883855 0.0107421875 0.0169971671388102
