0 0.81884765625 0.3890086206896552 0.0244140625 0.0668103448275862
0 0.69384765625 0.3793103448275862 0.0224609375 0.05603448275862069
0 0.5966796875 0.35237068965517243 0.0234375 0.05387931034482758
0 0.77734375 0.3760775862068965 0.01171875 0.028017241379310345
0 0.72607421875 0.3922413793103448 0.0107421875 0.030172413793103446
0 0.4912109375 0.3900862068965517 0.015625 0.03879310344827586
0 0.54345703125 0.3545258620689655 0.0087890625 0.028017241379310345
0 0.423828125 0.3459051724137931 0.015625 0.040948275862068964
0 0.35205078125 0.3415948275862069 0.0146484375 0.040948275862068964
0 0.267578125 0.2952586206896552 0.015625 0.04310344827586207
0 0.103515625 0.3275862068965517 0.013671875 0.034482758620689655
0 0.14697265625 0.31788793103448276 0.0107421875 0.028017241379310345
0 0.953125 0.32004310344827586 0.005859375 0.023706896551724137
0 0.1796875 0.3599137931034483 0.01171875 0.034482758620689655
0 0.0234375 0.3254310344827586 0.005859375 0.021551724137931036
0 0.07568359375 0.32435344827586204 0.0087890625 0.023706896551724137
0 0.0517578125 0.3125 0.0078125 0.021551724137931036
0 0.6923828125 0.33620689655172414 0.0078125 0.02586206896551724
0 0.66162109375 0.2790948275862069 0.0068359375 0.023706896551724137
