0 0.06494140625 0.42184154175588867 0.0166015625 0.04282655246252677
0 0.11083984375 0.5085653104925054 0.0166015625 0.04068522483940043
0 0.171875 0.4411134903640257 0.017578125 0.047109207708779445
0 0.2021484375 0.39828693790149894 0.013671875 0.04282655246252677
0 0.22900390625 0.42291220556745185 0.0166015625 0.05353319057815846
0 0.29150390625 0.38436830835117775 0.0166015625 0.05353319057815846
0 0.32763671875 0.4379014989293362 0.0224609375 0.05781584582441114
0 0.32568359375 0.37794432548179874 0.0087890625 0.023554603854389723
0 0.35595703125 0.38115631691648827 0.0107421875 0.029978586723768737
0 0.392578125 0.360813704496788 0.01171875 0.0278372591006424
0 0.423828125 0.4207708779443255 0.0234375 0.07066381156316917
0 0.4814453125 0.39721627408993576 0.017578125 0.049250535331905786
0 0.529296875 0.39507494646680946 0.01953125 0.05353319057815846
0 0.5517578125 0.3725910064239829 0.009765625 0.034261241970021415
0 0.6103515625 0.41862955032119914 0.01953125 0.05353319057815846
0 0.650390625 0.3854389721627409 0.009765625 0.034261241970021415
0 0.62939453125 0.3725910064239829 0.0107421875 0.03854389721627409
0 0.66552734375 0.40471092077087795 0.0126953125 0.04282655246252677
0 0.7236328125 0.4271948608137045 0.017578125 0.05781584582441114
0 0.73779296875 0.4668094218415418 0.0185546875 0.04282655246252677
0 0.73681640625 0.3586723768736617 0.0107421875 0.032119914346895075
0 0.70703125 0.3822269807280514 0.013671875 0.04068522483940043
0 0.7431640625 0.37687366167023556 0.009765625 0.04282655246252677
0 0.7861328125 0.4250535331905782 0.017578125 0.049250535331905786
0 0.82958984375 0.42184154175588867 0.0146484375 0.04282655246252677
0 0.86181640625 0.39507494646680946 0.0146484375 0.044967880085653104
0 0.87646484375 0.49464668094218417 0.0166015625 0.04282655246252677
0 0.91796875 0.4978586723768737 0.021484375 0.05353319057815846
0 0.91455078125 0.3897216274089936 0.0166015625 0.04282655246252677
0 0.9404296875 0.39186295503211993 0.01171875 0.034261241970021415
0 0.85009765625 0.5845824411134904 0.0166015625 0.03854389721627409
0 0.580078125 0.16274089935760172 0.01953125 0.0556745182012848
