0 0.05517578125 0.3515625 0.0205078125 0.03645833333333333
0 0.033203125 0.33984375 0.017578125 0.026041666666666664
0 0.00830078125 0.3645833333333333 0.0087890625 0.020833333333333332
0 0.2578125 0.3235677083333333 0.02734375 0.04296875
0 0.33984375 0.3391927083333333 0.0234375 0.04036458333333333
0 0.3984375 0.36783854166666663 0.02734375 0.04817708333333333
0 0.4130859375 0.3203125 0.0234375 0.0390625
0 0.50634765625 0.33463541666666663 0.0205078125 0.03645833333333333
0 0.50830078125 0.3821614583333333 0.0244140625 0.04817708333333333
0 0.5849609375 0.3411458333333333 0.017578125 0.0390625
0 0.58984375 0.36588541666666663 0.0234375 0.041666666666666664
0 0.67236328125 0.31901041666666663 0.0244140625 0.03645833333333333
0 0.69482421875 0.3828125 0.0283203125 0.046875
0 0.7607421875 0.3671875 0.01953125 0.05208333333333333
0 0.78076171875 0.3723958333333333 0.0263671875 0.05989583333333333
0 0.8037109375 0.36588541666666663 0.03515625 0.057291666666666664
0 0.9208984375 0.3313802083333333 0.029296875 0.03515625
0 0.97119140625 0.43229166666666663 0.0576171875 0.16666666666666666
0 0.95166015625 0.3684895833333333 0.0224609375 0.046875
0 0.8173828125 0.416015625 0.0390625 0.09244791666666666
0 0.8564453125 0.4817708333333333 0.041015625 0.078125
