0 0.4091796875 0.04442970822281167 0.013671875 0.01989389920424403
0 0.38427734375 0.1286472148541114 0.0146484375 0.021220159151193633
0 0.484375 0.17506631299734748 0.015625 0.023872679045092837
0 0.5009765625 0.10344827586206896 0.015625 0.02652519893899204
0 0.5234375 0.03647214854111406 0.015625 0.022546419098143235
0 0.3681640625 0.20490716180371352 0.017578125 0.022546419098143235
0 0.3447265625 0.29376657824933683 0.015625 0.01989389920424403
0 0.4384765625 0.3474801061007957 0.017578125 0.023872679045092837
0 0.46240234375 0.2639257294429708 0.0166015625 0.023872679045092837
0 0.62451171875 0.02055702917771883 0.0166015625 0.022546419098143235
0 0.7294921875 0.07427055702917772 0.015625 0.021220159151193633
0 0.623046875 0.08222811671087532 0.017578125 0.02652519893899204
0 0.72119140625 0.143236074270557 0.0166015625 0.023872679045092837
0 0.60498046875 0.15782493368700265 0.0166015625 0.021220159151193633
0 0.84228515625 0.0623342175066313 0.0146484375 0.021220159151193633
0 0.83203125 0.1279840848806366 0.013671875 0.022546419098143235
0 0.8173828125 0.1982758620689655 0.015625 0.01989389920424403
0 0.70068359375 0.21684350132625993 0.0146484375 0.022546419098143235
0 0.80517578125 0.27122015915119363 0.0185546875 0.02519893899204244
0 0.69921875 0.29840848806366044 0.015625 0.023872679045092837
0 0.7900390625 0.35278514588859416 0.015625 0.021220159151193633
0 0.66943359375 0.386604774535809 0.0146484375 0.01989389920424403
0 0.58935546875 0.23076923076923075 0.0185546875 0.02652519893899204
0 0.56494140625 0.3309018567639257 0.0166015625 0.022546419098143235
0 0.5537109375 0.42108753315649866 0.017578125 0.02519893899204244
0 0.767578125 0.4489389920424403 0.017578125 0.02519893899204244
0 0.64697265625 0.47679045092838196 0.0185546875 0.022546419098143235
0 0.75146484375 0.5285145888594164 0.0166015625 0.02519893899204244
0 0.5078125 0.6538461538461539 0.017578125 0.023872679045092837
