0 0.84912109375 0.6160583941605839 0.0087890625 0.020437956204379562
0 0.744140625 0.6328467153284671 0.009765625 0.01897810218978102
0 0.7236328125 0.6153284671532846 0.0078125 0.016058394160583942
0 0.6689453125 0.6364963503649634 0.015625 0.02627737226277372
0 0.68701171875 0.6226277372262773 0.0087890625 0.01897810218978102
0 0.69677734375 0.6262773722627737 0.0087890625 0.020437956204379562
0 0.60595703125 0.6313868613138686 0.0126953125 0.02773722627737226
0 0.63232421875 0.5817518248175182 0.0146484375 0.02773722627737226
0 0.6181640625 0.6284671532846715 0.009765625 0.01897810218978102
0 0.47119140625 0.6211678832116788 0.0068359375 0.016058394160583942
0 0.4130859375 0.6284671532846715 0.009765625 0.016058394160583942
0 0.3125 0.5832116788321168 0.04296875 0.10072992700729927
0 0.36572265625 0.6175182481751824 0.0068359375 0.014598540145985401
