0 0.07861328125 0.4853801169590643 0.1298828125 0.28654970760233917
0 0.15380859375 0.6293859649122807 0.0947265625 0.22660818713450293
0 0.17822265625 0.5409356725146198 0.0419921875 0.11988304093567251
0 0.22216796875 0.4766081871345029 0.0341796875 0.09064327485380116
0 0.27294921875 0.4671052631578947 0.0341796875 0.0804093567251462
0 0.306640625 0.40277777777777773 0.03515625 0.06871345029239766
0 0.3232421875 0.41447368421052627 0.02734375 0.06286549707602339
0 0.39501953125 0.408625730994152 0.0263671875 0.05701754385964912
0 0.44091796875 0.38523391812865493 0.0244140625 0.054093567251461985
0 0.48046875 0.42032163742690054 0.021484375 0.04532163742690058
0 0.48828125 0.39692982456140347 0.015625 0.03070175438596491
0 0.5263671875 0.4013157894736842 0.01953125 0.04239766081871345
0 0.54052734375 0.41081871345029236 0.0185546875 0.043859649122807015
0 0.56787109375 0.4137426900584795 0.0185546875 0.04093567251461988
0 0.576171875 0.39327485380116955 0.01953125 0.04093567251461988
0 0.63623046875 0.3881578947368421 0.0224609375 0.03654970760233918
0 0.67041015625 0.39035087719298245 0.0185546875 0.03508771929824561
0 0.7021484375 0.40423976608187134 0.021484375 0.03654970760233918
0 0.771484375 0.3771929824561403 0.017578125 0.04093567251461988
0 0.822265625 0.3961988304093567 0.01953125 0.03508771929824561
0 0.8427734375 0.3910818713450292 0.017578125 0.033625730994152045
0 0.876953125 0.39985380116959063 0.015625 0.03654970760233918
0 0.1220703125 0.44225146198830406 0.056640625 0.15350877192982454
0 0.7861328125 0.4137426900584795 0.017578125 0.04093567251461988
0 0.71923828125 0.41447368421052627 0.0146484375 0.03654970760233918
