0 0.05712890625 0.10646108663729809 0.0146484375 0.02790014684287812
0 0.0732421875 0.10646108663729809 0.013671875 0.03083700440528634
0 0.15869140625 0.1079295154185022 0.0126953125 0.024963289280469897
0 0.1708984375 0.1079295154185022 0.009765625 0.02790014684287812
0 0.154296875 0.2143906020558003 0.015625 0.026431718061674006
0 0.09912109375 0.21145374449339205 0.0146484375 0.023494860499265784
0 0.041015625 0.20704845814977973 0.015625 0.026431718061674006
0 0.25341796875 0.1093979441997063 0.0126953125 0.02790014684287812
0 0.2900390625 0.16519823788546253 0.015625 0.03671071953010279
0 0.30615234375 0.12701908957415564 0.0146484375 0.02790014684287812
0 0.35400390625 0.11013215859030837 0.0146484375 0.02936857562408223
0 0.40283203125 0.15051395007342144 0.0166015625 0.033773861967694566
0 0.45068359375 0.11233480176211454 0.0126953125 0.02790014684287812
0 0.5576171875 0.12261380323054331 0.013671875 0.024963289280469897
0 0.64599609375 0.13729809104258442 0.0126953125 0.02202643171806167
0 0.54931640625 0.2599118942731277 0.0146484375 0.026431718061674006
0 0.74462890625 0.11013215859030837 0.0126953125 0.02936857562408223
0 0.845703125 0.10719530102790015 0.013671875 0.02936857562408223
0 0.94189453125 0.11380323054331865 0.0126953125 0.02202643171806167
0 0.20703125 0.24816446402349485 0.013671875 0.02936857562408223
0 0.048828125 0.2723935389133627 0.01171875 0.02202643171806167
0 0.1005859375 0.2738619676945668 0.015625 0.02790014684287812
0 0.138671875 0.526431718061674 0.0234375 0.03964757709251101
0 0.14990234375 0.5102790014684288 0.0205078125 0.03671071953010279
0 0.1669921875 0.5022026431718062 0.017578125 0.032305433186490456
0 0.37890625 0.513215859030837 0.0234375 0.03964757709251101
0 0.40576171875 0.44933920704845814 0.0166015625 0.04405286343612334
0 0.41650390625 0.44566813509544784 0.0146484375 0.042584434654919234
0 0.43701171875 0.41042584434654916 0.0126953125 0.033773861967694566
0 0.44775390625 0.3920704845814978 0.0126953125 0.0381791483113069
0 0.22509765625 0.4317180616740088 0.0166015625 0.035242290748898675
0 0.634765625 0.5058737151248164 0.021484375 0.042584434654919234
0 0.890625 0.5051395007342143 0.021484375 0.041116005873715125
0 0.03125 0.42217327459618204 0.013671875 0.03083700440528634
0 0.05029296875 0.40895741556534504 0.0126953125 0.03083700440528634
