0 0.40673828125 0.41605839416058393 0.0283203125 0.05255474452554744
0 0.31298828125 0.4233576642335766 0.0263671875 0.0437956204379562
0 0.2734375 0.4284671532846715 0.015625 0.024817518248175182
0 0.21240234375 0.4452554744525547 0.0341796875 0.06715328467153284
0 0.17431640625 0.4467153284671533 0.0263671875 0.0437956204379562
0 0.1455078125 0.3854014598540146 0.015625 0.02335766423357664
0 0.0908203125 0.41605839416058393 0.017578125 0.03503649635036496
0 0.46875 0.32189781021897806 0.19140625 0.3255474452554744
0 0.90478515625 0.41459854014598535 0.0166015625 0.02335766423357664
0 0.8701171875 0.42992700729927 0.0234375 0.04233576642335766
0 0.76708984375 0.44160583941605835 0.0205078125 0.03065693430656934
0 0.72412109375 0.437956204379562 0.0244140625 0.03503649635036496
0 0.65087890625 0.4364963503649635 0.0224609375 0.03503649635036496
0 0.77001953125 0.5562043795620437 0.0302734375 0.05255474452554744
0 0.72216796875 0.5481751824817518 0.0302734375 0.05693430656934306
0 0.78125 0.4131386861313868 0.009765625 0.020437956204379562
0 0.01171875 0.44890510948905105 0.0234375 0.059854014598540145
0 0.07763671875 0.4313868613138686 0.0087890625 0.01897810218978102
