0 0.712890625 0.4331941544885177 0.0390625 0.11064718162839247
0 0.57958984375 0.5198329853862212 0.0380859375 0.09603340292275574
0 0.3740234375 0.3977035490605428 0.044921875 0.12734864300626303
0 0.62451171875 0.41022964509394566 0.0107421875 0.03549060542797494
0 0.53955078125 0.4196242171189979 0.0107421875 0.029227557411273482
0 0.31201171875 0.441544885177453 0.0263671875 0.06471816283924843
0 0.2333984375 0.4227557411273486 0.044921875 0.10647181628392484
0 0.16552734375 0.43528183716075153 0.0205078125 0.052192066805845504
0 0.12255859375 0.4613778705636743 0.0341796875 0.10020876826722337
0 0.0537109375 0.4039665970772442 0.029296875 0.07724425887265135
0 0.8994140625 0.418580375782881 0.009765625 0.027139874739039664
0 0.779296875 0.42797494780793316 0.01171875 0.025052192066805843
0 0.98095703125 0.34133611691022964 0.0068359375 0.022964509394572022
0 0.4248046875 0.4624217118997912 0.025390625 0.07306889352818371
