0 0.87060546875 0.38346354166666663 0.0400390625 0.05859375
0 0.79541015625 0.404296875 0.0458984375 0.06901041666666666
0 0.720703125 0.5501302083333333 0.046875 0.07682291666666666
0 0.8203125 0.21614583333333331 0.03125 0.04427083333333333
0 0.95751953125 0.27994791666666663 0.0283203125 0.049479166666666664
0 0.4228515625 0.455078125 0.01953125 0.037760416666666664
0 0.375 0.47265625 0.021484375 0.03645833333333333
0 0.3427734375 0.6608072916666666 0.046875 0.06901041666666666
0 0.2001953125 0.5716145833333333 0.0234375 0.033854166666666664
0 0.2763671875 0.5520833333333333 0.017578125 0.03125
0 0.3916015625 0.5852864583333333 0.0234375 0.04296875
0 0.14306640625 0.7578125 0.0361328125 0.046875
0 0.04833984375 0.7858072916666666 0.0302734375 0.04817708333333333
0 0.21240234375 0.6419270833333333 0.0263671875 0.046875
0 0.4794921875 0.6614583333333333 0.044921875 0.078125
0 0.13671875 0.5989583333333333 0.01953125 0.03645833333333333
0 0.21826171875 0.57421875 0.0166015625 0.028645833333333332
0 0.58056640625 0.3450520833333333 0.0341796875 0.06770833333333333
