0 0.0458984375 0.41220556745182013 0.0078125 0.023554603854389723
0 0.0615234375 0.3940042826552463 0.009765625 0.02569593147751606
0 0.0810546875 0.3940042826552463 0.009765625 0.02569593147751606
0 0.09814453125 0.37794432548179874 0.0107421875 0.032119914346895075
0 0.111328125 0.37152034261241973 0.013671875 0.036402569593147756
0 0.1474609375 0.354389721627409 0.015625 0.04068522483940043
0 0.18017578125 0.33940042826552463 0.0166015625 0.044967880085653104
0 0.2158203125 0.328693790149893 0.017578125 0.049250535331905786
0 0.26220703125 0.31049250535331907 0.0185546875 0.0556745182012848
0 0.32666015625 0.2708779443254818 0.0205078125 0.05353319057815846
0 0.37646484375 0.24625267665952894 0.0224609375 0.059957173447537475
0 0.44970703125 0.20663811563169165 0.0263671875 0.062098501070663815
0 0.47021484375 0.26659528907922914 0.0166015625 0.036402569593147756
0 0.52294921875 0.25160599571734477 0.0263671875 0.07494646680942185
0 0.54736328125 0.23126338329764456 0.0205078125 0.06423982869379015
0 0.5771484375 0.3211991434689508 0.015625 0.047109207708779445
0 0.6298828125 0.26659528907922914 0.0234375 0.06638115631691649
0 0.642578125 0.24946466809421844 0.013671875 0.05353319057815846
0 0.71875 0.12419700214132763 0.033203125 0.08137044967880086
0 0.8251953125 0.2569593147751606 0.025390625 0.06852248394004283
0 0.875 0.20985010706638116 0.033203125 0.08137044967880086
0 0.91259765625 0.33190578158458245 0.0166015625 0.05139186295503212
0 0.94970703125 0.4775160599571735 0.0126953125 0.03854389721627409
0 0.64892578125 0.2997858672376874 0.0126953125 0.047109207708779445
