0 0.12353515625 0.26506024096385544 0.0263671875 0.06746987951807229
0 0.103515625 0.3096385542168675 0.013671875 0.04096385542168675
0 0.08251953125 0.3409638554216868 0.0146484375 0.04096385542168675
0 0.0634765625 0.3168674698795181 0.013671875 0.03614457831325302
0 0.0283203125 0.32289156626506027 0.005859375 0.014457831325301207
0 0.39013671875 0.3301204819277109 0.0205078125 0.06265060240963856
0 0.32861328125 0.3445783132530121 0.0185546875 0.04819277108433735
0 0.2626953125 0.3602409638554217 0.013671875 0.03614457831325302
0 0.2373046875 0.3301204819277109 0.01171875 0.03855421686746988
0 0.2138671875 0.3530120481927711 0.01171875 0.03132530120481928
0 0.18994140625 0.3421686746987952 0.0107421875 0.033734939759036145
0 0.27685546875 0.363855421686747 0.0068359375 0.024096385542168676
0 0.29296875 0.3734939759036145 0.009765625 0.028915662650602414
0 0.31005859375 0.3686746987951808 0.0087890625 0.033734939759036145
0 0.3505859375 0.3493975903614458 0.01171875 0.03855421686746988
0 0.41015625 0.3614457831325302 0.015625 0.04819277108433735
0 0.482421875 0.3879518072289157 0.01171875 0.033734939759036145
0 0.49951171875 0.3722891566265061 0.0166015625 0.045783132530120486
0 0.525390625 0.3927710843373494 0.009765625 0.028915662650602414
0 0.54052734375 0.4048192771084338 0.0126953125 0.033734939759036145
0 0.599609375 0.3373493975903615 0.021484375 0.04819277108433735
0 0.64599609375 0.3879518072289157 0.0166015625 0.04337349397590362
0 0.77197265625 0.3807228915662651 0.0185546875 0.05783132530120483
0 0.80419921875 0.3710843373493976 0.0107421875 0.033734939759036145
0 0.87744140625 0.3734939759036145 0.0185546875 0.05301204819277109
0 0.96923828125 0.42530120481927713 0.0087890625 0.03614457831325302
0 0.7265625 0.46867469879518076 0.0078125 0.026506024096385545
0 0.71240234375 0.3939759036144579 0.0068359375 0.02168674698795181
