0 0.2529296875 0.4562334217506631 0.0234375 0.034482758620689655
0 0.19921875 0.4761273209549071 0.0234375 0.034482758620689655
0 0.15087890625 0.47480106100795755 0.0224609375 0.034482758620689655
0 0.234375 0.4787798408488063 0.015625 0.023872679045092837
0 0.28271484375 0.47546419098143233 0.0205078125 0.03315649867374005
0 0.3173828125 0.48209549071618035 0.021484375 0.03315649867374005
0 0.09814453125 0.5172413793103448 0.0185546875 0.02652519893899204
0 0.07177734375 0.5218832891246684 0.0185546875 0.02519893899204244
0 0.0478515625 0.5291777188328912 0.017578125 0.021220159151193633
0 0.0283203125 0.5139257294429708 0.015625 0.022546419098143235
0 0.36376953125 0.47480106100795755 0.0224609375 0.03183023872679045
0 0.39453125 0.48275862068965514 0.021484375 0.03183023872679045
0 0.4228515625 0.47214854111405835 0.025390625 0.03183023872679045
0 0.44482421875 0.47811671087533153 0.0205078125 0.030503978779840846
0 0.46826171875 0.4807692307692307 0.0205078125 0.03315649867374005
0 0.49609375 0.48806366047745353 0.017578125 0.03183023872679045
0 0.5283203125 0.47546419098143233 0.021484375 0.030503978779840846
0 0.5458984375 0.48474801061007955 0.017578125 0.027851458885941642
0 0.572265625 0.49933687002652516 0.021484375 0.030503978779840846
0 0.607421875 0.4734748010610079 0.021484375 0.03183023872679045
0 0.62060546875 0.48740053050397875 0.0126953125 0.01989389920424403
0 0.640625 0.5072944297082228 0.015625 0.01989389920424403
0 0.6884765625 0.4661803713527851 0.0234375 0.03580901856763925
0 0.73046875 0.41246684350132623 0.03125 0.04509283819628647
0 0.80322265625 0.42705570291777184 0.0283203125 0.03978779840848806
0 0.849609375 0.47015915119363394 0.013671875 0.027851458885941642
0 0.12744140625 0.5039787798408488 0.0166015625 0.029177718832891244
