0 0.05029296875 0.35941644562334213 0.0166015625 0.02652519893899204
0 0.07177734375 0.37533156498673736 0.0146484375 0.021220159151193633
0 0.1259765625 0.3852785145888594 0.015625 0.027851458885941642
0 0.14404296875 0.376657824933687 0.0126953125 0.023872679045092837
0 0.14990234375 0.36273209549071617 0.0107421875 0.022546419098143235
0 0.10302734375 0.3222811671087533 0.0068359375 0.01326259946949602
0 0.14599609375 0.33421750663129973 0.0087890625 0.015915119363395226
0 0.13232421875 0.3229442970822281 0.0068359375 0.011936339522546418
0 0.1845703125 0.36074270557029176 0.0078125 0.01326259946949602
0 0.20751953125 0.3620689655172414 0.0185546875 0.023872679045092837
0 0.22509765625 0.3740053050397878 0.0146484375 0.023872679045092837
0 0.2578125 0.3846153846153846 0.013671875 0.02652519893899204
0 0.0087890625 0.33687002652519893 0.005859375 0.01326259946949602
0 0.0341796875 0.3375331564986737 0.005859375 0.011936339522546418
0 0.0380859375 0.29509283819628646 0.0078125 0.014588859416445622
0 0.0126953125 0.2917771883289125 0.0078125 0.01326259946949602
0 0.0859375 0.30769230769230765 0.005859375 0.01326259946949602
0 0.05712890625 0.29575596816976124 0.0048828125 0.010610079575596816
0 0.11474609375 0.29244031830238726 0.0048828125 0.009283819628647215
0 0.11572265625 0.30503978779840846 0.0048828125 0.010610079575596816
0 0.1240234375 0.3017241379310345 0.005859375 0.011936339522546418
0 0.1396484375 0.2990716180371353 0.005859375 0.011936339522546418
0 0.15576171875 0.3037135278514589 0.0068359375 0.01326259946949602
0 0.1689453125 0.28846153846153844 0.005859375 0.011936339522546418
0 0.18115234375 0.29774535809018565 0.0068359375 0.011936339522546418
0 0.22509765625 0.29575596816976124 0.0048828125 0.010610079575596816
0 0.1748046875 0.3673740053050398 0.0078125 0.01326259946949602
0 0.18994140625 0.3269230769230769 0.0068359375 0.011936339522546418
0 0.2314453125 0.35013262599469497 0.0078125 0.01326259946949602
0 0.2451171875 0.30968169761273207 0.005859375 0.011936339522546418
0 0.2734375 0.3713527851458886 0.0078125 0.015915119363395226
0 0.2822265625 0.36803713527851456 0.009765625 0.014588859416445622
0 0.2646484375 0.30238726790450926 0.005859375 0.01326259946949602
0 0.27783203125 0.29509283819628646 0.0068359375 0.011936339522546418
0 0.3115234375 0.3183023872679045 0.005859375 0.01326259946949602
0 0.32421875 0.3116710875331565 0.005859375 0.010610079575596816
0 0.32958984375 0.3262599469496021 0.0048828125 0.010610079575596816
0 0.30810546875 0.38262599469496017 0.0166015625 0.027851458885941642
0 0.3173828125 0.36538461538461536 0.009765625 0.02519893899204244
0 0.32861328125 0.3693633952254642 0.0126953125 0.022546419098143235
0 0.3486328125 0.37334217506631295 0.0078125 0.014588859416445622
0 0.3427734375 0.3381962864721485 0.005859375 0.010610079575596816
0 0.3359375 0.35079575596816975 0.0078125 0.011936339522546418
0 0.35498046875 0.35145888594164454 0.0068359375 0.01326259946949602
0 0.35205078125 0.3156498673740053 0.0068359375 0.01326259946949602
0 0.3837890625 0.3143236074270557 0.005859375 0.010610079575596816
0 0.39208984375 0.3375331564986737 0.0068359375 0.011936339522546418
0 0.39013671875 0.366710875331565 0.0146484375 0.02519893899204244
0 0.38525390625 0.3892572944297082 0.0107421875 0.027851458885941642
0 0.3720703125 0.3938992042440318 0.01953125 0.029177718832891244
0 0.40283203125 0.3806366047745358 0.0107421875 0.021220159151193633
0 0.40673828125 0.34880636604774534 0.0068359375 0.01326259946949602
0 0.40185546875 0.3381962864721485 0.0068359375 0.010610079575596816
0 0.4189453125 0.3183023872679045 0.005859375 0.010610079575596816
0 0.38916015625 0.3057029177718833 0.0048828125 0.009283819628647215
0 0.43896484375 0.3110079575596817 0.0048828125 0.009283819628647215
0 0.48193359375 0.3269230769230769 0.0068359375 0.011936339522546418
0 0.494140625 0.3149867374005305 0.005859375 0.011936339522546418
0 0.49072265625 0.34350132625994695 0.0068359375 0.01326259946949602
0 0.46044921875 0.37267904509283817 0.0263671875 0.04509283819628647
0 0.5166015625 0.4051724137931034 0.021484375 0.03315649867374005
0 0.5263671875 0.38262599469496017 0.017578125 0.027851458885941642
0 0.54736328125 0.393236074270557 0.0107421875 0.02519893899204244
0 0.57177734375 0.3879310344827586 0.0185546875 0.030503978779840846
0 0.6162109375 0.38262599469496017 0.021484375 0.03580901856763925
0 0.50634765625 0.34151193633952254 0.0068359375 0.011936339522546418
0 0.50830078125 0.3282493368700265 0.0048828125 0.009283819628647215
0 0.52099609375 0.3249336870026525 0.0048828125 0.010610079575596816
0 0.53662109375 0.3063660477453581 0.0048828125 0.007957559681697613
0 0.53662109375 0.34151193633952254 0.0048828125 0.009283819628647215
0 0.56005859375 0.3236074270557029 0.0048828125 0.010610079575596816
0 0.55078125 0.3143236074270557 0.00390625 0.007957559681697613
0 0.56982421875 0.3295755968169761 0.0048828125 0.009283819628647215
0 0.56591796875 0.3421750663129973 0.0048828125 0.010610079575596816
0 0.580078125 0.3547745358090186 0.005859375 0.009283819628647215
0 0.591796875 0.3202917771883289 0.00390625 0.00663129973474801
0 0.58837890625 0.3328912466843501 0.0048828125 0.007957559681697613
0 0.6064453125 0.3355437665782493 0.005859375 0.010610079575596816
0 0.6171875 0.33421750663129973 0.00390625 0.010610079575596816
0 0.6328125 0.3242705570291777 0.005859375 0.009283819628647215
0 0.63037109375 0.393236074270557 0.0087890625 0.01989389920424403
0 0.65625 0.393236074270557 0.013671875 0.022546419098143235
0 0.6640625 0.36007957559681697 0.0078125 0.011936339522546418
0 0.68603515625 0.3381962864721485 0.0068359375 0.010610079575596816
0 0.69970703125 0.34615384615384615 0.0068359375 0.01326259946949602
0 0.6923828125 0.3421750663129973 0.005859375 0.010610079575596816
0 0.70556640625 0.4084880636604774 0.0205078125 0.02652519893899204
0 0.73193359375 0.41710875331564984 0.0107421875 0.017241379310344827
0 0.78076171875 0.4350132625994695 0.0224609375 0.03713527851458886
0 0.83251953125 0.4051724137931034 0.0224609375 0.03580901856763925
0 0.73681640625 0.379973474801061 0.0068359375 0.011936339522546418
0 0.72021484375 0.3839522546419098 0.0068359375 0.009283819628647215
0 0.72509765625 0.36273209549071617 0.0048828125 0.009283819628647215
0 0.7373046875 0.3521220159151193 0.005859375 0.011936339522546418
0 0.7421875 0.3295755968169761 0.005859375 0.009283819628647215
0 0.73779296875 0.34084880636604775 0.0048828125 0.007957559681697613
0 0.75927734375 0.35344827586206895 0.0068359375 0.011936339522546418
0 0.7626953125 0.3720159151193634 0.005859375 0.011936339522546418
0 0.748046875 0.3925729442970822 0.005859375 0.010610079575596816
0 0.76904296875 0.34814323607427056 0.0048828125 0.009283819628647215
0 0.76025390625 0.3322281167108753 0.0048828125 0.009283819628647215
0 0.85302734375 0.37002652519893897 0.0068359375 0.01326259946949602
0 0.8349609375 0.34549071618037136 0.005859375 0.011936339522546418
0 0.828125 0.35543766578249336 0.005859375 0.010610079575596816
0 0.82958984375 0.3295755968169761 0.0048828125 0.009283819628647215
0 0.85009765625 0.3381962864721485 0.0048828125 0.007957559681697613
0 0.8447265625 0.3428381962864721 0.005859375 0.009283819628647215
0 0.86474609375 0.4376657824933687 0.0185546875 0.034482758620689655
0 0.91162109375 0.43103448275862066 0.0244140625 0.03713527851458886
0 0.955078125 0.40915119363395225 0.021484375 0.04111405835543766
0 0.9755859375 0.396551724137931 0.017578125 0.034482758620689655
0 0.87158203125 0.3839522546419098 0.0068359375 0.011936339522546418
0 0.919921875 0.35079575596816975 0.005859375 0.009283819628647215
0 0.90966796875 0.3647214854111406 0.0068359375 0.010610079575596816
0 0.92333984375 0.379973474801061 0.0068359375 0.011936339522546418
0 0.7724609375 0.3693633952254642 0.0078125 0.011936339522546418
0 0.361328125 0.366710875331565 0.0078125 0.011936339522546418
0 0.36279296875 0.3428381962864721 0.0048828125 0.009283819628647215
0 0.447265625 0.3183023872679045 0.00390625 0.007957559681697613
