0 0.18505859375 0.3876651982378854 0.0224609375 0.0381791483113069
0 0.2470703125 0.3509544787077827 0.017578125 0.035242290748898675
0 0.3056640625 0.34948604992657856 0.025390625 0.04698972099853157
0 0.27587890625 0.3883994126284875 0.0166015625 0.033773861967694566
0 0.26171875 0.36784140969162993 0.01171875 0.02790014684287812
0 0.1416015625 0.3795888399412628 0.015625 0.03083700440528634
0 0.23974609375 0.368575624082232 0.0126953125 0.026431718061674006
0 0.35595703125 0.3744493392070484 0.0224609375 0.0381791483113069
0 0.390625 0.3883994126284875 0.015625 0.024963289280469897
0 0.427734375 0.3472834067547724 0.029296875 0.06020558002936857
0 0.4775390625 0.38032305433186486 0.009765625 0.014684287812041116
0 0.498046875 0.3465491923641703 0.021484375 0.04405286343612334
0 0.53515625 0.34140969162995594 0.025390625 0.05433186490455213
0 0.58935546875 0.37812041116005873 0.0048828125 0.013215859030837003
0 0.64013671875 0.35242290748898675 0.0263671875 0.049926578560939794
0 0.68359375 0.3832599118942731 0.015625 0.02936857562408223
0 0.7138671875 0.3722466960352423 0.0234375 0.04845814977973568
0 0.87060546875 0.31571218795888395 0.0263671875 0.05286343612334801
0 0.78759765625 0.303230543318649 0.0283203125 0.057268722466960346
0 0.74365234375 0.37151248164464024 0.0185546875 0.035242290748898675
0 0.935546875 0.3641703377386197 0.013671875 0.035242290748898675
0 0.95068359375 0.34581497797356825 0.0185546875 0.03671071953010279
0 0.98291015625 0.3267254038179148 0.0166015625 0.042584434654919234
0 0.9306640625 0.3333333333333333 0.013671875 0.02936857562408223
0 0.919921875 0.342143906020558 0.009765625 0.023494860499265784
0 0.74609375 0.3171806167400881 0.0078125 0.017621145374449337
0 0.04345703125 0.3465491923641703 0.0205078125 0.026431718061674006
0 0.06640625 0.37591776798825255 0.017578125 0.023494860499265784
