0 0.0849609375 0.36538461538461536 0.076171875 0.13660477453580902
0 0.0185546875 0.36273209549071617 0.0078125 0.01989389920424403
0 0.125 0.3786472148541114 0.015625 0.03846153846153846
0 0.1630859375 0.3759946949602122 0.015625 0.02519893899204244
0 0.17626953125 0.36870026525198935 0.0107421875 0.01856763925729443
0 0.19677734375 0.37068965517241376 0.0126953125 0.01989389920424403
0 0.2080078125 0.366710875331565 0.01171875 0.014588859416445622
0 0.2373046875 0.3720159151193634 0.013671875 0.02519893899204244
0 0.27099609375 0.366710875331565 0.0244140625 0.054376657824933686
0 0.337890625 0.396551724137931 0.02734375 0.04774535809018567
0 0.376953125 0.3249336870026525 0.033203125 0.0636604774535809
0 0.431640625 0.379973474801061 0.072265625 0.13660477453580902
0 0.58251953125 0.35278514588859416 0.0322265625 0.0663129973474801
0 0.63916015625 0.36405835543766574 0.0224609375 0.04111405835543766
0 0.77783203125 0.2990716180371353 0.0576171875 0.1339522546419098
0 0.755859375 0.36604774535809015 0.03515625 0.05039787798408488
0 0.60791015625 0.04774535809018567 0.0166015625 0.029177718832891244
0 0.89697265625 0.3720159151193634 0.0205078125 0.046419098143236075
0 0.25439453125 0.35079575596816975 0.0166015625 0.04376657824933687
