0 0.5068359375 0.3733719247467438 0.033203125 0.0492040520984081
0 0.41748046875 0.33936324167872645 0.0302734375 0.04486251808972503
0 0.33056640625 0.37554269175108534 0.0302734375 0.04486251808972503
0 0.27197265625 0.34804630969609257 0.0322265625 0.04775687409551375
0 0.19287109375 0.3704775687409551 0.0322265625 0.0492040520984081
0 0.1220703125 0.35672937771345875 0.033203125 0.05354558610709117
0 0.05615234375 0.38856729377713456 0.0263671875 0.04486251808972503
0 0.35546875 0.28002894356005786 0.015625 0.030390738060781474
0 0.40087890625 0.28075253256150506 0.0205078125 0.03183791606367583
0 0.30908203125 0.27930535455861066 0.0146484375 0.026049204052098405
0 0.15087890625 0.28798842257597684 0.0126953125 0.023154848046309694
0 0.19873046875 0.29160636758321273 0.0126953125 0.018813314037626625
0 0.22265625 0.2930535455861071 0.013671875 0.027496382054992764
0 0.03662109375 0.2894356005788712 0.0126953125 0.026049204052098405
0 0.615234375 0.3133140376266281 0.033203125 0.05643994211287988
0 0.7939453125 0.34949348769898697 0.02734375 0.05065123010130246
