0 0.0986328125 0.3773209549071618 0.017578125 0.027851458885941642
0 0.3408203125 0.18633952254641908 0.033203125 0.05702917771883289
0 0.1796875 0.22281167108753314 0.037109375 0.06100795755968169
0 0.08056640625 0.15848806366047744 0.0166015625 0.02519893899204244
0 0.07763671875 0.1883289124668435 0.0146484375 0.02652519893899204
0 0.02197265625 0.16511936339522545 0.0146484375 0.030503978779840846
0 0.40673828125 0.23143236074270557 0.0302734375 0.04907161803713528
0 0.44580078125 0.2526525198938992 0.0302734375 0.05702917771883289
0 0.5126953125 0.20954907161803712 0.03125 0.042440318302387266
0 0.5537109375 0.22082228116710875 0.033203125 0.03580901856763925
0 0.5888671875 0.24403183023872677 0.037109375 0.055702917771883284
0 0.64501953125 0.23938992042440316 0.0302734375 0.04376657824933687
0 0.64892578125 0.1916445623342175 0.0263671875 0.03846153846153846
0 0.732421875 0.2075596816976127 0.033203125 0.05172413793103448
0 0.783203125 0.1903183023872679 0.033203125 0.046419098143236075
0 0.82763671875 0.22015915119363394 0.0302734375 0.03978779840848806
0 0.87646484375 0.2526525198938992 0.0302734375 0.03846153846153846
0 0.88427734375 0.1896551724137931 0.0185546875 0.034482758620689655
0 0.9130859375 0.23740053050397877 0.03515625 0.05039787798408488
0 0.94384765625 0.20822281167108753 0.0205078125 0.03183023872679045
0 0.98291015625 0.1909814323607427 0.0322265625 0.03713527851458886
0 0.00830078125 0.23740053050397877 0.0166015625 0.01856763925729443
