0 0.48095703125 0.456949569495695 0.0107421875 0.015990159901599018
0 0.54541015625 0.46002460024600245 0.0107421875 0.017220172201722016
0 0.51904296875 0.45940959409594095 0.0107421875 0.015990159901599018
0 0.5556640625 0.5584255842558425 0.021484375 0.03444034440344403
0 0.59912109375 0.52460024600246 0.0146484375 0.023370233702337023
0 0.67236328125 0.496309963099631 0.0126953125 0.023370233702337023
0 0.603515625 0.460639606396064 0.01171875 0.020910209102091022
0 0.64697265625 0.469249692496925 0.0107421875 0.01845018450184502
0 0.66064453125 0.47170971709717097 0.0107421875 0.01845018450184502
0 0.71484375 0.461869618696187 0.013671875 0.023370233702337023
0 0.70458984375 0.45879458794587946 0.0107421875 0.017220172201722016
0 0.77294921875 0.44034440344403447 0.0107421875 0.01968019680196802
0 0.794921875 0.45018450184501846 0.01171875 0.017220172201722016
0 0.90087890625 0.44956949569495697 0.0068359375 0.015990159901599018
0 0.50048828125 0.4526445264452645 0.0107421875 0.017220172201722016
0 0.6171875 0.43849938499384994 0.01171875 0.015990159901599018
0 0.55078125 0.43665436654366546 0.01171875 0.014760147601476016
0 0.2041015625 0.5375153751537516 0.01953125 0.02706027060270603
0 0.2353515625 0.5036900369003691 0.015625 0.025830258302583026
0 0.30517578125 0.4895448954489545 0.0126953125 0.017220172201722016
0 0.36376953125 0.4440344403444035 0.0126953125 0.01968019680196802
0 0.416015625 0.5479704797047971 0.013671875 0.020910209102091022
0 0.39990234375 0.43726937269372695 0.0107421875 0.013530135301353014
0 0.43994140625 0.43911439114391143 0.0087890625 0.014760147601476016
0 0.4130859375 0.460639606396064 0.01171875 0.01845018450184502
0 0.490234375 0.490159901599016 0.01171875 0.023370233702337023
