0 0.306640625 0.40690104166666663 0.021484375 0.03255208333333333
0 0.1357421875 0.36393229166666663 0.015625 0.022135416666666664
0 0.720703125 0.150390625 0.01953125 0.029947916666666664
0 0.7060546875 0.14127604166666666 0.015625 0.02734375
0 0.6396484375 0.16861979166666666 0.01953125 0.024739583333333332
0 0.638671875 0.21809895833333331 0.0234375 0.03255208333333333
0 0.62890625 0.20052083333333331 0.015625 0.026041666666666664
0 0.6689453125 0.20703125 0.015625 0.0234375
0 0.8759765625 0.16731770833333331 0.03125 0.05859375
0 0.98046875 0.17513020833333331 0.03515625 0.03515625
0 0.94970703125 0.11979166666666666 0.0263671875 0.041666666666666664
0 0.9462890625 0.087890625 0.0234375 0.03515625
0 0.4775390625 0.3372395833333333 0.017578125 0.028645833333333332
0 0.4150390625 0.3216145833333333 0.013671875 0.028645833333333332
0 0.431640625 0.322265625 0.01953125 0.037760416666666664
0 0.49365234375 0.2884114583333333 0.0166015625 0.029947916666666664
0 0.439453125 0.3880208333333333 0.0234375 0.033854166666666664
0 0.3828125 0.3294270833333333 0.01171875 0.018229166666666664
0 0.35546875 0.33072916666666663 0.015625 0.026041666666666664
0 0.34375 0.38541666666666663 0.03125 0.05208333333333333
0 0.31005859375 0.3606770833333333 0.0166015625 0.033854166666666664
0 0.33935546875 0.28776041666666663 0.0146484375 0.0234375
0 0.3662109375 0.2923177083333333 0.0234375 0.029947916666666664
0 0.3916015625 0.45377604166666663 0.04296875 0.05859375
0 0.21435546875 0.3079427083333333 0.0146484375 0.024739583333333332
0 0.27001953125 0.39713541666666663 0.0205078125 0.03645833333333333
0 0.20458984375 0.421875 0.0224609375 0.0390625
0 0.16552734375 0.330078125 0.0166015625 0.024739583333333332
0 0.55126953125 0.24153645833333331 0.0166015625 0.029947916666666664
0 0.8095703125 0.2513020833333333 0.037109375 0.0703125
0 0.35693359375 0.4609375 0.0283203125 0.049479166666666664
0 0.8232421875 0.35026041666666663 0.048828125 0.0859375
0 0.64697265625 0.4934895833333333 0.1455078125 0.234375
0 0.42822265625 0.5494791666666666 0.0634765625 0.09895833333333333
0 0.29638671875 0.669921875 0.1064453125 0.16796875
0 0.166015625 0.583984375 0.083984375 0.13151041666666666
0 0.06494140625 0.5169270833333333 0.0693359375 0.09895833333333333
0 0.1025390625 0.412109375 0.015625 0.024739583333333332
0 0.1591796875 0.4296875 0.017578125 0.0234375
0 0.23193359375 0.33072916666666663 0.0205078125 0.03645833333333333
