0 0.2998046875 0.33463541666666663 0.048828125 0.0703125
0 0.16796875 0.31901041666666663 0.0546875 0.08333333333333333
0 0.4365234375 0.34830729166666663 0.05078125 0.08203125
0 0.42626953125 0.3001302083333333 0.0478515625 0.06901041666666666
0 0.53466796875 0.30924479166666663 0.0322265625 0.05859375
0 0.58447265625 0.25 0.0908203125 0.1328125
0 0.39013671875 0.27604166666666663 0.0302734375 0.05208333333333333
0 0.97705078125 0.30859375 0.0458984375 0.0859375
0 0.845703125 0.30533854166666663 0.0625 0.09505208333333333
0 0.75634765625 0.2942708333333333 0.0517578125 0.078125
0 0.7783203125 0.21028645833333331 0.048828125 0.07421875
0 0.95166015625 0.26236979166666663 0.0419921875 0.08203125
0 0.1494140625 0.265625 0.02734375 0.041666666666666664
