0 0.068359375 0.3196286472148541 0.03125 0.06100795755968169
0 0.1845703125 0.3149867374005305 0.056640625 0.07029177718832891
0 0.2373046875 0.3289124668435013 0.037109375 0.05039787798408488
0 0.30810546875 0.29244031830238726 0.0400390625 0.06763925729442971
0 0.3466796875 0.30968169761273207 0.03515625 0.046419098143236075
0 0.4072265625 0.30305039787798405 0.052734375 0.08090185676392572
0 0.51025390625 0.3196286472148541 0.0458984375 0.07692307692307691
0 0.578125 0.33687002652519893 0.04296875 0.0663129973474801
0 0.62255859375 0.3116710875331565 0.0361328125 0.05305039787798408
0 0.66455078125 0.3037135278514589 0.0244140625 0.042440318302387266
0 0.685546875 0.29045092838196285 0.04296875 0.0663129973474801
0 0.73876953125 0.3110079575596817 0.0302734375 0.046419098143236075
0 0.814453125 0.36604774535809015 0.025390625 0.04774535809018567
0 0.90966796875 0.34549071618037136 0.0283203125 0.046419098143236075
0 0.7705078125 0.3547745358090186 0.0234375 0.03580901856763925
0 0.025390625 0.29840848806366044 0.017578125 0.05835543766578249
0 0.85498046875 0.39456233421750664 0.0224609375 0.03846153846153846
