0 0.42138671875 0.19309838472834068 0.0146484375 0.024963289280469897
0 0.3837890625 0.18869309838472834 0.017578125 0.02790014684287812
0 0.35107421875 0.15051395007342144 0.0087890625 0.01908957415565345
0 0.3505859375 0.19456681350954477 0.017578125 0.033773861967694566
0 0.15673828125 0.1894273127753304 0.0185546875 0.032305433186490456
0 0.24169921875 0.23127753303964757 0.0244140625 0.04552129221732746
0 0.2998046875 0.20631424375917767 0.01953125 0.033773861967694566
0 0.263671875 0.21512481644640233 0.017578125 0.03671071953010279
0 0.2783203125 0.16299559471365638 0.01171875 0.023494860499265784
0 0.24609375 0.16666666666666666 0.01171875 0.02202643171806167
0 0.23193359375 0.1894273127753304 0.0146484375 0.020558002936857563
0 0.1982421875 0.1894273127753304 0.013671875 0.026431718061674006
0 0.140625 0.11820851688693097 0.017578125 0.02790014684287812
0 0.09423828125 0.11306901615271658 0.0185546875 0.032305433186490456
0 0.13037109375 0.2723935389133627 0.0302734375 0.04845814977973568
0 0.03466796875 0.21071953010279001 0.0224609375 0.04552129221732746
0 0.0205078125 0.1211453744493392 0.01953125 0.033773861967694566
0 0.0078125 0.3098384728340675 0.015625 0.06754772393538913
0 0.16455078125 0.4765051395007342 0.1064453125 0.20704845814977973
0 0.9111328125 0.29955947136563876 0.0546875 0.09397944199706314
0 0.8662109375 0.22613803230543317 0.033203125 0.05873715124816446
0 0.78173828125 0.33920704845814975 0.0751953125 0.11160058737151247
0 0.85107421875 0.4464023494860499 0.0791015625 0.17621145374449337
0 0.76318359375 0.19236417033773862 0.0166015625 0.032305433186490456
0 0.7939453125 0.19162995594713655 0.017578125 0.03083700440528634
0 0.9921875 0.28267254038179146 0.015625 0.07488986784140969
0 0.91845703125 0.1079295154185022 0.0244140625 0.06607929515418502
0 0.8876953125 0.1079295154185022 0.009765625 0.02202643171806167
0 0.91845703125 0.16813509544787078 0.0126953125 0.02202643171806167
0 0.73583984375 0.171071953010279 0.0087890625 0.01908957415565345
0 0.650390625 0.15785609397944197 0.0078125 0.016152716593245228
0 0.6884765625 0.1593245227606461 0.0078125 0.016152716593245228
0 0.6044921875 0.15859030837004404 0.0078125 0.017621145374449337
0 0.5537109375 0.09544787077826725 0.009765625 0.017621145374449337
0 0.51806640625 0.10352422907488987 0.0068359375 0.013215859030837003
0 0.546875 0.15051395007342144 0.009765625 0.01908957415565345
0 0.521484375 0.15785609397944197 0.009765625 0.01908957415565345
0 0.48193359375 0.16372980910425844 0.0126953125 0.01908957415565345
0 0.484375 0.11380323054331865 0.009765625 0.016152716593245228
0 0.46142578125 0.10205580029368574 0.0087890625 0.016152716593245228
0 0.451171875 0.11013215859030837 0.0078125 0.014684287812041116
0 0.439453125 0.18281938325991187 0.013671875 0.024963289280469897
0 0.71826171875 0.16886930983847281 0.0068359375 0.014684287812041116
