0 0.8525390625 0.4134114583333333 0.03125 0.04817708333333333
0 0.73095703125 0.376953125 0.0302734375 0.04817708333333333
0 0.69775390625 0.37955729166666663 0.0244140625 0.04817708333333333
0 0.59521484375 0.380859375 0.0205078125 0.029947916666666664
0 0.529296875 0.3587239583333333 0.013671875 0.029947916666666664
0 0.47705078125 0.349609375 0.0146484375 0.03255208333333333
0 0.408203125 0.3372395833333333 0.015625 0.026041666666666664
0 0.453125 0.41015625 0.025390625 0.05208333333333333
0 0.37890625 0.373046875 0.01953125 0.04296875
0 0.341796875 0.33268229166666663 0.021484375 0.037760416666666664
0 0.291015625 0.357421875 0.021484375 0.037760416666666664
0 0.1953125 0.33072916666666663 0.015625 0.028645833333333332
0 0.0888671875 0.3841145833333333 0.037109375 0.0625
0 0.35302734375 0.328125 0.0146484375 0.03125
0 0.5224609375 0.4140625 0.021484375 0.049479166666666664
0 0.45703125 0.390625 0.021484375 0.049479166666666664
0 0.11572265625 0.3938802083333333 0.0224609375 0.024739583333333332
0 0.12353515625 0.35546875 0.0224609375 0.0234375
0 0.96728515625 0.41666666666666663 0.0283203125 0.0625
