0 0.86669921875 0.47504990019960075 0.0205078125 0.05189620758483034
0 0.7333984375 0.5269461077844311 0.01953125 0.0558882235528942
0 0.42041015625 0.3313373253493014 0.0126953125 0.0279441117764471
0 0.28076171875 0.4650698602794411 0.0146484375 0.03592814371257485
0 0.24462890625 0.4900199600798403 0.0146484375 0.03792415169660678
0 0.201171875 0.466067864271457 0.01171875 0.03792415169660678
0 0.18701171875 0.5508982035928143 0.0205078125 0.0558882235528942
0 0.14306640625 0.47604790419161674 0.0126953125 0.03393213572854291
0 0.142578125 0.5409181636726547 0.01953125 0.04790419161676646
0 0.25634765625 0.5888223552894211 0.0185546875 0.05988023952095808
0 0.15283203125 0.7544910179640718 0.0263671875 0.10778443113772454
0 0.02783203125 0.5988023952095808 0.0322265625 0.08782435129740518
0 0.021484375 0.714570858283433 0.02734375 0.08782435129740518
