0 0.90771484375 0.3274739583333333 0.0322265625 0.053385416666666664
0 0.85009765625 0.330078125 0.0341796875 0.05598958333333333
0 0.7548828125 0.34244791666666663 0.037109375 0.0625
0 0.6953125 0.30338541666666663 0.029296875 0.049479166666666664
0 0.68701171875 0.35611979166666663 0.0361328125 0.05859375
0 0.5927734375 0.31640625 0.033203125 0.0546875
0 0.51904296875 0.31640625 0.0341796875 0.057291666666666664
0 0.39013671875 0.29361979166666663 0.0322265625 0.053385416666666664
0 0.380859375 0.25455729166666663 0.0234375 0.03515625
0 0.43798828125 0.38932291666666663 0.0537109375 0.08854166666666666
0 0.2998046875 0.36979166666666663 0.04296875 0.0703125
0 0.22998046875 0.2864583333333333 0.0302734375 0.041666666666666664
0 0.16064453125 0.2766927083333333 0.0302734375 0.05598958333333333
0 0.14990234375 0.3313802083333333 0.0361328125 0.05598958333333333
0 0.1083984375 0.36588541666666663 0.05078125 0.08333333333333333
0 0.18017578125 0.4895833333333333 0.0576171875 0.0859375
