0 0.96337890625 0.25031446540880503 0.0478515625 0.0729559748427673
0 0.91259765625 0.2062893081761006 0.0166015625 0.027672955974842765
0 0.87353515625 0.2779874213836478 0.0478515625 0.06540880503144654
0 0.7763671875 0.18427672955974841 0.048828125 0.07421383647798742
0 0.7509765625 0.12830188679245283 0.01171875 0.02012578616352201
0 0.75244140625 0.0880503144654088 0.0107421875 0.012578616352201257
0 0.73095703125 0.11257861635220125 0.0107421875 0.016352201257861635
0 0.7841796875 0.1150943396226415 0.01171875 0.018867924528301886
0 0.83056640625 0.08238993710691823 0.0126953125 0.018867924528301886
0 0.8251953125 0.14779874213836477 0.013671875 0.021383647798742137
0 0.80078125 0.13647798742138365 0.013671875 0.021383647798742137
0 0.84765625 0.11949685534591194 0.01171875 0.022641509433962263
0 0.8798828125 0.08364779874213836 0.013671875 0.016352201257861635
0 0.91162109375 0.11194968553459118 0.0126953125 0.01761006289308176
0 0.92578125 0.07861635220125786 0.01171875 0.018867924528301886
0 0.9921875 0.10754716981132074 0.01171875 0.016352201257861635
0 0.97021484375 0.15157232704402515 0.0166015625 0.018867924528301886
0 0.90966796875 0.16729559748427672 0.0126953125 0.01761006289308176
0 0.88720703125 0.14465408805031446 0.0146484375 0.02012578616352201
0 0.85693359375 0.14842767295597484 0.0146484375 0.01761006289308176
0 0.865234375 0.1761006289308176 0.017578125 0.027672955974842765
0 0.67529296875 0.08867924528301886 0.0107421875 0.018867924528301886
0 0.71142578125 0.07987421383647798 0.0126953125 0.016352201257861635
0 0.71533203125 0.11698113207547169 0.0126953125 0.01761006289308176
0 0.689453125 0.12264150943396226 0.013671875 0.023899371069182388
0 0.6630859375 0.12515723270440252 0.015625 0.021383647798742137
0 0.68408203125 0.23647798742138362 0.0478515625 0.06540880503144654
0 0.63623046875 0.23962264150943394 0.0361328125 0.05157232704402515
0 0.5869140625 0.2113207547169811 0.0546875 0.08553459119496855
0 0.48291015625 0.21572327044025155 0.0517578125 0.08176100628930817
0 0.51611328125 0.19433962264150942 0.0166015625 0.031446540880503145
0 0.51953125 0.11823899371069181 0.017578125 0.02012578616352201
0 0.5517578125 0.1050314465408805 0.015625 0.023899371069182388
0 0.5947265625 0.08427672955974842 0.013671875 0.022641509433962263
0 0.56982421875 0.09371069182389936 0.0126953125 0.018867924528301886
0 0.619140625 0.12138364779874214 0.013671875 0.021383647798742137
0 0.61669921875 0.09119496855345911 0.0126953125 0.018867924528301886
0 0.6318359375 0.0880503144654088 0.01171875 0.01761006289308176
0 0.65185546875 0.09433962264150943 0.0146484375 0.02012578616352201
0 0.6416015625 0.027672955974842765 0.01171875 0.01761006289308176
0 0.5517578125 0.06415094339622641 0.013671875 0.02012578616352201
0 0.51171875 0.056603773584905655 0.015625 0.02012578616352201
0 0.486328125 0.07358490566037736 0.013671875 0.016352201257861635
0 0.49658203125 0.09496855345911949 0.0146484375 0.023899371069182388
0 0.47119140625 0.09748427672955974 0.0166015625 0.021383647798742137
0 0.3857421875 0.12138364779874214 0.013671875 0.023899371069182388
0 0.40966796875 0.10628930817610062 0.0166015625 0.021383647798742137
0 0.43701171875 0.09496855345911949 0.0166015625 0.021383647798742137
0 0.4169921875 0.0729559748427673 0.015625 0.01761006289308176
0 0.39501953125 0.04465408805031446 0.0146484375 0.018867924528301886
0 0.39111328125 0.011949685534591194 0.0107421875 0.013836477987421382
0 0.37451171875 0.05094339622641509 0.0107421875 0.011320754716981131
0 0.36962890625 0.09182389937106918 0.0146484375 0.02012578616352201
0 0.380859375 0.2383647798742138 0.064453125 0.08176100628930817
0 0.4296875 0.20062893081761005 0.017578125 0.023899371069182388
0 0.443359375 0.17232704402515722 0.01953125 0.022641509433962263
0 0.33203125 0.15220125786163521 0.021484375 0.027672955974842765
0 0.32470703125 0.10817610062893081 0.0166015625 0.025157232704402514
0 0.30419921875 0.11069182389937106 0.0166015625 0.025157232704402514
0 0.2666015625 0.14088050314465408 0.05078125 0.08553459119496855
0 0.23486328125 0.13962264150943396 0.0126953125 0.02012578616352201
0 0.22216796875 0.11257861635220125 0.0166015625 0.018867924528301886
0 0.19482421875 0.06918238993710692 0.0166015625 0.022641509433962263
0 0.26171875 0.011320754716981131 0.01171875 0.01761006289308176
0 0.291015625 0.031446540880503145 0.015625 0.022641509433962263
0 0.31640625 0.01761006289308176 0.013671875 0.01761006289308176
0 0.00830078125 0.12767295597484277 0.0048828125 0.018867924528301886
0 0.20556640625 0.013836477987421382 0.0126953125 0.01761006289308176
0 0.18310546875 0.018867924528301886 0.0087890625 0.02012578616352201
0 0.13037109375 0.05094339622641509 0.0146484375 0.021383647798742137
0 0.20166015625 0.1761006289308176 0.0166015625 0.027672955974842765
0 0.15234375 0.230188679245283 0.05859375 0.0729559748427673
0 0.17724609375 0.18427672955974841 0.0263671875 0.06415094339622641
0 0.1259765625 0.012578616352201257 0.013671875 0.022641509433962263
0 0.11865234375 0.07672955974842767 0.0166015625 0.025157232704402514
0 0.08203125 0.047798742138364776 0.013671875 0.02012578616352201
0 0.083984375 0.1509433962264151 0.017578125 0.022641509433962263
0 0.01513671875 0.06037735849056604 0.0107421875 0.025157232704402514
0 0.08056640625 0.23207547169811318 0.0400390625 0.04654088050314465
0 0.1875 0.35157232704402513 0.080078125 0.12452830188679245
0 0.2568359375 0.36792452830188677 0.064453125 0.07421383647798742
0 0.90283203125 0.35974842767295595 0.0380859375 0.08553459119496855
0 0.26611328125 0.6610062893081761 0.0849609375 0.10691823899371068
