0 0.59912109375 0.49281045751633984 0.0419921875 0.07581699346405228
0 0.4453125 0.4666666666666666 0.0390625 0.06013071895424836
0 0.36767578125 0.4967320261437908 0.0478515625 0.065359477124183
0 0.21435546875 0.4967320261437908 0.0595703125 0.08627450980392157
0 0.42626953125 0.3111111111111111 0.0185546875 0.0261437908496732
0 0.3564453125 0.3424836601307189 0.017578125 0.02875816993464052
0 0.515625 0.30653594771241827 0.021484375 0.0326797385620915
0 0.5927734375 0.3137254901960784 0.021484375 0.03137254901960784
0 0.6591796875 0.3372549019607843 0.021484375 0.023529411764705882
0 0.58837890625 0.36928104575163395 0.0224609375 0.03006535947712418
0 0.1142578125 0.18104575163398692 0.0234375 0.03006535947712418
0 0.19384765625 0.8483660130718954 0.0869140625 0.18823529411764706
0 0.0771484375 0.6535947712418301 0.080078125 0.16209150326797384
0 0.81591796875 0.5235294117647058 0.0537109375 0.09019607843137255
0 0.986328125 0.6019607843137255 0.02734375 0.09803921568627451
0 0.8486328125 0.28104575163398693 0.044921875 0.0784313725490196
0 0.88427734375 0.20718954248366012 0.0224609375 0.03529411764705882
0 0.36669921875 0.3130718954248366 0.0224609375 0.02222222222222222
