0 0.1787109375 0.35242290748898675 0.01953125 0.026431718061674006
0 0.1376953125 0.3935389133627019 0.0234375 0.035242290748898675
0 0.1259765625 0.36490455212922174 0.015625 0.033773861967694566
0 0.08544921875 0.33039647577092507 0.0185546875 0.02936857562408223
0 0.09765625 0.41703377386196766 0.021484375 0.0381791483113069
0 0.07373046875 0.4375917767988252 0.0263671875 0.04698972099853157
0 0.06005859375 0.36270190895741555 0.0185546875 0.0381791483113069
0 0.037109375 0.31791483113069013 0.021484375 0.03083700440528634
0 0.02734375 0.3876651982378854 0.021484375 0.0381791483113069
0 0.009765625 0.3898678414096916 0.017578125 0.03964757709251101
0 0.2412109375 0.5367107195301027 0.04296875 0.07782672540381791
0 0.326171875 0.33627019089574156 0.017578125 0.0381791483113069
0 0.32080078125 0.3230543318649045 0.0146484375 0.020558002936857563
0 0.36328125 0.3634361233480176 0.01953125 0.042584434654919234
0 0.3896484375 0.36490455212922174 0.0234375 0.04552129221732746
0 0.39892578125 0.31571218795888395 0.0185546875 0.032305433186490456
0 0.4208984375 0.34801762114537443 0.01953125 0.041116005873715125
0 0.01318359375 0.6248164464023495 0.0224609375 0.06020558002936857
0 0.19140625 0.6372980910425844 0.015625 0.05580029368575624
0 0.4052734375 0.5594713656387665 0.017578125 0.049926578560939794
0 0.4775390625 0.34140969162995594 0.025390625 0.0513950073421439
0 0.4609375 0.33920704845814975 0.017578125 0.035242290748898675
0 0.44189453125 0.27973568281938327 0.0166015625 0.033773861967694566
0 0.529296875 0.2621145374449339 0.017578125 0.03083700440528634
0 0.5439453125 0.3098384728340675 0.01953125 0.035242290748898675
0 0.509765625 0.3487518355359765 0.029296875 0.04845814977973568
0 0.58056640625 0.35609397944199705 0.0224609375 0.042584434654919234
0 0.6552734375 0.38252569750367105 0.025390625 0.042584434654919234
0 0.673828125 0.35903083700440525 0.021484375 0.04845814977973568
0 0.78515625 0.3267254038179148 0.017578125 0.04552129221732746
0 0.8330078125 0.33627019089574156 0.021484375 0.041116005873715125
0 0.89306640625 0.34287812041116006 0.0263671875 0.04845814977973568
0 0.97705078125 0.38032305433186486 0.0263671875 0.04405286343612334
0 0.91162109375 0.32452276064610863 0.0185546875 0.04405286343612334
0 0.58935546875 0.5521292217327459 0.0322265625 0.06461086637298091
0 0.67578125 0.4353891336270191 0.021484375 0.05433186490455213
0 0.52587890625 0.5411160058737151 0.0185546875 0.05433186490455213
0 0.98779296875 0.42143906020558003 0.0205078125 0.08223201174743025
0 0.71630859375 0.10058737151248164 0.0400390625 0.06314243759177679
0 0.3955078125 0.8634361233480176 0.025390625 0.08810572687224669
0 0.2529296875 0.41703377386196766 0.021484375 0.049926578560939794
0 0.3212890625 0.39941262848751835 0.025390625 0.05580029368575624
0 0.29345703125 0.31791483113069013 0.0205078125 0.033773861967694566
0 0.25146484375 0.3406754772393539 0.0205078125 0.032305433186490456
0 0.22802734375 0.3619676945668135 0.0205078125 0.03964757709251101
0 0.212890625 0.3267254038179148 0.01953125 0.02790014684287812
0 0.18994140625 0.3942731277533039 0.0224609375 0.03083700440528634
