0 0.8818359375 0.34830729166666663 0.04296875 0.061197916666666664
0 0.7890625 0.38932291666666663 0.044921875 0.06770833333333333
0 0.72265625 0.35546875 0.044921875 0.05989583333333333
0 0.63671875 0.3958333333333333 0.0390625 0.06510416666666666
0 0.58251953125 0.3489583333333333 0.0400390625 0.057291666666666664
0 0.5283203125 0.39908854166666663 0.0390625 0.06380208333333333
0 0.48486328125 0.3470052083333333 0.0400390625 0.05078125
0 0.427734375 0.40234375 0.0390625 0.057291666666666664
0 0.376953125 0.34765625 0.0390625 0.0546875
0 0.32763671875 0.3665364583333333 0.0419921875 0.05598958333333333
0 0.248046875 0.365234375 0.037109375 0.053385416666666664
0 0.205078125 0.40104166666666663 0.04296875 0.06510416666666666
