0 0.1142578125 0.4228187919463087 0.03125 0.06442953020134227
0 0.31103515625 0.45167785234899327 0.0302734375 0.05771812080536912
0 0.42919921875 0.44563758389261743 0.0322265625 0.053691275167785234
0 0.57421875 0.43422818791946305 0.03125 0.05771812080536912
0 0.6923828125 0.42214765100671137 0.03125 0.060402684563758385
0 0.85205078125 0.3859060402684564 0.0302734375 0.05503355704697986
0 0.22119140625 0.2758389261744966 0.0302734375 0.046979865771812075
0 0.29150390625 0.2671140939597315 0.0263671875 0.042953020134228186
0 0.3564453125 0.2577181208053691 0.025390625 0.040268456375838924
0 0.41943359375 0.26375838926174494 0.0283203125 0.04429530201342281
0 0.48486328125 0.2651006711409396 0.0283203125 0.04429530201342281
0 0.5576171875 0.24899328859060402 0.025390625 0.046979865771812075
0 0.63232421875 0.2583892617449664 0.0283203125 0.046979865771812075
0 0.69580078125 0.25503355704697983 0.0263671875 0.042953020134228186
0 0.77001953125 0.26442953020134224 0.0263671875 0.04563758389261745
0 0.814453125 0.27248322147651005 0.025390625 0.04563758389261745
0 0.8984375 0.26308724832214764 0.03125 0.04563758389261745
