0 0.9052734375 0.5744920993227991 0.044921875 0.11963882618510158
0 0.83837890625 0.38487584650112866 0.0341796875 0.09706546275395032
0 0.73876953125 0.41083521444695253 0.0263671875 0.0857787810383747
0 0.71826171875 0.600451467268623 0.0361328125 0.1038374717832957
0 0.640625 0.3860045146726862 0.033203125 0.09029345372460496
0 0.56201171875 0.5801354401805868 0.0361328125 0.1128668171557562
0 0.537109375 0.42325056433408575 0.03125 0.08803611738148984
0 0.2412109375 0.5733634311512414 0.037109375 0.1038374717832957
0 0.388671875 0.6309255079006771 0.03515625 0.10158013544018057
0 0.43359375 0.4243792325056433 0.029296875 0.09029345372460496
0 0.3369140625 0.38148984198645597 0.029296875 0.0857787810383747
0 0.2216796875 0.3860045146726862 0.029296875 0.08126410835214447
0 0.10595703125 0.4571106094808126 0.0283203125 0.0654627539503386
0 0.0849609375 0.5756207674943566 0.0390625 0.0948081264108352
0 0.50390625 0.1399548532731377 0.029296875 0.08126410835214447
0 0.35302734375 0.14446952595936793 0.0283203125 0.07674943566591422
0 0.1953125 0.1749435665914221 0.037109375 0.09706546275395032
