0 0.97412109375 0.2143906020558003 0.0263671875 0.0381791483113069
0 0.94970703125 0.27606461086637296 0.0263671875 0.05286343612334801
0 0.93896484375 0.2224669603524229 0.0263671875 0.05433186490455213
0 0.89453125 0.25256975036710716 0.03125 0.05873715124816446
0 0.82373046875 0.38399412628487517 0.0634765625 0.11013215859030837
0 0.78173828125 0.4185022026431718 0.0361328125 0.0763582966226138
0 0.72314453125 0.39941262848751835 0.0498046875 0.09104258443465492
0 0.84130859375 0.2606461086637298 0.0244140625 0.04845814977973568
0 0.75537109375 0.2672540381791483 0.0263671875 0.0381791483113069
0 0.77685546875 0.3002936857562408 0.0185546875 0.03964757709251101
0 0.73583984375 0.31571218795888395 0.0224609375 0.041116005873715125
0 0.67919921875 0.2819383259911894 0.0244140625 0.049926578560939794
0 0.66162109375 0.3201174743024963 0.0224609375 0.041116005873715125
0 0.6318359375 0.3135095447870778 0.01953125 0.03083700440528634
0 0.60693359375 0.2936857562408223 0.0244140625 0.049926578560939794
0 0.546875 0.3142437591776799 0.0234375 0.04405286343612334
0 0.56494140625 0.3186490455212922 0.0185546875 0.04405286343612334
0 0.54638671875 0.4941262848751835 0.0224609375 0.042584434654919234
0 0.61279296875 0.5205580029368575 0.0263671875 0.04845814977973568
0 0.5234375 0.5293685756240822 0.029296875 0.04552129221732746
0 0.50146484375 0.45374449339207046 0.0224609375 0.041116005873715125
0 0.47216796875 0.5308370044052864 0.0244140625 0.042584434654919234
0 0.45458984375 0.49706314243759175 0.0224609375 0.03671071953010279
0 0.49072265625 0.3355359765051395 0.0244140625 0.057268722466960346
0 0.4677734375 0.33920704845814975 0.021484375 0.0381791483113069
0 0.44921875 0.3450807635829662 0.01953125 0.032305433186490456
0 0.421875 0.32819383259911894 0.021484375 0.03964757709251101
0 0.396484375 0.3597650513950073 0.01953125 0.0381791483113069
0 0.38134765625 0.3663729809104258 0.0205078125 0.03671071953010279
0 0.35302734375 0.38399412628487517 0.0224609375 0.042584434654919234
0 0.39892578125 0.4941262848751835 0.0185546875 0.03671071953010279
0 0.3828125 0.513215859030837 0.021484375 0.03964757709251101
0 0.40673828125 0.5249632892804699 0.0205078125 0.03964757709251101
0 0.43505859375 0.5609397944199705 0.0244140625 0.04698972099853157
0 0.35888671875 0.5565345080763583 0.0224609375 0.04698972099853157
0 0.330078125 0.3641703377386197 0.01953125 0.032305433186490456
0 0.2958984375 0.37738619676945667 0.021484375 0.0381791483113069
0 0.248046875 0.39133627019089573 0.021484375 0.03964757709251101
0 0.21875 0.3876651982378854 0.01953125 0.0381791483113069
0 0.328125 0.5168869309838473 0.01953125 0.0381791483113069
0 0.31494140625 0.5704845814977973 0.0205078125 0.03671071953010279
0 0.2451171875 0.5418502202643172 0.01953125 0.035242290748898675
0 0.22900390625 0.566813509544787 0.0224609375 0.04405286343612334
0 0.2822265625 0.580029368575624 0.0234375 0.04405286343612334
0 0.21240234375 0.5910425844346548 0.0244140625 0.04845814977973568
0 0.17919921875 0.4985315712187959 0.0205078125 0.03964757709251101
0 0.1806640625 0.4133627019089574 0.01953125 0.03671071953010279
0 0.17431640625 0.38252569750367105 0.0166015625 0.02790014684287812
0 0.1533203125 0.38032305433186486 0.017578125 0.02936857562408223
0 0.15966796875 0.44933920704845814 0.0205078125 0.035242290748898675
0 0.125 0.39941262848751835 0.01953125 0.035242290748898675
0 0.10546875 0.42217327459618204 0.01953125 0.03964757709251101
0 0.0966796875 0.39060205580029367 0.015625 0.026431718061674006
0 0.13671875 0.5308370044052864 0.017578125 0.03964757709251101
0 0.13720703125 0.5961820851688693 0.0263671875 0.04405286343612334
0 0.0595703125 0.6571218795888399 0.0234375 0.04552129221732746
0 0.0537109375 0.6042584434654918 0.025390625 0.03964757709251101
0 0.08154296875 0.7209985315712187 0.0439453125 0.07342143906020558
0 0.0283203125 0.7488986784140969 0.0390625 0.07048458149779735
0 0.06689453125 0.3854625550660793 0.0224609375 0.04552129221732746
0 0.01806640625 0.4016152716593245 0.0224609375 0.03671071953010279
