0 0.79638671875 0.5071614583333333 0.0673828125 0.09765625
0 0.73828125 0.453125 0.033203125 0.0625
0 0.6943359375 0.408203125 0.041015625 0.06380208333333333
0 0.61767578125 0.38932291666666663 0.0341796875 0.049479166666666664
0 0.9599609375 0.5026041666666666 0.080078125 0.14322916666666666
0 0.3515625 0.373046875 0.0234375 0.04036458333333333
0 0.31787109375 0.3802083333333333 0.0302734375 0.049479166666666664
0 0.27099609375 0.36979166666666663 0.0341796875 0.057291666666666664
0 0.22314453125 0.4309895833333333 0.0341796875 0.057291666666666664
0 0.12060546875 0.45182291666666663 0.0654296875 0.09895833333333333
0 0.07666015625 0.5475260416666666 0.0771484375 0.13671875
