0 0.31396484375 0.3857509627727856 0.0263671875 0.04749679075738125
0 0.32666015625 0.44801026957637996 0.0302734375 0.05134788189987163
0 0.36767578125 0.4370988446726572 0.0283203125 0.044929396662387676
0 0.39111328125 0.39409499358151473 0.0244140625 0.04621309370988447
0 0.4248046875 0.39409499358151473 0.01953125 0.03851091142490372
0 0.44580078125 0.4268292682926829 0.0224609375 0.03722721437740693
0 0.486328125 0.44480102695763796 0.037109375 0.05776636713735558
0 0.505859375 0.4017971758664955 0.025390625 0.04621309370988447
0 0.55908203125 0.4261874197689345 0.0283203125 0.05391527599486521
0 0.5830078125 0.37933247753530164 0.025390625 0.03979460847240051
0 0.478515625 0.5269576379974326 0.03515625 0.06546854942233632
0 0.59375 0.5160462130937098 0.037109375 0.056482670089858786
0 0.61279296875 0.43003851091142486 0.0302734375 0.056482670089858786
0 0.64501953125 0.39730423620025673 0.0302734375 0.050064184852374835
0 0.69091796875 0.4005134788189987 0.0244140625 0.03851091142490372
0 0.73681640625 0.43581514762516044 0.0302734375 0.05776636713735558
0 0.7626953125 0.40500641848523744 0.0234375 0.04236200256739409
0 0.78271484375 0.43388960205391525 0.0263671875 0.04621309370988447
0 0.81396484375 0.4364569961489088 0.0361328125 0.05905006418485237
0 0.87109375 0.4512195121951219 0.044921875 0.08087291399229782
0 0.72216796875 0.5064184852374839 0.0361328125 0.06290115532734274
0 0.10302734375 0.4839537869062901 0.0341796875 0.05905006418485237
0 0.18701171875 0.5359435173299101 0.0322265625 0.06033376123234916
0 0.21728515625 0.49935815147625157 0.0283203125 0.05391527599486521
0 0.23779296875 0.44480102695763796 0.0283203125 0.055198973042362
0 0.29931640625 0.5044929396662388 0.0400390625 0.06161745827984595
0 0.26513671875 0.41014120667522463 0.0283203125 0.044929396662387676
