0 0.84619140625 0.37760416666666663 0.0341796875 0.06770833333333333
0 0.74951171875 0.3157552083333333 0.0439453125 0.08203125
0 0.533203125 0.3059895833333333 0.046875 0.08333333333333333
0 0.38818359375 0.37890625 0.0283203125 0.05989583333333333
0 0.39453125 0.25065104166666663 0.044921875 0.11067708333333333
0 0.01611328125 0.32096354166666663 0.0322265625 0.07942708333333333
0 0.900390625 0.3860677083333333 0.009765625 0.024739583333333332
0 0.8828125 0.373046875 0.015625 0.03255208333333333
0 0.9150390625 0.3587239583333333 0.009765625 0.01953125
0 0.9521484375 0.3606770833333333 0.0078125 0.018229166666666664
0 0.91845703125 0.38541666666666663 0.0087890625 0.020833333333333332
0 0.9462890625 0.39453125 0.01171875 0.0234375
0 0.92822265625 0.37760416666666663 0.0107421875 0.026041666666666664
