0 0.10791015625 0.5542091836734694 0.0361328125 0.05994897959183673
0 0.162109375 0.39030612244897955 0.03125 0.05612244897959183
0 0.2607421875 0.44132653061224486 0.021484375 0.038265306122448974
0 0.283203125 0.3214285714285714 0.01953125 0.03571428571428571
0 0.384765625 0.3284438775510204 0.01953125 0.03443877551020408
0 0.37939453125 0.48852040816326525 0.0302734375 0.0510204081632653
0 0.26953125 0.4948979591836734 0.01953125 0.02551020408163265
0 0.49365234375 0.3647959183673469 0.0283203125 0.0510204081632653
0 0.5107421875 0.5299744897959183 0.029296875 0.052295918367346934
0 0.5859375 0.4508928571428571 0.0234375 0.03443877551020408
0 0.64013671875 0.3641581632653061 0.0244140625 0.03954081632653061
0 0.736328125 0.4024234693877551 0.021484375 0.03443877551020408
0 0.732421875 0.478954081632653 0.0234375 0.042091836734693876
0 0.82666015625 0.3647959183673469 0.0302734375 0.04846938775510204
0 0.765625 0.5637755102040816 0.025390625 0.04336734693877551
0 0.84423828125 0.4980867346938775 0.0263671875 0.049744897959183666
0 0.9384765625 0.503188775510204 0.029296875 0.042091836734693876
0 0.25537109375 0.7691326530612245 0.0302734375 0.0510204081632653
0 0.4453125 0.7385204081632653 0.03125 0.0510204081632653
0 0.66162109375 0.7697704081632653 0.0283203125 0.049744897959183666
0 0.73779296875 0.7302295918367346 0.0263671875 0.04464285714285714
0 0.189453125 0.021683673469387755 0.017578125 0.028061224489795915
0 0.7294921875 0.05612244897959183 0.013671875 0.02551020408163265
