0 0.2392578125 0.23342354533152912 0.033203125 0.050067658998646826
0 0.361328125 0.2381596752368065 0.033203125 0.06495263870094722
0 0.26171875 0.4127198917456022 0.041015625 0.06765899864682003
0 0.38232421875 0.4093369418132612 0.0361328125 0.06630581867388363
0 0.46630859375 0.2212449255751015 0.0341796875 0.05277401894451963
0 0.58642578125 0.25372124492557513 0.0322265625 0.05277401894451963
0 0.68212890625 0.27469553450608936 0.0302734375 0.05142083897158323
0 0.51611328125 0.4600811907983762 0.0380859375 0.05953991880920163
0 0.6103515625 0.4952638700947226 0.03515625 0.05142083897158323
0 0.6845703125 0.49797023004059543 0.033203125 0.056833558863328824
0 0.83544921875 0.3484438430311232 0.0087890625 0.017591339648173207
0 0.888671875 0.33897158322056836 0.0078125 0.017591339648173207
