0 0.1064453125 0.5752923976608186 0.03125 0.059941520467836254
0 0.22265625 0.4641812865497076 0.033203125 0.06871345029239766
0 0.2294921875 0.652046783625731 0.04296875 0.07602339181286549
0 0.34814453125 0.641812865497076 0.0380859375 0.07309941520467836
0 0.34716796875 0.5614035087719298 0.0283203125 0.04678362573099415
0 0.4306640625 0.5519005847953216 0.025390625 0.04824561403508772
0 0.33203125 0.4780701754385965 0.03515625 0.07309941520467836
0 0.283203125 0.4473684210526315 0.0234375 0.04678362573099415
0 0.5185546875 0.8077485380116959 0.03125 0.039473684210526314
0 0.625 0.72953216374269 0.03515625 0.05555555555555555
0 0.6904296875 0.6973684210526315 0.03125 0.043859649122807015
0 0.81494140625 0.5738304093567251 0.0126953125 0.019005847953216373
0 0.8232421875 0.5760233918128654 0.0078125 0.017543859649122806
0 0.8408203125 0.6235380116959064 0.009765625 0.019005847953216373
0 0.8994140625 0.6834795321637427 0.01171875 0.01608187134502924
0 0.90771484375 0.6776315789473684 0.0068359375 0.01608187134502924
0 0.91357421875 0.6644736842105263 0.0107421875 0.021929824561403508
0 0.93017578125 0.5826023391812866 0.0107421875 0.03070175438596491
0 0.89990234375 0.5994152046783625 0.0048828125 0.014619883040935672
0 0.03271484375 0.3260233918128655 0.0224609375 0.03216374269005848
0 0.00390625 0.22807017543859648 0.0078125 0.04093567251461988
0 0.00390625 0.16885964912280702 0.0078125 0.021929824561403508
0 0.04833984375 0.18421052631578946 0.0146484375 0.023391812865497075
0 0.162109375 0.3399122807017544 0.013671875 0.03070175438596491
0 0.21630859375 0.34941520467836257 0.0166015625 0.029239766081871343
0 0.15478515625 0.24342105263157893 0.0087890625 0.019005847953216373
0 0.21533203125 0.25073099415204675 0.0087890625 0.019005847953216373
0 0.23486328125 0.27266081871345027 0.0107421875 0.019005847953216373
0 0.259765625 0.28581871345029236 0.009765625 0.019005847953216373
0 0.26123046875 0.27558479532163743 0.0087890625 0.01608187134502924
0 0.1767578125 0.2631578947368421 0.009765625 0.017543859649122806
0 0.38623046875 0.36184210526315785 0.0126953125 0.021929824561403508
0 0.41748046875 0.32675438596491224 0.0185546875 0.027777777777777776
0 0.43310546875 0.32821637426900585 0.0146484375 0.033625730994152045
0 0.38671875 0.2573099415204678 0.01171875 0.023391812865497075
0 0.35498046875 0.3070175438596491 0.0068359375 0.017543859649122806
0 0.28955078125 0.30043859649122806 0.0107421875 0.019005847953216373
0 0.29833984375 0.3019005847953216 0.0048828125 0.013157894736842105
0 0.32861328125 0.30994152046783624 0.0068359375 0.017543859649122806
0 0.31689453125 0.2982456140350877 0.0087890625 0.017543859649122806
0 0.3388671875 0.3435672514619883 0.005859375 0.014619883040935672
0 0.46875 0.3881578947368421 0.0078125 0.019005847953216373
0 0.4873046875 0.41447368421052627 0.005859375 0.01608187134502924
0 0.49755859375 0.37207602339181284 0.0048828125 0.01023391812865497
0 0.51708984375 0.39327485380116955 0.0068359375 0.014619883040935672
0 0.51123046875 0.37573099415204675 0.0048828125 0.008771929824561403
0 0.515625 0.418859649122807 0.0078125 0.01608187134502924
0 0.52587890625 0.4225146198830409 0.0068359375 0.014619883040935672
0 0.5380859375 0.42032163742690054 0.0078125 0.01608187134502924
0 0.55419921875 0.41812865497076024 0.0068359375 0.014619883040935672
0 0.568359375 0.39985380116959063 0.00390625 0.007309941520467836
0 0.56494140625 0.44883040935672514 0.0107421875 0.017543859649122806
0 0.57568359375 0.4371345029239766 0.0068359375 0.014619883040935672
0 0.48681640625 0.45540935672514615 0.0107421875 0.021929824561403508
0 0.47216796875 0.44298245614035087 0.0068359375 0.017543859649122806
0 0.50732421875 0.445906432748538 0.0107421875 0.023391812865497075
0 0.55078125 0.4605263157894737 0.01171875 0.02046783625730994
0 0.5634765625 0.49122807017543857 0.013671875 0.029239766081871343
0 0.60302734375 0.48684210526315785 0.0107421875 0.029239766081871343
0 0.705078125 0.5197368421052632 0.009765625 0.019005847953216373
0 0.6865234375 0.5109649122807017 0.01171875 0.01608187134502924
0 0.69775390625 0.48318713450292394 0.0048828125 0.01023391812865497
0 0.73193359375 0.5423976608187134 0.0126953125 0.02631578947368421
0 0.73486328125 0.4985380116959064 0.0068359375 0.011695906432748537
0 0.7138671875 0.5497076023391813 0.0078125 0.017543859649122806
0 0.68115234375 0.4444444444444444 0.0205078125 0.038011695906432746
0 0.619140625 0.48245614035087714 0.0078125 0.014619883040935672
0 0.60546875 0.44225146198830406 0.005859375 0.013157894736842105
0 0.615234375 0.44809941520467833 0.0078125 0.01608187134502924
0 0.61083984375 0.42909356725146197 0.0048828125 0.01023391812865497
0 0.68408203125 0.4766081871345029 0.0048828125 0.011695906432748537
0 0.50830078125 0.39692982456140347 0.0068359375 0.013157894736842105
0 0.4794921875 0.38523391812865493 0.005859375 0.013157894736842105
0 0.8779296875 0.5738304093567251 0.00390625 0.007309941520467836
0 0.8681640625 0.5745614035087719 0.005859375 0.011695906432748537
