0 0.05712890625 0.2922173274596182 0.0361328125 0.07048458149779735
0 0.15625 0.303230543318649 0.037109375 0.06607929515418502
0 0.3095703125 0.18281938325991187 0.033203125 0.06607929515418502
0 0.2900390625 0.2577092511013216 0.037109375 0.07488986784140969
0 0.36865234375 0.30469897209985314 0.0361328125 0.06901615271659324
0 0.37890625 0.15859030837004404 0.03125 0.06754772393538913
0 0.40673828125 0.22834067547723935 0.0361328125 0.07488986784140969
0 0.4453125 0.15638766519823788 0.02734375 0.06020558002936857
0 0.51025390625 0.2055800293685756 0.0341796875 0.0763582966226138
0 0.46875 0.2657856093979442 0.0390625 0.0763582966226138
0 0.544921875 0.16960352422907488 0.029296875 0.05433186490455213
0 0.5693359375 0.27459618208516884 0.037109375 0.07929515418502202
0 0.57666015625 0.14317180616740088 0.0283203125 0.057268722466960346
0 0.55517578125 0.3487518355359765 0.0380859375 0.08370044052863436
0 0.61474609375 0.1343612334801762 0.0341796875 0.06901615271659324
0 0.61474609375 0.22466960352422907 0.0341796875 0.07048458149779735
0 0.673828125 0.24522760646108663 0.04296875 0.0763582966226138
0 0.66796875 0.11894273127753303 0.029296875 0.05873715124816446
0 0.70947265625 0.1644640234948605 0.0322265625 0.06167400881057268
0 0.685546875 0.38472834067547723 0.0390625 0.07929515418502202
0 0.75390625 0.13582966226138032 0.03125 0.057268722466960346
0 0.779296875 0.19162995594713655 0.041015625 0.06901615271659324
0 0.77197265625 0.2518355359765051 0.0380859375 0.07488986784140969
0 0.84375 0.1725403817914831 0.03515625 0.06314243759177679
0 0.89892578125 0.15124816446402348 0.0302734375 0.05580029368575624
0 0.89453125 0.290014684287812 0.041015625 0.07488986784140969
