0 0.830078125 0.33715925394548063 0.041015625 0.07173601147776185
0 0.7236328125 0.32424677187948353 0.041015625 0.06025824964131995
0 0.6591796875 0.35796269727403157 0.0390625 0.07030129124820661
0 0.57958984375 0.3550932568149211 0.0400390625 0.06456241032998565
0 0.54248046875 0.30129124820659975 0.0380859375 0.06599713055954089
0 0.4912109375 0.3350071736011478 0.0390625 0.07030129124820661
0 0.37451171875 0.34146341463414637 0.0400390625 0.06599713055954089
0 0.349609375 0.27403156384505023 0.044921875 0.06599713055954089
0 0.2607421875 0.34433285509325684 0.041015625 0.06312769010043041
0 0.2021484375 0.2718794835007174 0.0390625 0.06743185078909612
0 0.1416015625 0.2611190817790531 0.044921875 0.08034433285509326
0 0.123046875 0.35652797704447636 0.048828125 0.0817790530846485
