0 0.90869140625 0.47526041666666663 0.0166015625 0.026041666666666664
0 0.931640625 0.4609375 0.015625 0.026041666666666664
0 0.97705078125 0.4700520833333333 0.0205078125 0.026041666666666664
0 0.587890625 0.4485677083333333 0.013671875 0.024739583333333332
0 0.767578125 0.4765625 0.01953125 0.028645833333333332
0 0.65283203125 0.4817708333333333 0.0107421875 0.015625
0 0.53564453125 0.4524739583333333 0.0107421875 0.01953125
0 0.52392578125 0.443359375 0.0107421875 0.01953125
0 0.3037109375 0.44140625 0.009765625 0.018229166666666664
0 0.2451171875 0.44205729166666663 0.009765625 0.014322916666666666
0 0.2783203125 0.435546875 0.009765625 0.016927083333333332
0 0.3525390625 0.42838541666666663 0.009765625 0.015625
0 0.037109375 0.4231770833333333 0.009765625 0.015625
0 0.259765625 0.4290364583333333 0.0078125 0.014322916666666666
0 0.64013671875 0.44921875 0.0087890625 0.013020833333333332
