0 0.9560546875 0.32103321033210336 0.013671875 0.029520295202952032
0 0.90625 0.34317343173431736 0.0078125 0.012300123001230012
0 0.86865234375 0.32779827798277983 0.0087890625 0.01845018450184502
0 0.810546875 0.3456334563345634 0.01171875 0.01968019680196802
0 0.74560546875 0.33640836408364083 0.0087890625 0.015990159901599018
0 0.732421875 0.33948339483394835 0.009765625 0.017220172201722016
0 0.70947265625 0.33456334563345635 0.0068359375 0.014760147601476016
0 0.70458984375 0.35670356703567035 0.0087890625 0.017220172201722016
0 0.6865234375 0.3284132841328413 0.015625 0.02706027060270603
0 0.65283203125 0.33640836408364083 0.0126953125 0.023370233702337023
0 0.646484375 0.33087330873308735 0.009765625 0.014760147601476016
0 0.65380859375 0.3247232472324723 0.0087890625 0.014760147601476016
0 0.57470703125 0.34009840098400984 0.0107421875 0.01845018450184502
0 0.61181640625 0.34317343173431736 0.0087890625 0.014760147601476016
0 0.58349609375 0.3505535055350554 0.0126953125 0.022140221402214024
0 0.55322265625 0.3499384993849939 0.0107421875 0.01845018450184502
0 0.435546875 0.32779827798277983 0.021484375 0.04059040590405904
0 0.35302734375 0.34747847478474786 0.0166015625 0.03813038130381304
0 0.31640625 0.3720787207872079 0.017578125 0.04551045510455105
0 0.224609375 0.44710947109471094 0.03515625 0.07257072570725707
0 0.2236328125 0.34932349323493234 0.0234375 0.031980319803198036
0 0.1845703125 0.31365313653136534 0.02734375 0.05166051660516605
0 0.0732421875 0.31734317343173435 0.03125 0.05658056580565806
0 0.1064453125 0.3456334563345634 0.015625 0.01968019680196802
0 0.2548828125 0.35116851168511687 0.009765625 0.015990159901599018
0 0.23974609375 0.3419434194341944 0.0087890625 0.017220172201722016
0 0.2900390625 0.3370233702337023 0.01171875 0.014760147601476016
0 0.919921875 0.3505535055350554 0.0078125 0.014760147601476016
0 0.72802734375 0.34686346863468637 0.0146484375 0.022140221402214024
0 0.62548828125 0.34071340713407133 0.0087890625 0.014760147601476016
0 0.53369140625 0.3505535055350554 0.0146484375 0.02706027060270603
