0 0.1064453125 0.23680981595092027 0.060546875 0.09570552147239264
0 0.2431640625 0.2404907975460123 0.060546875 0.09325153374233129
0 0.443359375 0.2687116564417178 0.05859375 0.07607361963190185
0 0.5888671875 0.2834355828220859 0.060546875 0.08098159509202454
0 0.8046875 0.2932515337423313 0.05859375 0.07607361963190185
0 0.1982421875 0.43803680981595094 0.068359375 0.09570552147239264
0 0.37890625 0.43435582822085894 0.0625 0.09815950920245399
0 0.5126953125 0.45276073619631907 0.064453125 0.10061349693251534
0 0.7265625 0.449079754601227 0.0546875 0.09325153374233129
0 0.94140625 0.5067484662576688 0.0546875 0.09570552147239264
