0 0.23974609375 0.2527881040892193 0.0322265625 0.08178438661710037
0 0.3056640625 0.2657992565055762 0.029296875 0.07806691449814127
0 0.158203125 0.49814126394052044 0.037109375 0.1003717472118959
0 0.22412109375 0.5399628252788103 0.0341796875 0.09479553903345725
0 0.3212890625 0.49721189591078063 0.033203125 0.08736059479553902
0 0.36669921875 0.354089219330855 0.0322265625 0.0762081784386617
0 0.4091796875 0.5074349442379182 0.03515625 0.08921933085501858
0 0.40625 0.2555762081784386 0.03125 0.08364312267657992
0 0.4638671875 0.34572490706319703 0.03125 0.08178438661710037
0 0.4775390625 0.4869888475836431 0.033203125 0.08550185873605948
0 0.51318359375 0.14126394052044608 0.0322265625 0.08550185873605948
0 0.60888671875 0.11988847583643122 0.0283203125 0.0762081784386617
0 0.619140625 0.3066914498141264 0.029296875 0.08178438661710037
0 0.5537109375 0.32806691449814124 0.02734375 0.08364312267657992
0 0.5615234375 0.5065055762081784 0.037109375 0.09479553903345725
0 0.62451171875 0.5306691449814126 0.0341796875 0.10223048327137546
0 0.68310546875 0.5092936802973977 0.0302734375 0.08921933085501858
0 0.70458984375 0.13568773234200743 0.0283203125 0.07806691449814127
0 0.779296875 0.14776951672862454 0.029296875 0.0762081784386617
0 0.810546875 0.3066914498141264 0.03125 0.07806691449814127
0 0.71728515625 0.3420074349442379 0.0302734375 0.07434944237918215
0 0.86669921875 0.5027881040892193 0.0361328125 0.08364312267657992
0 0.77880859375 0.525092936802974 0.0322265625 0.08736059479553902
