0 0.19140625 0.3281045751633987 0.05859375 0.10718954248366012
0 0.3203125 0.46928104575163393 0.0625 0.09673202614379084
0 0.2919921875 0.23660130718954248 0.068359375 0.11764705882352941
0 0.3876953125 0.3581699346405228 0.056640625 0.08888888888888888
0 0.46875 0.28627450980392155 0.06640625 0.10718954248366012
0 0.560546875 0.1477124183006536 0.05078125 0.10718954248366012
0 0.5263671875 0.3934640522875817 0.060546875 0.09673202614379084
0 0.6611328125 0.28888888888888886 0.060546875 0.11241830065359476
0 0.6455078125 0.45751633986928103 0.068359375 0.1045751633986928
0 0.7978515625 0.269281045751634 0.060546875 0.09411764705882353
0 0.8349609375 0.48496732026143785 0.060546875 0.11241830065359476
0 0.9052734375 0.39215686274509803 0.056640625 0.10980392156862745
