0 0.0908203125 0.400390625 0.0234375 0.04036458333333333
0 0.1279296875 0.42838541666666663 0.021484375 0.033854166666666664
0 0.1943359375 0.3938802083333333 0.0234375 0.037760416666666664
0 0.23974609375 0.431640625 0.0205078125 0.029947916666666664
0 0.28271484375 0.38346354166666663 0.0224609375 0.037760416666666664
0 0.326171875 0.3997395833333333 0.0234375 0.03645833333333333
0 0.3427734375 0.4368489583333333 0.021484375 0.03515625
0 0.13232421875 0.5305989583333333 0.0146484375 0.02734375
0 0.2451171875 0.49088541666666663 0.01953125 0.03125
0 0.6416015625 0.20247395833333331 0.09375 0.16276041666666666
0 0.78662109375 0.3196614583333333 0.0849609375 0.12369791666666666
