0 0.53564453125 0.41556534508076354 0.0244140625 0.02936857562408223
0 0.34228515625 0.4133627019089574 0.0166015625 0.033773861967694566
0 0.2998046875 0.43685756240822315 0.017578125 0.02790014684287812
0 0.40185546875 0.4353891336270191 0.0185546875 0.02202643171806167
0 0.48046875 0.4419970631424376 0.013671875 0.023494860499265784
0 0.71875 0.41703377386196766 0.013671875 0.032305433186490456
0 0.68798828125 0.4287812041116006 0.0166015625 0.023494860499265784
0 0.6279296875 0.4515418502202643 0.013671875 0.01908957415565345
0 0.74267578125 0.36270190895741555 0.0185546875 0.032305433186490456
0 0.837890625 0.43024963289280466 0.01953125 0.026431718061674006
0 0.9443359375 0.4441997063142437 0.013671875 0.02202643171806167
0 0.91064453125 0.43024963289280466 0.0166015625 0.026431718061674006
