0 0.984375 0.31315104166666663 0.021484375 0.037760416666666664
0 0.9462890625 0.3359375 0.029296875 0.041666666666666664
0 0.96240234375 0.27408854166666663 0.0224609375 0.037760416666666664
0 0.94384765625 0.244140625 0.0166015625 0.024739583333333332
0 0.99462890625 0.2734375 0.0107421875 0.0390625
0 0.935546875 0.27734375 0.0234375 0.0390625
0 0.89599609375 0.330078125 0.0263671875 0.04036458333333333
0 0.8203125 0.3138020833333333 0.03125 0.04427083333333333
0 0.8466796875 0.2903645833333333 0.021484375 0.03645833333333333
0 0.82568359375 0.255859375 0.0185546875 0.03255208333333333
0 0.8447265625 0.255859375 0.017578125 0.03255208333333333
0 0.83251953125 0.21419270833333331 0.0205078125 0.029947916666666664
0 0.794921875 0.2708333333333333 0.021484375 0.041666666666666664
0 0.75927734375 0.25846354166666663 0.0205078125 0.03255208333333333
0 0.75 0.22200520833333331 0.01953125 0.029947916666666664
0 0.76025390625 0.31901041666666663 0.0224609375 0.03645833333333333
0 0.78759765625 0.40690104166666663 0.0322265625 0.05598958333333333
0 0.68115234375 0.4016927083333333 0.0341796875 0.04817708333333333
0 0.71533203125 0.32486979166666663 0.0244140625 0.045572916666666664
0 0.68212890625 0.2903645833333333 0.0244140625 0.03645833333333333
0 0.017578125 0.3411458333333333 0.025390625 0.0390625
0 0.69873046875 0.22330729166666666 0.0185546875 0.029947916666666664
0 0.68115234375 0.220703125 0.0205078125 0.029947916666666664
0 0.73388671875 0.25846354166666663 0.0166015625 0.029947916666666664
0 0.16650390625 0.2727864583333333 0.0263671875 0.04036458333333333
0 0.142578125 0.3157552083333333 0.021484375 0.04296875
0 0.11181640625 0.30924479166666663 0.0224609375 0.03515625
0 0.0771484375 0.24544270833333331 0.021484375 0.03515625
0 0.09521484375 0.2786458333333333 0.0185546875 0.03125
0 0.0517578125 0.27018229166666663 0.025390625 0.04296875
0 0.060546875 0.34375 0.02734375 0.041666666666666664
0 0.8798828125 0.25260416666666663 0.021484375 0.03125
0 0.904296875 0.259765625 0.01953125 0.029947916666666664
0 0.63037109375 0.32421875 0.0263671875 0.0390625
0 0.62939453125 0.2786458333333333 0.0224609375 0.03125
0 0.62744140625 0.24544270833333331 0.0185546875 0.029947916666666664
0 0.6015625 0.4036458333333333 0.033203125 0.0546875
0 0.6005859375 0.2942708333333333 0.0234375 0.0390625
0 0.60009765625 0.2630208333333333 0.0185546875 0.028645833333333332
0 0.5791015625 0.25065104166666663 0.017578125 0.029947916666666664
0 0.552734375 0.25455729166666663 0.025390625 0.03515625
0 0.56201171875 0.3138020833333333 0.0244140625 0.0390625
0 0.5322265625 0.3079427083333333 0.021484375 0.03515625
0 0.50048828125 0.30729166666666663 0.0244140625 0.0390625
0 0.50341796875 0.27734375 0.0146484375 0.03125
0 0.52978515625 0.27018229166666663 0.0205078125 0.03255208333333333
0 0.50244140625 0.2610677083333333 0.0185546875 0.029947916666666664
0 0.47900390625 0.2923177083333333 0.0205078125 0.03515625
0 0.45361328125 0.28190104166666663 0.0166015625 0.03515625
0 0.48681640625 0.36197916666666663 0.0263671875 0.04427083333333333
0 0.521484375 0.46875 0.03125 0.04427083333333333
0 0.451171875 0.3587239583333333 0.02734375 0.04296875
0 0.42919921875 0.28125 0.0224609375 0.03645833333333333
0 0.4501953125 0.24934895833333331 0.017578125 0.024739583333333332
0 0.40087890625 0.283203125 0.0166015625 0.03255208333333333
0 0.384765625 0.314453125 0.025390625 0.04036458333333333
0 0.419921875 0.3294270833333333 0.021484375 0.028645833333333332
0 0.40234375 0.37109375 0.025390625 0.04427083333333333
0 0.35498046875 0.3665364583333333 0.0244140625 0.04296875
0 0.01171875 0.28190104166666663 0.021484375 0.03255208333333333
0 0.06884765625 0.5774739583333333 0.0322265625 0.045572916666666664
0 0.12109375 0.5013020833333333 0.02734375 0.046875
0 0.66796875 0.24869791666666666 0.0234375 0.03645833333333333
0 0.3603515625 0.298828125 0.021484375 0.04036458333333333
0 0.3291015625 0.31705729166666663 0.01953125 0.03255208333333333
0 0.31201171875 0.3470052083333333 0.0263671875 0.045572916666666664
0 0.35791015625 0.45703125 0.0283203125 0.046875
0 0.42626953125 0.47526041666666663 0.0302734375 0.046875
0 0.33740234375 0.2532552083333333 0.0205078125 0.02734375
0 0.40771484375 0.259765625 0.0166015625 0.02734375
0 0.30859375 0.24544270833333331 0.021484375 0.029947916666666664
0 0.2919921875 0.2845052083333333 0.01953125 0.03255208333333333
0 0.25341796875 0.3411458333333333 0.0224609375 0.0390625
0 0.27392578125 0.44401041666666663 0.0302734375 0.049479166666666664
0 0.1865234375 0.4563802083333333 0.03125 0.04817708333333333
0 0.21630859375 0.33463541666666663 0.0263671875 0.0390625
0 0.244140625 0.25651041666666663 0.017578125 0.03125
0 0.26806640625 0.2962239583333333 0.0205078125 0.03515625
0 0.28173828125 0.2591145833333333 0.0224609375 0.03125
0 0.22216796875 0.25651041666666663 0.0166015625 0.026041666666666664
0 0.20166015625 0.259765625 0.0205078125 0.03255208333333333
0 0.18798828125 0.2981770833333333 0.0166015625 0.026041666666666664
0 0.2265625 0.302734375 0.021484375 0.03515625
0 0.16943359375 0.3294270833333333 0.0205078125 0.03645833333333333
0 0.33935546875 0.28776041666666663 0.0166015625 0.033854166666666664
