0 0.06884765625 0.3316326530612245 0.0126953125 0.03469387755102041
0 0.287109375 0.3102040816326531 0.052734375 0.1306122448979592
0 0.404296875 0.2295918367346939 0.052734375 0.14489795918367349
0 0.451171875 0.1969387755102041 0.041015625 0.1163265306122449
0 0.5556640625 0.23979591836734696 0.05078125 0.14489795918367349
0 0.61474609375 0.24285714285714288 0.0478515625 0.11836734693877551
0 0.67333984375 0.2795918367346939 0.0537109375 0.14285714285714288
0 0.86376953125 0.27755102040816326 0.0517578125 0.1510204081632653
0 0.75634765625 0.11938775510204083 0.0458984375 0.14081632653061227
0 0.1650390625 0.33571428571428574 0.05859375 0.16122448979591839
