0 0.458984375 0.26591511936339524 0.025390625 0.04907161803713528
0 0.41064453125 0.379973474801061 0.0263671875 0.04907161803713528
0 0.35400390625 0.4462864721485411 0.0380859375 0.07294429708222812
0 0.24365234375 0.4038461538461538 0.0380859375 0.054376657824933686
0 0.4541015625 0.4011936339522546 0.03515625 0.05702917771883289
0 0.52587890625 0.35941644562334213 0.0302734375 0.05835543766578249
0 0.5576171875 0.42639257294429705 0.033203125 0.054376657824933686
0 0.64013671875 0.43169761273209545 0.0322265625 0.0623342175066313
0 0.7392578125 0.44827586206896547 0.03515625 0.04509283819628647
0 0.77294921875 0.4078249336870026 0.0302734375 0.046419098143236075
0 0.73291015625 0.3057029177718833 0.0322265625 0.0623342175066313
0 0.63525390625 0.2672413793103448 0.0283203125 0.054376657824933686
0 0.626953125 0.33687002652519893 0.02734375 0.05039787798408488
0 0.55615234375 0.2917771883289125 0.0302734375 0.05305039787798408
