0 0.0107421875 0.203125 0.0078125 0.010416666666666666
0 0.28125 0.291015625 0.0078125 0.009114583333333332
0 0.24072265625 0.22916666666666666 0.0068359375 0.010416666666666666
0 0.1728515625 0.21223958333333331 0.005859375 0.010416666666666666
0 0.15771484375 0.203125 0.0068359375 0.010416666666666666
0 0.3251953125 0.28515625 0.0078125 0.010416666666666666
0 0.23583984375 0.3470052083333333 0.0166015625 0.022135416666666664
0 0.61572265625 0.26953125 0.0107421875 0.018229166666666664
0 0.6669921875 0.2591145833333333 0.009765625 0.015625
0 0.68701171875 0.24479166666666666 0.0166015625 0.0234375
0 0.7607421875 0.244140625 0.013671875 0.01953125
0 0.8896484375 0.21484375 0.017578125 0.028645833333333332
0 0.0986328125 0.13802083333333331 0.005859375 0.0078125
0 0.4140625 0.40104166666666663 0.060546875 0.07291666666666666
0 0.173828125 0.3515625 0.02734375 0.03645833333333333
