0 0.11376953125 0.5774739583333333 0.0380859375 0.05859375
0 0.2041015625 0.5201822916666666 0.03515625 0.04817708333333333
0 0.2880859375 0.5162760416666666 0.033203125 0.045572916666666664
0 0.36376953125 0.54296875 0.0341796875 0.04427083333333333
0 0.41064453125 0.5026041666666666 0.0283203125 0.0390625
0 0.46142578125 0.517578125 0.0283203125 0.04296875
0 0.53515625 0.5149739583333333 0.029296875 0.05078125
0 0.20751953125 0.25846354166666663 0.0361328125 0.05078125
0 0.3017578125 0.36588541666666663 0.029296875 0.04427083333333333
0 0.37109375 0.375 0.029296875 0.041666666666666664
0 0.447265625 0.3671875 0.029296875 0.041666666666666664
0 0.521484375 0.3567708333333333 0.02734375 0.041666666666666664
0 0.58935546875 0.3665364583333333 0.0283203125 0.04036458333333333
0 0.666015625 0.3079427083333333 0.03125 0.045572916666666664
0 0.728515625 0.34049479166666663 0.033203125 0.04036458333333333
0 0.80322265625 0.279296875 0.0361328125 0.053385416666666664
0 0.80908203125 0.5540364583333333 0.0400390625 0.053385416666666664
0 0.71337890625 0.5416666666666666 0.0341796875 0.05208333333333333
0 0.626953125 0.521484375 0.033203125 0.045572916666666664
