0 0.896484375 0.2798657718120805 0.03125 0.07114093959731543
0 0.88134765625 0.2308724832214765 0.0380859375 0.06442953020134227
0 0.75634765625 0.23422818791946307 0.0400390625 0.060402684563758385
0 0.72216796875 0.15570469798657718 0.0400390625 0.06442953020134227
0 0.6513671875 0.21208053691275167 0.037109375 0.05906040268456376
0 0.59619140625 0.11409395973154361 0.0400390625 0.06711409395973154
0 0.5263671875 0.21006711409395973 0.03515625 0.06577181208053691
0 0.4638671875 0.10738255033557047 0.0390625 0.06442953020134227
0 0.294921875 0.12348993288590604 0.044921875 0.0697986577181208
0 0.3017578125 0.23154362416107382 0.0390625 0.07382550335570469
0 0.4267578125 0.2140939597315436 0.029296875 0.06577181208053691
0 0.22607421875 0.24630872483221475 0.0458984375 0.08187919463087248
0 0.59033203125 0.4100671140939597 0.0498046875 0.08187919463087248
0 0.79345703125 0.5201342281879194 0.0478515625 0.07919463087248321
0 0.443359375 0.4899328859060402 0.046875 0.06711409395973154
0 0.27587890625 0.5758389261744966 0.0498046875 0.07516778523489932
0 0.15673828125 0.17315436241610738 0.0400390625 0.06711409395973154
0 0.08642578125 0.22751677852348992 0.0458984375 0.07382550335570469
