0 0.24267578125 0.19921875 0.0361328125 0.049479166666666664
0 0.337890625 0.21223958333333331 0.03125 0.049479166666666664
0 0.359375 0.2688802083333333 0.03515625 0.053385416666666664
0 0.3310546875 0.32096354166666663 0.037109375 0.053385416666666664
0 0.263671875 0.27734375 0.03515625 0.049479166666666664
0 0.6240234375 0.236328125 0.03125 0.04817708333333333
0 0.4052734375 0.19921875 0.03125 0.04427083333333333
0 0.8046875 0.28971354166666663 0.044921875 0.07682291666666666
0 0.68017578125 0.2923177083333333 0.0439453125 0.06901041666666666
0 0.5830078125 0.298828125 0.037109375 0.053385416666666664
0 0.462890625 0.26236979166666663 0.044921875 0.07161458333333333
0 0.59619140625 0.17903645833333331 0.0302734375 0.045572916666666664
0 0.66162109375 0.17838541666666666 0.0302734375 0.041666666666666664
0 0.7021484375 0.20572916666666666 0.033203125 0.049479166666666664
0 0.72216796875 0.14778645833333331 0.0283203125 0.04296875
0 0.693359375 0.11979166666666666 0.02734375 0.041666666666666664
0 0.6396484375 0.13671875 0.03125 0.049479166666666664
0 0.58837890625 0.09375 0.0283203125 0.04427083333333333
0 0.55224609375 0.11783854166666666 0.0302734375 0.04296875
0 0.5302734375 0.171875 0.03515625 0.0546875
0 0.5 0.11588541666666666 0.02734375 0.05208333333333333
0 0.439453125 0.08919270833333333 0.029296875 0.037760416666666664
0 0.39111328125 0.087890625 0.0302734375 0.045572916666666664
0 0.34228515625 0.107421875 0.0302734375 0.045572916666666664
0 0.29931640625 0.13932291666666666 0.0341796875 0.046875
