0 0.9404296875 0.45054945054945056 0.046875 0.07142857142857144
0 0.8203125 0.48832417582417587 0.037109375 0.06456043956043957
0 0.75390625 0.45329670329670335 0.03125 0.0631868131868132
0 0.7197265625 0.39491758241758246 0.03515625 0.05906593406593407
0 0.666015625 0.37980769230769235 0.0390625 0.061813186813186816
0 0.68505859375 0.5673076923076924 0.0380859375 0.07142857142857144
0 0.77099609375 0.6462912087912088 0.0458984375 0.07005494505494506
0 0.63232421875 0.48969780219780223 0.0341796875 0.05631868131868132
0 0.53759765625 0.4979395604395605 0.0654296875 0.10576923076923078
0 0.96142578125 0.7376373626373627 0.0478515625 0.07692307692307693
0 0.71484375 0.7307692307692308 0.046875 0.08241758241758243
0 0.92041015625 0.08241758241758243 0.0283203125 0.046703296703296704
0 0.79052734375 0.0782967032967033 0.0263671875 0.038461538461538464
0 0.65283203125 0.07486263736263737 0.0263671875 0.042582417582417584
0 0.4462890625 0.5281593406593407 0.048828125 0.0782967032967033
0 0.3798828125 0.4718406593406594 0.037109375 0.07005494505494506
0 0.32958984375 0.4945054945054945 0.0244140625 0.04395604395604396
0 0.3095703125 0.4436813186813187 0.033203125 0.057692307692307696
0 0.271484375 0.4278846153846154 0.037109375 0.061813186813186816
0 0.20068359375 0.46153846153846156 0.0419921875 0.06593406593406594
0 0.275390625 0.6490384615384616 0.0390625 0.06730769230769232
0 0.3408203125 0.646978021978022 0.041015625 0.06868131868131869
0 0.17529296875 0.7603021978021979 0.0458984375 0.07280219780219781
0 0.22265625 0.8111263736263737 0.037109375 0.05082417582417583
0 0.0791015625 0.7348901098901099 0.044921875 0.07692307692307693
0 0.0654296875 0.470467032967033 0.041015625 0.061813186813186816
0 0.1357421875 0.4553571428571429 0.037109375 0.06456043956043957
