0 0.345703125 0.34702549575070823 0.021484375 0.039660056657223795
0 0.39013671875 0.34135977337110485 0.0166015625 0.0339943342776204
0 0.0869140625 0.42067988668555245 0.033203125 0.056657223796033995
0 0.06884765625 0.6458923512747876 0.0537109375 0.11898016997167139
0 0.5126953125 0.40155807365439095 0.0234375 0.05524079320113315
0 0.48974609375 0.3243626062322946 0.0185546875 0.0311614730878187
0 0.52880859375 0.3045325779036827 0.0166015625 0.0311614730878187
0 0.55419921875 0.37535410764872523 0.0224609375 0.0453257790368272
0 0.7236328125 0.2075070821529745 0.01953125 0.046742209631728045
0 0.41015625 0.45325779036827196 0.0234375 0.06515580736543909
0 0.2578125 0.5432011331444759 0.03125 0.08356940509915015
0 0.68994140625 0.31657223796033995 0.0146484375 0.026912181303116147
0 0.591796875 0.35339943342776203 0.013671875 0.032577903682719546
