0 0.91455078125 0.5066079295154184 0.0263671875 0.04405286343612334
0 0.845703125 0.5168869309838473 0.025390625 0.04405286343612334
0 0.732421875 0.48898678414096913 0.0234375 0.041116005873715125
0 0.6181640625 0.5183553597650513 0.025390625 0.0381791483113069
0 0.49951171875 0.5484581497797356 0.0244140625 0.03671071953010279
0 0.4208984375 0.5337738619676945 0.021484375 0.042584434654919234
0 0.345703125 0.5337738619676945 0.0234375 0.042584434654919234
0 0.2841796875 0.5521292217327459 0.025390625 0.04698972099853157
0 0.2021484375 0.5293685756240822 0.025390625 0.04845814977973568
0 0.1025390625 0.5279001468428781 0.02734375 0.04552129221732746
