0 0.10888671875 0.2988252569750367 0.0283203125 0.06314243759177679
0 0.16259765625 0.24302496328928044 0.0341796875 0.06020558002936857
0 0.1708984375 0.18869309838472834 0.03125 0.057268722466960346
0 0.2265625 0.23861967694566813 0.03125 0.06314243759177679
0 0.224609375 0.16666666666666666 0.029296875 0.0513950073421439
0 0.26025390625 0.16005873715124816 0.0302734375 0.05286343612334801
0 0.291015625 0.1938325991189427 0.033203125 0.06167400881057268
0 0.3271484375 0.17694566813509544 0.029296875 0.06020558002936857
0 0.34521484375 0.2555066079295154 0.0322265625 0.06167400881057268
0 0.291015625 0.2856093979441997 0.033203125 0.05433186490455213
0 0.365234375 0.2121879588839941 0.029296875 0.0513950073421439
0 0.3984375 0.24816446402349485 0.03125 0.06461086637298091
0 0.39013671875 0.15491923641703376 0.0283203125 0.05433186490455213
0 0.443359375 0.1725403817914831 0.033203125 0.06607929515418502
0 0.4619140625 0.11527165932452275 0.033203125 0.06020558002936857
0 0.4892578125 0.2041116005873715 0.033203125 0.06461086637298091
0 0.51220703125 0.14684287812041116 0.0302734375 0.05580029368575624
0 0.53515625 0.17474302496328928 0.03125 0.05873715124816446
0 0.56591796875 0.23201174743024963 0.0302734375 0.06167400881057268
0 0.57177734375 0.16372980910425844 0.0322265625 0.05433186490455213
0 0.62060546875 0.18281938325991187 0.0302734375 0.06020558002936857
0 0.63232421875 0.2577092511013216 0.0341796875 0.06314243759177679
0 0.6357421875 0.14390602055800292 0.02734375 0.049926578560939794
0 0.68115234375 0.1277533039647577 0.0283203125 0.049926578560939794
0 0.6611328125 0.17621145374449337 0.029296875 0.05580029368575624
0 0.6875 0.23274596182085167 0.03515625 0.06901615271659324
0 0.69873046875 0.15712187958883994 0.0302734375 0.05873715124816446
0 0.7421875 0.16226138032305432 0.03515625 0.06020558002936857
0 0.775390625 0.14170337738619676 0.02734375 0.0513950073421439
0 0.7890625 0.17547723935389134 0.037109375 0.06607929515418502
0 0.82470703125 0.14390602055800292 0.0341796875 0.06461086637298091
0 0.8544921875 0.1872246696035242 0.03515625 0.07195301027900146
0 0.92236328125 0.2922173274596182 0.0166015625 0.04405286343612334
0 0.994140625 0.28707782672540383 0.01171875 0.03083700440528634
