0 0.046875 0.4668094218415418 0.021484375 0.0556745182012848
0 0.06103515625 0.4668094218415418 0.0166015625 0.059957173447537475
0 0.107421875 0.46359743040685225 0.01953125 0.05781584582441114
0 0.13916015625 0.5074946466809422 0.0205078125 0.05139186295503212
0 0.173828125 0.4443254817987152 0.017578125 0.049250535331905786
0 0.20556640625 0.48286937901498933 0.0205078125 0.05781584582441114
0 0.25390625 0.41006423982869383 0.013671875 0.044967880085653104
0 0.26904296875 0.44753747323340476 0.0185546875 0.04282655246252677
0 0.29150390625 0.44753747323340476 0.0146484375 0.05139186295503212
0 0.302734375 0.41541755888650966 0.013671875 0.04282655246252677
0 0.345703125 0.4668094218415418 0.017578125 0.0556745182012848
0 0.3486328125 0.40256959314775165 0.015625 0.047109207708779445
0 0.36083984375 0.4464668094218416 0.0166015625 0.05353319057815846
0 0.3828125 0.4346895074946467 0.015625 0.04282655246252677
0 0.40380859375 0.4785867237687366 0.0166015625 0.05353319057815846
0 0.42724609375 0.48179871520342615 0.0185546875 0.047109207708779445
0 0.431640625 0.4464668094218416 0.015625 0.044967880085653104
0 0.44775390625 0.4379014989293362 0.0126953125 0.036402569593147756
0 0.46240234375 0.4989293361884369 0.0185546875 0.0556745182012848
0 0.47314453125 0.44753747323340476 0.0146484375 0.04282655246252677
0 0.48876953125 0.4668094218415418 0.0166015625 0.05139186295503212
0 0.50341796875 0.417558886509636 0.0146484375 0.047109207708779445
0 0.5263671875 0.45074946466809424 0.015625 0.044967880085653104
0 0.51513671875 0.5117773019271948 0.0166015625 0.05139186295503212
0 0.544921875 0.47430406852248397 0.017578125 0.05353319057815846
0 0.55810546875 0.5299785867237687 0.0166015625 0.049250535331905786
0 0.572265625 0.4271948608137045 0.015625 0.04068522483940043
0 0.6005859375 0.4668094218415418 0.015625 0.05139186295503212
0 0.61962890625 0.4346895074946467 0.0146484375 0.04282655246252677
0 0.63916015625 0.47109207708779444 0.0166015625 0.0556745182012848
0 0.65576171875 0.4582441113490364 0.0146484375 0.047109207708779445
0 0.685546875 0.512847965738758 0.013671875 0.044967880085653104
0 0.68408203125 0.4207708779443255 0.0146484375 0.044967880085653104
0 0.72509765625 0.4603854389721628 0.0166015625 0.05139186295503212
0 0.73486328125 0.4036402569593148 0.0146484375 0.04068522483940043
0 0.74462890625 0.45396145610278377 0.0146484375 0.04282655246252677
0 0.7724609375 0.4785867237687366 0.015625 0.049250535331905786
0 0.8076171875 0.4336188436830835 0.015625 0.044967880085653104
0 0.80810546875 0.49250535331905787 0.0146484375 0.04282655246252677
0 0.869140625 0.4336188436830835 0.015625 0.04068522483940043
0 0.8779296875 0.49464668094218417 0.015625 0.03854389721627409
0 0.92626953125 0.4379014989293362 0.0166015625 0.049250535331905786
0 0.96044921875 0.5 0.0166015625 0.04068522483940043
