0 0.09228515625 0.22213622291021673 0.0283203125 0.06037151702786378
0 0.2177734375 0.2345201238390093 0.029296875 0.06346749226006192
0 0.302734375 0.26160990712074306 0.03125 0.05882352941176471
0 0.40283203125 0.2670278637770898 0.0263671875 0.041795665634674926
0 0.484375 0.2739938080495356 0.0234375 0.052631578947368425
0 0.55419921875 0.27321981424148606 0.0263671875 0.05417956656346749
0 0.634765625 0.2592879256965944 0.02734375 0.05727554179566564
0 0.693359375 0.28715170278637775 0.025390625 0.05108359133126935
0 0.76953125 0.29256965944272445 0.025390625 0.052631578947368425
0 0.86572265625 0.2546439628482972 0.0283203125 0.05727554179566564
0 0.90869140625 0.3761609907120743 0.0302734375 0.06811145510835914
0 0.82373046875 0.3715170278637771 0.0283203125 0.05882352941176471
0 0.765625 0.4303405572755418 0.02734375 0.05882352941176471
0 0.708984375 0.4280185758513932 0.02734375 0.05727554179566564
0 0.658203125 0.4303405572755418 0.025390625 0.052631578947368425
0 0.6015625 0.4256965944272446 0.0234375 0.05572755417956657
0 0.541015625 0.43343653250773995 0.02734375 0.05882352941176471
0 0.48193359375 0.4226006191950465 0.0263671875 0.05882352941176471
0 0.427734375 0.43111455108359137 0.025390625 0.05727554179566564
0 0.361328125 0.4388544891640867 0.02734375 0.05417956656346749
0 0.28955078125 0.3970588235294118 0.0302734375 0.06037151702786378
0 0.2197265625 0.3622291021671827 0.02734375 0.05572755417956657
0 0.13623046875 0.3753869969040248 0.0263671875 0.06037151702786378
0 0.05859375 0.3955108359133127 0.03125 0.06037151702786378
