0 0.50341796875 0.4919236417033774 0.0263671875 0.049926578560939794
0 0.59619140625 0.487518355359765 0.0263671875 0.049926578560939794
0 0.66162109375 0.49926578560939794 0.0263671875 0.049926578560939794
0 0.75927734375 0.4911894273127753 0.0263671875 0.05433186490455213
0 0.73681640625 0.4530102790014684 0.0244140625 0.0513950073421439
0 0.72119140625 0.40895741556534504 0.0185546875 0.03964757709251101
0 0.76318359375 0.40234948604992654 0.0205078125 0.04405286343612334
0 0.76416015625 0.3575624082232012 0.0205078125 0.03964757709251101
0 0.74853515625 0.3201174743024963 0.0185546875 0.02936857562408223
0 0.77490234375 0.3076358296622614 0.0146484375 0.033773861967694566
0 0.71923828125 0.33039647577092507 0.0185546875 0.0381791483113069
0 0.71826171875 0.30249632892804695 0.0166015625 0.026431718061674006
0 0.6884765625 0.30616740088105726 0.015625 0.033773861967694566
0 0.6884765625 0.37371512481644636 0.015625 0.033773861967694566
0 0.6923828125 0.34948604992657856 0.015625 0.02936857562408223
0 0.6640625 0.3942731277533039 0.01953125 0.042584434654919234
0 0.6533203125 0.3663729809104258 0.015625 0.03083700440528634
0 0.63818359375 0.3208516886930984 0.0166015625 0.033773861967694566
0 0.62890625 0.3597650513950073 0.021484375 0.0381791483113069
0 0.6181640625 0.4045521292217327 0.015625 0.03964757709251101
0 0.673828125 0.4544787077826725 0.021484375 0.03964757709251101
0 0.607421875 0.434654919236417 0.01953125 0.035242290748898675
0 0.58447265625 0.38399412628487517 0.0166015625 0.033773861967694566
0 0.60546875 0.3531571218795888 0.017578125 0.03671071953010279
0 0.5810546875 0.3333333333333333 0.015625 0.02936857562408223
0 0.58740234375 0.3017621145374449 0.0146484375 0.024963289280469897
0 0.5556640625 0.29809104258443464 0.015625 0.02936857562408223
0 0.55126953125 0.33773861967694563 0.0166015625 0.035242290748898675
0 0.55224609375 0.3898678414096916 0.0224609375 0.042584434654919234
0 0.53173828125 0.4309838472834067 0.0205078125 0.04552129221732746
0 0.5205078125 0.3854625550660793 0.017578125 0.03964757709251101
0 0.51611328125 0.3267254038179148 0.0166015625 0.03671071953010279
0 0.4970703125 0.3443465491923641 0.01953125 0.03671071953010279
0 0.4892578125 0.39280469897209985 0.01953125 0.03964757709251101
0 0.45166015625 0.4309838472834067 0.0244140625 0.042584434654919234
0 0.43505859375 0.513215859030837 0.0244140625 0.0513950073421439
0 0.41748046875 0.39060205580029367 0.0224609375 0.041116005873715125
0 0.34228515625 0.5227606461086637 0.0224609375 0.04405286343612334
0 0.3798828125 0.487518355359765 0.025390625 0.049926578560939794
0 0.37158203125 0.42364170337738616 0.0224609375 0.03671071953010279
0 0.36865234375 0.381791483113069 0.0205078125 0.0381791483113069
0 0.3935546875 0.37738619676945667 0.01953125 0.0381791483113069
0 0.40380859375 0.31497797356828194 0.0146484375 0.033773861967694566
0 0.4326171875 0.3318649045521292 0.01953125 0.0381791483113069
0 0.451171875 0.30910425844346545 0.015625 0.03083700440528634
0 0.46044921875 0.35389133627019087 0.0166015625 0.035242290748898675
0 0.36962890625 0.32819383259911894 0.0166015625 0.033773861967694566
0 0.3505859375 0.290014684287812 0.017578125 0.033773861967694566
0 0.32958984375 0.3582966226138032 0.0185546875 0.032305433186490456
0 0.31640625 0.38619676945668135 0.021484375 0.0381791483113069
0 0.33203125 0.42143906020558003 0.01953125 0.041116005873715125
0 0.31884765625 0.4698972099853157 0.0244140625 0.04698972099853157
0 0.3046875 0.4287812041116006 0.01953125 0.0381791483113069
0 0.28271484375 0.41703377386196766 0.0224609375 0.04698972099853157
0 0.263671875 0.4280469897209985 0.015625 0.042584434654919234
0 0.24755859375 0.43685756240822315 0.0224609375 0.03964757709251101
0 0.22314453125 0.42584434654919234 0.0244140625 0.049926578560939794
0 0.2177734375 0.3854625550660793 0.01953125 0.03671071953010279
0 0.24365234375 0.3384728340675477 0.0166015625 0.03964757709251101
0 0.26806640625 0.368575624082232 0.0205078125 0.04405286343612334
0 0.28271484375 0.33113069016152713 0.0185546875 0.033773861967694566
0 0.30419921875 0.32158590308370044 0.0185546875 0.035242290748898675
0 0.26904296875 0.2966226138032305 0.0185546875 0.0381791483113069
0 0.27978515625 0.5080763582966226 0.0263671875 0.049926578560939794
0 0.2568359375 0.48825256975036707 0.0234375 0.03671071953010279
0 0.21923828125 0.5088105726872246 0.0224609375 0.05433186490455213
0 0.18603515625 0.47577092511013214 0.0263671875 0.04698972099853157
0 0.1689453125 0.4199706314243759 0.01953125 0.041116005873715125
0 0.1884765625 0.39794419970631423 0.021484375 0.041116005873715125
0 0.13916015625 0.4618208516886931 0.0263671875 0.04552129221732746
0 0.13134765625 0.540381791483113 0.0263671875 0.05580029368575624
0 0.08154296875 0.5051395007342143 0.0263671875 0.05580029368575624
0 0.05419921875 0.5088105726872246 0.0244140625 0.0513950073421439
0 0.4013671875 0.276798825256975 0.015625 0.02790014684287812
0 0.453125 0.263582966226138 0.01953125 0.03083700440528634
0 0.47607421875 0.2540381791483113 0.0126953125 0.02936857562408223
0 0.5068359375 0.27165932452276065 0.015625 0.032305433186490456
0 0.52783203125 0.2555066079295154 0.0126953125 0.02936857562408223
0 0.57373046875 0.25844346549192365 0.0126953125 0.026431718061674006
0 0.6103515625 0.26284875183553597 0.015625 0.032305433186490456
0 0.646484375 0.2834067547723935 0.015625 0.032305433186490456
0 0.66845703125 0.24449339207048457 0.0126953125 0.03083700440528634
0 0.69287109375 0.2555066079295154 0.0166015625 0.032305433186490456
0 0.716796875 0.24155653450807635 0.015625 0.02790014684287812
0 0.75244140625 0.2422907488986784 0.0146484375 0.032305433186490456
0 0.70068359375 0.2187958883994126 0.0126953125 0.023494860499265784
0 0.30517578125 0.22173274596182083 0.0166015625 0.02936857562408223
0 0.3349609375 0.24302496328928044 0.013671875 0.02790014684287812
0 0.3515625 0.263582966226138 0.017578125 0.02790014684287812
0 0.3818359375 0.22466960352422907 0.015625 0.02936857562408223
0 0.37353515625 0.22173274596182083 0.0107421875 0.020558002936857563
0 0.35986328125 0.19897209985315711 0.0126953125 0.02202643171806167
0 0.34619140625 0.20704845814977973 0.0126953125 0.023494860499265784
0 0.33349609375 0.2121879588839941 0.0126953125 0.024963289280469897
0 0.33154296875 0.184287812041116 0.0107421875 0.01908957415565345
0 0.3466796875 0.17474302496328928 0.01171875 0.020558002936857563
0 0.37060546875 0.18575624082232012 0.0107421875 0.01908957415565345
0 0.37353515625 0.1644640234948605 0.0107421875 0.020558002936857563
0 0.36572265625 0.15124816446402348 0.0087890625 0.017621145374449337
0 0.39013671875 0.12995594713656386 0.0087890625 0.016152716593245228
0 0.38720703125 0.17327459618208516 0.0126953125 0.023494860499265784
0 0.404296875 0.16886930983847281 0.009765625 0.020558002936857563
0 0.41015625 0.15051395007342144 0.009765625 0.016152716593245228
0 0.421875 0.16960352422907488 0.01171875 0.024963289280469897
0 0.4404296875 0.19530102790014683 0.013671875 0.026431718061674006
0 0.4501953125 0.22613803230543317 0.013671875 0.026431718061674006
0 0.42822265625 0.2305433186490455 0.0126953125 0.023494860499265784
0 0.41162109375 0.197503671071953 0.0146484375 0.024963289280469897
0 0.42919921875 0.10866372980910426 0.0087890625 0.017621145374449337
0 0.44189453125 0.13509544787077826 0.0087890625 0.017621145374449337
0 0.44970703125 0.1644640234948605 0.0107421875 0.020558002936857563
0 0.4384765625 0.16666666666666666 0.0078125 0.016152716593245228
0 0.43017578125 0.16079295154185022 0.0068359375 0.013215859030837003
0 0.45654296875 0.11086637298091041 0.0087890625 0.016152716593245228
0 0.47607421875 0.15712187958883994 0.0087890625 0.017621145374449337
0 0.45947265625 0.15051395007342144 0.0087890625 0.016152716593245228
0 0.47900390625 0.12408223201174742 0.0087890625 0.01908957415565345
0 0.49072265625 0.14243759177679882 0.0087890625 0.017621145374449337
0 0.49658203125 0.10352422907488987 0.0087890625 0.016152716593245228
0 0.51416015625 0.1211453744493392 0.0087890625 0.016152716593245228
0 0.51025390625 0.1461086637298091 0.0087890625 0.01908957415565345
0 0.52197265625 0.13582966226138032 0.0087890625 0.016152716593245228
0 0.52880859375 0.11453744493392069 0.0087890625 0.014684287812041116
0 0.54443359375 0.12481644640234948 0.0087890625 0.017621145374449337
0 0.55029296875 0.21953010279001467 0.0126953125 0.02790014684287812
0 0.5302734375 0.20778267254038177 0.01171875 0.02790014684287812
0 0.53271484375 0.1791483113069016 0.0107421875 0.020558002936857563
0 0.54345703125 0.1644640234948605 0.0107421875 0.020558002936857563
0 0.46923828125 0.21806167400881057 0.0107421875 0.02202643171806167
0 0.58740234375 0.23201174743024963 0.0126953125 0.026431718061674006
0 0.62646484375 0.2408223201174743 0.0126953125 0.026431718061674006
0 0.65185546875 0.2305433186490455 0.0126953125 0.023494860499265784
0 0.61474609375 0.19897209985315711 0.0107421875 0.02202643171806167
0 0.59814453125 0.19162995594713655 0.0107421875 0.02202643171806167
0 0.57470703125 0.2121879588839941 0.0126953125 0.024963289280469897
0 0.56396484375 0.1894273127753304 0.0126953125 0.023494860499265784
0 0.57666015625 0.16813509544787078 0.0087890625 0.02202643171806167
0 0.57275390625 0.1461086637298091 0.0087890625 0.016152716593245228
0 0.56298828125 0.13509544787077826 0.0087890625 0.017621145374449337
0 0.54248046875 0.14464023494860498 0.0087890625 0.016152716593245228
0 0.556640625 0.16226138032305432 0.009765625 0.01908957415565345
0 0.5107421875 0.19456681350954477 0.009765625 0.01908957415565345
0 0.50732421875 0.17400881057268722 0.0087890625 0.013215859030837003
0 0.49560546875 0.16372980910425844 0.0087890625 0.013215859030837003
0 0.49072265625 0.2026431718061674 0.0107421875 0.023494860499265784
0 0.50537109375 0.2276064610866373 0.0146484375 0.032305433186490456
0 0.49560546875 0.18649045521292215 0.0087890625 0.020558002936857563
0 0.47998046875 0.19016152716593243 0.0087890625 0.01908957415565345
0 0.462890625 0.18649045521292215 0.013671875 0.026431718061674006
0 0.3095703125 0.2907488986784141 0.013671875 0.023494860499265784
0 0.58642578125 0.12922173274596183 0.0068359375 0.014684287812041116
0 0.59912109375 0.11600587371512482 0.0068359375 0.014684287812041116
0 0.6220703125 0.10352422907488987 0.0078125 0.013215859030837003
0 0.62158203125 0.14170337738619676 0.0068359375 0.016152716593245228
0 0.6123046875 0.17327459618208516 0.009765625 0.020558002936857563
0 0.6005859375 0.16079295154185022 0.009765625 0.01908957415565345
0 0.611328125 0.15785609397944197 0.005859375 0.013215859030837003
0 0.62646484375 0.1725403817914831 0.0107421875 0.02202643171806167
0 0.64599609375 0.18208516886930984 0.0126953125 0.026431718061674006
0 0.66650390625 0.20704845814977973 0.0107421875 0.026431718061674006
0 0.6689453125 0.17621145374449337 0.01171875 0.026431718061674006
0 0.658203125 0.16960352422907488 0.009765625 0.02202643171806167
0 0.65771484375 0.14831130690161526 0.0107421875 0.017621145374449337
0 0.6396484375 0.16079295154185022 0.009765625 0.01908957415565345
0 0.68359375 0.16740088105726872 0.009765625 0.020558002936857563
0 0.6982421875 0.15565345080763582 0.009765625 0.020558002936857563
0 0.70556640625 0.19162995594713655 0.0107421875 0.02202643171806167
0 0.736328125 0.1894273127753304 0.01171875 0.023494860499265784
0 0.76806640625 0.2143906020558003 0.0146484375 0.023494860499265784
0 0.77197265625 0.2533039647577092 0.0107421875 0.024963289280469897
0 0.83203125 0.2723935389133627 0.017578125 0.033773861967694566
0 0.84033203125 0.3098384728340675 0.0166015625 0.032305433186490456
0 0.85107421875 0.36563876651982374 0.0185546875 0.0381791483113069
0 0.896484375 0.39720998531571217 0.021484375 0.04552129221732746
0 0.7958984375 0.37371512481644636 0.01953125 0.033773861967694566
0 0.82421875 0.44052863436123346 0.0234375 0.04698972099853157
0 0.88623046875 0.46549192364170333 0.0224609375 0.041116005873715125
0 0.9296875 0.5190895741556534 0.025390625 0.04552129221732746
0 0.84033203125 0.49706314243759175 0.0263671875 0.04552129221732746
0 0.78759765625 0.26505139500734215 0.0166015625 0.02790014684287812
