0 0.193359375 0.4954427083333333 0.048828125 0.06640625
0 0.451171875 0.640625 0.0390625 0.0625
0 0.75537109375 0.5872395833333333 0.0380859375 0.05989583333333333
0 0.89306640625 0.55078125 0.0419921875 0.06770833333333333
0 0.7880859375 0.34440104166666663 0.03515625 0.05598958333333333
0 0.75 0.28190104166666663 0.037109375 0.05598958333333333
0 0.70263671875 0.3391927083333333 0.0380859375 0.05859375
0 0.6337890625 0.318359375 0.0390625 0.05859375
0 0.58544921875 0.3450520833333333 0.0400390625 0.0546875
0 0.4794921875 0.2981770833333333 0.04296875 0.0625
0 0.373046875 0.294921875 0.0390625 0.05859375
0 0.26904296875 0.27213541666666663 0.0419921875 0.06770833333333333
0 0.15283203125 0.2630208333333333 0.0419921875 0.06770833333333333
