0 0.9169921875 0.4173177083333333 0.021484375 0.037760416666666664
0 0.87353515625 0.39453125 0.0224609375 0.03645833333333333
0 0.8134765625 0.431640625 0.021484375 0.03515625
0 0.78515625 0.4290364583333333 0.0234375 0.03515625
0 0.8076171875 0.38346354166666663 0.01953125 0.03255208333333333
0 0.71484375 0.41471354166666663 0.0234375 0.03515625
0 0.7373046875 0.376953125 0.01953125 0.03255208333333333
0 0.66796875 0.44010416666666663 0.0234375 0.033854166666666664
0 0.68896484375 0.41276041666666663 0.0205078125 0.03125
0 0.62744140625 0.4446614583333333 0.0205078125 0.03255208333333333
0 0.60791015625 0.41861979166666663 0.0205078125 0.029947916666666664
0 0.58935546875 0.388671875 0.0205078125 0.03515625
0 0.556640625 0.37760416666666663 0.017578125 0.026041666666666664
0 0.51123046875 0.3958333333333333 0.0185546875 0.03125
0 0.537109375 0.42447916666666663 0.021484375 0.03125
0 0.5048828125 0.44140625 0.01953125 0.028645833333333332
0 0.4716796875 0.4368489583333333 0.021484375 0.02734375
0 0.44970703125 0.3665364583333333 0.0205078125 0.029947916666666664
0 0.4287109375 0.41471354166666663 0.021484375 0.03515625
0 0.39892578125 0.4016927083333333 0.0224609375 0.03515625
0 0.34033203125 0.41796875 0.0205078125 0.033854166666666664
0 0.3115234375 0.36588541666666663 0.021484375 0.03645833333333333
0 0.25390625 0.4016927083333333 0.025390625 0.04036458333333333
0 0.21337890625 0.3899739583333333 0.0205078125 0.03515625
0 0.166015625 0.427734375 0.0234375 0.03255208333333333
0 0.13525390625 0.3997395833333333 0.0244140625 0.03645833333333333
0 0.58154296875 0.45182291666666663 0.0224609375 0.03645833333333333
