0 0.0673828125 0.577338129496403 0.033203125 0.07194244604316546
0 0.1611328125 0.6816546762589928 0.029296875 0.06474820143884892
0 0.1845703125 0.5071942446043166 0.02734375 0.053956834532374105
0 0.27734375 0.47482014388489213 0.02734375 0.06474820143884892
0 0.2666015625 0.6600719424460432 0.02734375 0.06115107913669065
0 0.35009765625 0.2904676258992806 0.0244140625 0.052158273381294966
0 0.240234375 0.30665467625899284 0.02734375 0.059352517985611516
0 0.13623046875 0.26888489208633093 0.0263671875 0.059352517985611516
0 0.04052734375 0.295863309352518 0.0283203125 0.059352517985611516
0 0.6396484375 0.28327338129496404 0.025390625 0.05575539568345324
0 0.54736328125 0.2922661870503597 0.0244140625 0.052158273381294966
0 0.6689453125 0.4973021582733813 0.029296875 0.07014388489208634
0 0.58642578125 0.4946043165467626 0.0263671875 0.06115107913669065
0 0.48974609375 0.47482014388489213 0.0263671875 0.05755395683453238
0 0.39111328125 0.4586330935251799 0.0283203125 0.053956834532374105
0 0.45556640625 0.2868705035971223 0.0263671875 0.059352517985611516
0 0.59814453125 0.670863309352518 0.0283203125 0.06474820143884892
0 0.48974609375 0.6726618705035972 0.0283203125 0.05755395683453238
0 0.38916015625 0.6717625899280576 0.0283203125 0.059352517985611516
0 0.6845703125 0.6852517985611511 0.029296875 0.07194244604316546
0 0.77392578125 0.6888489208633094 0.0283203125 0.07194244604316546
0 0.88623046875 0.6744604316546763 0.0322265625 0.0683453237410072
0 0.91748046875 0.48291366906474825 0.0283203125 0.06654676258992806
0 0.9521484375 0.3192446043165468 0.02734375 0.06294964028776978
0 0.875 0.33992805755395683 0.029296875 0.05755395683453238
0 0.79736328125 0.3183453237410072 0.0244140625 0.053956834532374105
0 0.830078125 0.4847122302158274 0.02734375 0.06294964028776978
0 0.72607421875 0.3039568345323741 0.0283203125 0.06115107913669065
0 0.74609375 0.5008992805755396 0.029296875 0.0737410071942446
