0 0.11376953125 0.39518229166666663 0.0283203125 0.045572916666666664
0 0.166015625 0.4251302083333333 0.025390625 0.045572916666666664
0 0.24169921875 0.369140625 0.0283203125 0.045572916666666664
0 0.27880859375 0.41276041666666663 0.0263671875 0.04427083333333333
0 0.3779296875 0.37955729166666663 0.02734375 0.045572916666666664
0 0.42138671875 0.40299479166666663 0.0224609375 0.045572916666666664
0 0.49560546875 0.380859375 0.0244140625 0.045572916666666664
0 0.5458984375 0.40494791666666663 0.025390625 0.046875
0 0.626953125 0.36197916666666663 0.0234375 0.03645833333333333
0 0.66259765625 0.38736979166666663 0.0244140625 0.045572916666666664
0 0.75390625 0.38671875 0.025390625 0.046875
0 0.7978515625 0.404296875 0.025390625 0.037760416666666664
0 0.861328125 0.39127604166666663 0.025390625 0.04296875
0 0.89990234375 0.375 0.0263671875 0.046875
