0 0.13232421875 0.45999999999999996 0.0302734375 0.05481481481481481
0 0.18994140625 0.45999999999999996 0.0283203125 0.048888888888888885
0 0.24658203125 0.44740740740740736 0.0283203125 0.05037037037037037
0 0.32763671875 0.43037037037037035 0.0283203125 0.05481481481481481
0 0.39208984375 0.45259259259259255 0.0283203125 0.045925925925925926
0 0.45166015625 0.43555555555555553 0.0263671875 0.047407407407407405
0 0.51318359375 0.44814814814814813 0.0302734375 0.05481481481481481
0 0.5859375 0.4333333333333333 0.029296875 0.048888888888888885
0 0.646484375 0.45259259259259255 0.02734375 0.05185185185185185
0 0.7080078125 0.42 0.02734375 0.048888888888888885
0 0.7919921875 0.4422222222222222 0.033203125 0.057777777777777775
0 0.84423828125 0.4311111111111111 0.0302734375 0.05037037037037037
0 0.91162109375 0.4451851851851852 0.0302734375 0.05481481481481481
