0 0.9755859375 0.32574031890660593 0.017578125 0.04555808656036446
0 0.9130859375 0.31435079726651477 0.015625 0.04555808656036446
0 0.8798828125 0.3553530751708428 0.017578125 0.04555808656036446
0 0.869140625 0.31321184510250566 0.015625 0.04328018223234624
0 0.8291015625 0.3416856492027335 0.013671875 0.03644646924829157
0 0.81787109375 0.316628701594533 0.0126953125 0.03644646924829157
0 0.8310546875 0.30296127562642367 0.015625 0.04100227790432802
0 0.85107421875 0.48747152619589973 0.0185546875 0.04555808656036446
0 0.8603515625 0.5728929384965831 0.01953125 0.05239179954441913
0 0.77734375 0.5865603644646925 0.01953125 0.05239179954441913
0 0.77734375 0.47835990888382685 0.017578125 0.05011389521640091
0 0.7705078125 0.34054669703872437 0.013671875 0.03872437357630979
0 0.80029296875 0.35079726651480636 0.0146484375 0.04100227790432802
0 0.76513671875 0.2870159453302961 0.0146484375 0.04100227790432802
0 0.720703125 0.3940774487471526 0.015625 0.04100227790432802
0 0.74267578125 0.3348519362186788 0.0146484375 0.04100227790432802
0 0.71484375 0.3416856492027335 0.015625 0.04100227790432802
0 0.673828125 0.3952164009111617 0.015625 0.04328018223234624
0 0.67333984375 0.3530751708428246 0.0146484375 0.03189066059225512
0 0.68408203125 0.31435079726651477 0.0126953125 0.03644646924829157
0 0.720703125 0.4635535307517084 0.013671875 0.04328018223234624
0 0.71484375 0.591116173120729 0.017578125 0.04783599088838269
0 0.677734375 0.4715261958997722 0.015625 0.04100227790432802
0 0.6591796875 0.5865603644646925 0.017578125 0.04783599088838269
0 0.63525390625 0.46924829157175396 0.0166015625 0.04555808656036446
0 0.62451171875 0.4145785876993166 0.0146484375 0.04100227790432802
0 0.634765625 0.3451025056947608 0.013671875 0.04328018223234624
0 0.64453125 0.30068337129840544 0.013671875 0.04100227790432802
0 0.65771484375 0.26993166287015946 0.0126953125 0.03872437357630979
0 0.6005859375 0.3052391799544419 0.013671875 0.03644646924829157
0 0.59375 0.265375854214123 0.013671875 0.03416856492027335
0 0.5947265625 0.4624145785876993 0.017578125 0.04100227790432802
0 0.578125 0.40774487471526194 0.01953125 0.04100227790432802
0 0.59619140625 0.37015945330296124 0.0126953125 0.03416856492027335
0 0.5908203125 0.6082004555808656 0.01953125 0.05011389521640091
0 0.52392578125 0.612756264236902 0.0146484375 0.04555808656036446
0 0.541015625 0.48974943052391795 0.01171875 0.03189066059225512
0 0.5517578125 0.44419134396355353 0.013671875 0.04100227790432802
0 0.53076171875 0.40660592255125283 0.0126953125 0.03872437357630979
0 0.556640625 0.35193621867881547 0.013671875 0.03416856492027335
0 0.55859375 0.2949886104783599 0.01171875 0.03416856492027335
0 0.54150390625 0.265375854214123 0.0146484375 0.0296127562642369
0 0.49755859375 0.47038724373576307 0.0146484375 0.04328018223234624
0 0.515625 0.3451025056947608 0.013671875 0.03416856492027335
0 0.517578125 0.3041002277904328 0.013671875 0.03872437357630979
0 0.4990234375 0.27107061503416857 0.013671875 0.04100227790432802
0 0.4736328125 0.31093394077448744 0.01171875 0.0296127562642369
0 0.4716796875 0.35193621867881547 0.015625 0.03872437357630979
0 0.4775390625 0.4054669703872437 0.017578125 0.04100227790432802
0 0.42724609375 0.35876993166287013 0.0146484375 0.03872437357630979
0 0.427734375 0.30979498861047833 0.013671875 0.03644646924829157
0 0.40380859375 0.26993166287015946 0.0146484375 0.03416856492027335
0 0.388671875 0.35876993166287013 0.013671875 0.03872437357630979
0 0.41845703125 0.41913439635535304 0.0166015625 0.04100227790432802
0 0.40478515625 0.4624145785876993 0.0185546875 0.04100227790432802
0 0.44873046875 0.46697038724373574 0.0166015625 0.04100227790432802
0 0.3671875 0.3177676537585421 0.017578125 0.03872437357630979
0 0.35791015625 0.2744874715261959 0.0146484375 0.03416856492027335
0 0.3447265625 0.3451025056947608 0.015625 0.04328018223234624
0 0.36572265625 0.4134396355353075 0.0166015625 0.04328018223234624
0 0.3544921875 0.48974943052391795 0.015625 0.05011389521640091
0 0.318359375 0.40774487471526194 0.017578125 0.04555808656036446
0 0.32080078125 0.3086560364464692 0.0146484375 0.04328018223234624
0 0.3193359375 0.2608200455580865 0.013671875 0.0296127562642369
0 0.2978515625 0.46924829157175396 0.01953125 0.05011389521640091
0 0.32666015625 0.6059225512528473 0.0185546875 0.05011389521640091
0 0.388671875 0.6104783599088838 0.01953125 0.05466970387243736
0 0.4580078125 0.5899772209567198 0.01953125 0.05011389521640091
0 0.2939453125 0.33712984054669703 0.017578125 0.04555808656036446
0 0.2880859375 0.2733485193621868 0.015625 0.04100227790432802
0 0.27001953125 0.30068337129840544 0.0146484375 0.03644646924829157
0 0.228515625 0.3337129840546697 0.015625 0.04328018223234624
0 0.24267578125 0.3234624145785877 0.0166015625 0.04555808656036446
0 0.265625 0.42027334851936216 0.017578125 0.04783599088838269
0 0.248046875 0.47835990888382685 0.01953125 0.04100227790432802
0 0.26806640625 0.633257403189066 0.0185546875 0.05011389521640091
0 0.1953125 0.367881548974943 0.017578125 0.04783599088838269
0 0.21337890625 0.3838268792710706 0.0166015625 0.04783599088838269
0 0.177734375 0.3177676537585421 0.017578125 0.04783599088838269
0 0.16162109375 0.3451025056947608 0.0185546875 0.05239179954441913
0 0.13330078125 0.3530751708428246 0.0224609375 0.05466970387243736
0 0.4541015625 0.28018223234624146 0.013671875 0.03644646924829157
0 0.0947265625 0.29043280182232345 0.0234375 0.05239179954441913
0 0.037109375 0.3075170842824601 0.021484375 0.05466970387243736
0 0.40673828125 0.7687927107061503 0.0283203125 0.05694760820045558
