0 0.1572265625 0.1784452296819788 0.046875 0.06478209658421671
0 0.30029296875 0.1872791519434629 0.0478515625 0.07067137809187278
0 0.4755859375 0.1525323910482921 0.044921875 0.071849234393404
0 0.63427734375 0.10365135453474675 0.0478515625 0.061248527679623084
0 0.82666015625 0.09835100117785629 0.0595703125 0.07420494699646643
0 0.73291015625 0.44346289752650175 0.0576171875 0.06713780918727914
0 0.57373046875 0.43580683156654887 0.0595703125 0.09658421672555947
0 0.404296875 0.4946996466431095 0.056640625 0.07538280329799764
0 0.31640625 0.5400471142520612 0.048828125 0.07891637220259128
0 0.2060546875 0.5694935217903415 0.064453125 0.08362779740871613
