0 0.03662109375 0.45374449339207046 0.0146484375 0.02936857562408223
0 0.17626953125 0.49706314243759175 0.0126953125 0.024963289280469897
0 0.23779296875 0.49559471365638763 0.0146484375 0.024963289280469897
0 0.294921875 0.4897209985315712 0.009765625 0.02202643171806167
0 0.3154296875 0.49559471365638763 0.01171875 0.01908957415565345
0 0.3505859375 0.49045521292217326 0.009765625 0.020558002936857563
0 0.37109375 0.48384728340675476 0.0078125 0.016152716593245228
0 0.4052734375 0.4897209985315712 0.0078125 0.016152716593245228
0 0.42529296875 0.48678414096916295 0.0087890625 0.01908957415565345
0 0.50244140625 0.4860499265785609 0.0107421875 0.023494860499265784
0 0.5107421875 0.5007342143906021 0.009765625 0.020558002936857563
0 0.615234375 0.4845814977973568 0.01171875 0.020558002936857563
0 0.6396484375 0.5146842878120411 0.021484375 0.03964757709251101
0 0.57177734375 0.4728340675477239 0.0068359375 0.014684287812041116
0 0.57958984375 0.47577092511013214 0.0068359375 0.014684287812041116
0 0.451171875 0.49265785609397944 0.013671875 0.024963289280469897
0 0.4892578125 0.4831130690161527 0.0078125 0.014684287812041116
0 0.7646484375 0.5058737151248164 0.021484375 0.03671071953010279
0 0.78125 0.474302496328928 0.009765625 0.020558002936857563
0 0.83984375 0.4985315712187959 0.015625 0.033773861967694566
0 0.8291015625 0.552863436123348 0.015625 0.03964757709251101
0 0.88671875 0.4853157121879589 0.013671875 0.02790014684287812
0 0.90771484375 0.5073421439060205 0.0126953125 0.033773861967694566
0 0.96484375 0.49706314243759175 0.015625 0.03083700440528634
0 0.95703125 0.47356828193832595 0.009765625 0.01908957415565345
0 0.99169921875 0.4728340675477239 0.0087890625 0.017621145374449337
0 0.5615234375 0.48678414096916295 0.0078125 0.01908957415565345
