0 0.40478515625 0.14586160108548168 0.0458984375 0.08005427408412483
0 0.36376953125 0.25373134328358204 0.0419921875 0.06784260515603799
0 0.24609375 0.26797829036635007 0.041015625 0.05834464043419267
0 0.13623046875 0.4579375848032564 0.0419921875 0.07191316146540026
0 0.27001953125 0.48643147896879235 0.0419921875 0.06377204884667571
0 0.57177734375 0.14314789687924015 0.0419921875 0.0773405698778833
0 0.50732421875 0.2544097693351425 0.0400390625 0.06919945725915874
0 0.6484375 0.26662143826322926 0.041015625 0.06377204884667571
0 0.384765625 0.47014925373134325 0.044921875 0.07191316146540026
0 0.50634765625 0.46268656716417905 0.0458984375 0.07598371777476254
0 0.6201171875 0.4748982360922659 0.0390625 0.08141112618724558
0 0.7353515625 0.5027137042062415 0.044921875 0.06919945725915874
0 0.73291015625 0.194708276797829 0.0419921875 0.07462686567164178
0 0.798828125 0.2618724559023066 0.04296875 0.06784260515603799
0 0.8466796875 0.46743554952510175 0.04296875 0.06648575305291722
