0 0.12890625 0.4156193895870736 0.025390625 0.05565529622980252
0 0.1484375 0.3770197486535009 0.0234375 0.05745062836624776
0 0.18896484375 0.40843806104129265 0.0205078125 0.04129263913824058
0 0.2314453125 0.3859964093357271 0.025390625 0.0466786355475763
0 0.20751953125 0.3348294434470377 0.0263671875 0.059245960502693
0 0.2783203125 0.34380610412926393 0.025390625 0.05565529622980252
0 0.31494140625 0.3635547576301616 0.0244140625 0.05565529622980252
0 0.34521484375 0.3303411131059246 0.0224609375 0.053859964093357277
0 0.39111328125 0.3761220825852783 0.0244140625 0.059245960502693
0 0.42236328125 0.32046678635547576 0.0283203125 0.06642728904847398
0 0.470703125 0.3725314183123878 0.025390625 0.06642728904847398
0 0.4921875 0.3168761220825853 0.0234375 0.059245960502693
0 0.51953125 0.355475763016158 0.025390625 0.06104129263913824
0 0.556640625 0.3464991023339318 0.02734375 0.05745062836624776
0 0.6123046875 0.36086175942549376 0.0234375 0.05745062836624776
0 0.6005859375 0.3052064631956912 0.0234375 0.053859964093357277
0 0.67724609375 0.33572710951526036 0.0224609375 0.05745062836624776
0 0.70263671875 0.34560143626570916 0.0244140625 0.04847396768402155
0 0.71337890625 0.2800718132854578 0.0244140625 0.05745062836624776
0 0.77587890625 0.30700179533213645 0.0263671875 0.0718132854578097
0 0.8603515625 0.3043087971274686 0.02734375 0.06642728904847398
