0 0.517578125 0.23303167420814483 0.015625 0.08597285067873305
0 0.48828125 0.3959276018099548 0.013671875 0.07692307692307693
0 0.54443359375 0.15158371040723984 0.0146484375 0.08597285067873305
0 0.5576171875 0.1900452488687783 0.015625 0.0904977375565611
0 0.57373046875 0.10407239819004525 0.0107421875 0.06334841628959277
0 0.5830078125 0.165158371040724 0.013671875 0.08597285067873305
0 0.60107421875 0.1719457013574661 0.0146484375 0.0904977375565611
0 0.0390625 0.19230769230769232 0.017578125 0.10407239819004525
0 0.0517578125 0.17647058823529413 0.013671875 0.08144796380090498
0 0.06494140625 0.22171945701357468 0.0146484375 0.08144796380090498
0 0.04541015625 0.5475113122171946 0.0146484375 0.08144796380090498
0 0.109375 0.16968325791855204 0.015625 0.09502262443438915
0 0.0927734375 0.21266968325791857 0.013671875 0.07239819004524888
0 0.08056640625 0.1900452488687783 0.0087890625 0.07239819004524888
0 0.10546875 0.5316742081447964 0.015625 0.08597285067873305
0 0.13134765625 0.1900452488687783 0.0126953125 0.07239819004524888
0 0.66259765625 0.15384615384615385 0.0107421875 0.06334841628959277
0 0.67626953125 0.15837104072398192 0.0126953125 0.08144796380090498
0 0.68798828125 0.1719457013574661 0.0126953125 0.07239819004524888
0 0.712890625 0.08597285067873305 0.01171875 0.08144796380090498
0 0.72216796875 0.1900452488687783 0.0126953125 0.07239819004524888
0 0.46337890625 0.4343891402714932 0.0126953125 0.07239819004524888
0 0.427734375 0.49773755656108604 0.015625 0.0904977375565611
0 0.48046875 0.15384615384615385 0.01171875 0.08144796380090498
0 0.4873046875 0.1719457013574661 0.009765625 0.06334841628959277
0 0.5 0.16063348416289594 0.01171875 0.07692307692307693
0 0.71630859375 0.37104072398190047 0.0166015625 0.0904977375565611
0 0.75 0.5542986425339367 0.013671875 0.08597285067873305
0 0.8056640625 0.40723981900452494 0.015625 0.0904977375565611
0 0.234375 0.37104072398190047 0.01171875 0.07239819004524888
0 0.15283203125 0.19457013574660637 0.0126953125 0.08144796380090498
0 0.1435546875 0.5067873303167422 0.017578125 0.0904977375565611
0 0.169921875 0.5656108597285069 0.015625 0.0995475113122172
0 0.22412109375 0.4524886877828055 0.0146484375 0.08144796380090498
0 0.197265625 0.19683257918552038 0.013671875 0.07692307692307693
0 0.1689453125 0.18778280542986428 0.01171875 0.08597285067873305
0 0.20751953125 0.15384615384615385 0.0107421875 0.07239819004524888
0 0.224609375 0.20135746606334842 0.01171875 0.07692307692307693
0 0.25634765625 0.165158371040724 0.0126953125 0.07692307692307693
0 0.2880859375 0.13574660633484165 0.01171875 0.08144796380090498
0 0.27783203125 0.2058823529411765 0.0146484375 0.07692307692307693
0 0.275390625 0.41855203619909503 0.013671875 0.08597285067873305
0 0.88037109375 0.5361990950226245 0.0166015625 0.08597285067873305
0 0.33447265625 0.2171945701357466 0.0126953125 0.07239819004524888
0 0.3505859375 0.14705882352941177 0.01171875 0.06787330316742082
0 0.34521484375 0.16289592760180996 0.0107421875 0.06334841628959277
0 0.3564453125 0.21040723981900455 0.01171875 0.07692307692307693
0 0.37109375 0.24208144796380093 0.01171875 0.06787330316742082
0 0.37060546875 0.17873303167420815 0.0107421875 0.05882352941176471
0 0.38330078125 0.1990950226244344 0.0126953125 0.08144796380090498
0 0.39501953125 0.1900452488687783 0.0126953125 0.07239819004524888
0 0.416015625 0.17873303167420815 0.01171875 0.07692307692307693
0 0.31787109375 0.18778280542986428 0.0126953125 0.06787330316742082
0 0.41357421875 0.3552036199095023 0.0126953125 0.07692307692307693
0 0.3916015625 0.5180995475113123 0.015625 0.09502262443438915
0 0.33935546875 0.46153846153846156 0.0126953125 0.08144796380090498
0 0.3173828125 0.502262443438914 0.013671875 0.08144796380090498
0 0.43115234375 0.15384615384615385 0.0107421875 0.07239819004524888
0 0.4423828125 0.14253393665158373 0.009765625 0.06787330316742082
0 0.458984375 0.13800904977375567 0.01171875 0.07692307692307693
0 0.63134765625 0.07918552036199096 0.0146484375 0.10407239819004525
0 0.6484375 0.14479638009049775 0.013671875 0.0904977375565611
0 0.64990234375 0.47511312217194573 0.0166015625 0.0995475113122172
0 0.3095703125 0.251131221719457 0.01171875 0.06787330316742082
0 0.740234375 0.09728506787330318 0.01171875 0.07692307692307693
0 0.748046875 0.17647058823529413 0.01171875 0.07239819004524888
0 0.29931640625 0.4004524886877828 0.0126953125 0.08597285067873305
0 0.43212890625 0.3393665158371041 0.0126953125 0.08144796380090498
0 0.46728515625 0.22171945701357468 0.0126953125 0.07239819004524888
0 0.82666015625 0.16063348416289594 0.0126953125 0.07692307692307693
0 0.8447265625 0.11538461538461539 0.015625 0.08597285067873305
0 0.859375 0.14705882352941177 0.015625 0.08597285067873305
0 0.88916015625 0.09276018099547512 0.0166015625 0.09502262443438915
0 0.94775390625 0.11990950226244344 0.0185546875 0.10407239819004525
0 0.76123046875 0.11538461538461539 0.0126953125 0.08597285067873305
0 0.7744140625 0.13348416289592763 0.009765625 0.06787330316742082
0 0.78857421875 0.14932126696832582 0.0146484375 0.08144796380090498
0 0.79931640625 0.10180995475113123 0.0126953125 0.06787330316742082
0 0.80224609375 0.16289592760180996 0.0126953125 0.0904977375565611
0 0.81103515625 0.18778280542986428 0.0146484375 0.08597285067873305
0 0.66943359375 0.39366515837104077 0.0146484375 0.0995475113122172
