0 0.2255859375 0.18054583624912526 0.125 0.1231630510846746
0 0.49755859375 0.19699090272918124 0.1337890625 0.11686494051784464
0 0.76953125 0.17529741077676697 0.123046875 0.11686494051784464
0 0.30419921875 0.3656403079076277 0.1337890625 0.12666200139958012
0 0.50439453125 0.44331700489853043 0.1142578125 0.12106368089573127
0 0.73388671875 0.37193841847445763 0.1279296875 0.10706787963610916
0 0.22998046875 0.536738978306508 0.1279296875 0.11336599020293911
0 0.81201171875 0.5311406578026592 0.1142578125 0.11336599020293911
0 0.265625 0.7099370188943317 0.1171875 0.11126662001399579
0 0.50439453125 0.689293212036389 0.1201171875 0.10916724982505248
0 0.7509765625 0.7081875437368789 0.095703125 0.10356892932120364
