0 0.904296875 0.28836833602584816 0.029296875 0.0630048465266559
0 0.83203125 0.1930533117932149 0.02734375 0.053311793214862686
0 0.77294921875 0.31825525040387725 0.0283203125 0.06138933764135703
0 0.83642578125 0.5 0.0283203125 0.05977382875605816
0 0.72021484375 0.5008077544426495 0.0283203125 0.05815831987075929
0 0.67724609375 0.30048465266558966 0.0283203125 0.05815831987075929
0 0.72265625 0.19709208400646205 0.025390625 0.051696284329563816
0 0.61279296875 0.19547657512116318 0.0263671875 0.051696284329563816
0 0.60546875 0.5040387722132472 0.029296875 0.05815831987075929
0 0.54736328125 0.31179321486268174 0.0283203125 0.051696284329563816
0 0.46875 0.18739903069466884 0.02734375 0.051696284329563816
0 0.37744140625 0.302907915993538 0.0283203125 0.05977382875605816
0 0.46923828125 0.47092084006462037 0.0341796875 0.06623586429725364
0 0.322265625 0.4862681744749596 0.029296875 0.06138933764135703
0 0.30419921875 0.20355411954765754 0.0263671875 0.051696284329563816
0 0.24365234375 0.29967689822294025 0.0302734375 0.05977382875605816
0 0.1767578125 0.18739903069466884 0.02734375 0.05492730210016156
0 0.06103515625 0.18739903069466884 0.0283203125 0.051696284329563816
0 0.12060546875 0.2827140549273021 0.0302734375 0.05815831987075929
0 0.20068359375 0.5024232633279483 0.0322265625 0.06138933764135703
0 0.0859375 0.49596122778675283 0.033203125 0.05492730210016156
