0 0.05078125 0.7532552083333333 0.0078125 0.01171875
0 0.0166015625 0.287109375 0.005859375 0.009114583333333332
0 0.05224609375 0.26953125 0.0068359375 0.010416666666666666
0 0.12060546875 0.31901041666666663 0.0048828125 0.0078125
0 0.1279296875 0.3255208333333333 0.005859375 0.010416666666666666
0 0.1455078125 0.3313802083333333 0.005859375 0.009114583333333332
0 0.154296875 0.33072916666666663 0.005859375 0.0078125
0 0.162109375 0.30078125 0.005859375 0.0078125
0 0.00244140625 0.4290364583333333 0.0048828125 0.01171875
0 0.02880859375 0.421875 0.0068359375 0.010416666666666666
0 0.1572265625 0.2649739583333333 0.00390625 0.006510416666666666
0 0.21875 0.205078125 0.00390625 0.006510416666666666
0 0.12939453125 0.31119791666666663 0.0029296875 0.005208333333333333
0 0.1728515625 0.31315104166666663 0.00390625 0.006510416666666666
0 0.2392578125 0.19986979166666666 0.00390625 0.006510416666666666
0 0.232421875 0.19075520833333331 0.005859375 0.006510416666666666
0 0.29736328125 0.21549479166666666 0.0048828125 0.009114583333333332
0 0.2802734375 0.14908854166666666 0.00390625 0.006510416666666666
0 0.30419921875 0.15299479166666666 0.0029296875 0.006510416666666666
0 0.30810546875 0.15104166666666666 0.0029296875 0.005208333333333333
0 0.29931640625 0.14908854166666666 0.0029296875 0.006510416666666666
0 0.30322265625 0.1328125 0.0029296875 0.005208333333333333
0 0.31005859375 0.13020833333333331 0.0029296875 0.005208333333333333
0 0.26123046875 0.115234375 0.0048828125 0.006510416666666666
0 0.240234375 0.12955729166666666 0.00390625 0.006510416666666666
0 0.509765625 0.2727864583333333 0.001953125 0.00390625
0 0.46728515625 0.24348958333333331 0.0048828125 0.0078125
0 0.44873046875 0.24609375 0.0048828125 0.0078125
0 0.48046875 0.2747395833333333 0.005859375 0.0078125
0 0.47607421875 0.41015625 0.0068359375 0.013020833333333332
0 0.51220703125 0.3977864583333333 0.0048828125 0.009114583333333332
0 0.44091796875 0.369140625 0.0048828125 0.009114583333333332
0 0.3310546875 0.4309895833333333 0.005859375 0.0078125
0 0.31982421875 0.4407552083333333 0.0048828125 0.006510416666666666
0 0.27880859375 0.42838541666666663 0.0048828125 0.0078125
0 0.509765625 0.921875 0.01171875 0.015625
0 0.552734375 0.8391927083333333 0.009765625 0.01171875
0 0.4375 0.849609375 0.0078125 0.014322916666666666
0 0.4697265625 0.8372395833333333 0.0078125 0.013020833333333332
0 0.4169921875 0.8450520833333333 0.0078125 0.0078125
0 0.669921875 0.884765625 0.009765625 0.014322916666666666
0 0.6923828125 0.9778645833333333 0.009765625 0.015625
0 0.7275390625 0.9635416666666666 0.01171875 0.013020833333333332
0 0.68798828125 0.8541666666666666 0.0087890625 0.013020833333333332
0 0.65869140625 0.845703125 0.0087890625 0.014322916666666666
0 0.70654296875 0.8313802083333333 0.0068359375 0.01171875
0 0.72607421875 0.7766927083333333 0.0087890625 0.01171875
0 0.6904296875 0.7571614583333333 0.0078125 0.01171875
0 0.71142578125 0.734375 0.0087890625 0.010416666666666666
0 0.92236328125 0.9641927083333333 0.0068359375 0.01171875
0 0.9423828125 0.947265625 0.005859375 0.014322916666666666
0 0.90234375 0.939453125 0.005859375 0.01171875
0 0.9013671875 0.9186197916666666 0.005859375 0.009114583333333332
0 0.78662109375 0.974609375 0.0087890625 0.014322916666666666
0 0.82275390625 0.8938802083333333 0.0107421875 0.014322916666666666
0 0.90478515625 0.884765625 0.0068359375 0.009114583333333332
0 0.896484375 0.8463541666666666 0.009765625 0.015625
0 0.93798828125 0.7766927083333333 0.0068359375 0.01171875
0 0.95751953125 0.8177083333333333 0.0068359375 0.0078125
0 0.9794921875 0.8170572916666666 0.00390625 0.009114583333333332
0 0.91845703125 0.806640625 0.0048828125 0.009114583333333332
0 0.8583984375 0.767578125 0.005859375 0.01171875
0 0.89404296875 0.7376302083333333 0.0068359375 0.014322916666666666
0 0.9033203125 0.6868489583333333 0.00390625 0.009114583333333332
0 0.85205078125 0.70703125 0.0087890625 0.013020833333333332
0 0.73095703125 0.7083333333333333 0.0087890625 0.013020833333333332
0 0.74658203125 0.7122395833333333 0.0048828125 0.010416666666666666
0 0.7138671875 0.70703125 0.009765625 0.010416666666666666
0 0.744140625 0.671875 0.0078125 0.013020833333333332
0 0.75146484375 0.6764322916666666 0.0087890625 0.009114583333333332
0 0.79296875 0.6653645833333333 0.0078125 0.013020833333333332
0 0.54931640625 0.6360677083333333 0.0068359375 0.01171875
0 0.6181640625 0.666015625 0.0078125 0.01171875
0 0.63671875 0.607421875 0.0078125 0.01171875
0 0.54248046875 0.6119791666666666 0.0087890625 0.013020833333333332
0 0.673828125 0.57421875 0.005859375 0.010416666666666666
0 0.5986328125 0.544921875 0.005859375 0.009114583333333332
0 0.56201171875 0.55078125 0.0048828125 0.010416666666666666
0 0.658203125 0.5110677083333333 0.005859375 0.009114583333333332
0 0.68310546875 0.5162760416666666 0.0048828125 0.009114583333333332
0 0.67578125 0.546875 0.0078125 0.013020833333333332
0 0.74609375 0.5852864583333333 0.0078125 0.009114583333333332
0 0.8515625 0.5481770833333333 0.00390625 0.0078125
0 0.84716796875 0.578125 0.0048828125 0.010416666666666666
0 0.74853515625 0.529296875 0.0068359375 0.009114583333333332
0 0.77734375 0.5182291666666666 0.0078125 0.013020833333333332
0 0.89794921875 0.5052083333333333 0.0068359375 0.010416666666666666
0 0.8955078125 0.49674479166666663 0.005859375 0.009114583333333332
0 0.943359375 0.5247395833333333 0.005859375 0.0078125
0 0.85546875 0.48893229166666663 0.005859375 0.009114583333333332
0 0.83349609375 0.5006510416666666 0.0068359375 0.009114583333333332
0 0.78466796875 0.46354166666666663 0.0068359375 0.010416666666666666
0 0.7783203125 0.455078125 0.005859375 0.009114583333333332
0 0.74609375 0.45377604166666663 0.0078125 0.01171875
0 0.814453125 0.5006510416666666 0.005859375 0.009114583333333332
0 0.84814453125 0.4641927083333333 0.0068359375 0.009114583333333332
0 0.83642578125 0.470703125 0.0068359375 0.009114583333333332
0 0.8583984375 0.4055989583333333 0.00390625 0.006510416666666666
0 0.79736328125 0.369140625 0.0068359375 0.01171875
0 0.84326171875 0.38346354166666663 0.0068359375 0.01171875
0 0.88134765625 0.4016927083333333 0.0068359375 0.01171875
0 0.85400390625 0.3372395833333333 0.0068359375 0.010416666666666666
0 0.79150390625 0.357421875 0.0048828125 0.009114583333333332
0 0.7900390625 0.34375 0.005859375 0.0078125
0 0.75830078125 0.33203125 0.0068359375 0.0078125
0 0.77197265625 0.3235677083333333 0.0068359375 0.009114583333333332
0 0.740234375 0.396484375 0.00390625 0.006510416666666666
0 0.7421875 0.2766927083333333 0.005859375 0.009114583333333332
0 0.7568359375 0.27408854166666663 0.005859375 0.009114583333333332
0 0.783203125 0.30859375 0.005859375 0.010416666666666666
0 0.78125 0.2942708333333333 0.005859375 0.0078125
0 0.818359375 0.33268229166666663 0.00390625 0.006510416666666666
0 0.83935546875 0.31119791666666663 0.0048828125 0.0078125
0 0.83056640625 0.306640625 0.0048828125 0.006510416666666666
0 0.82373046875 0.31119791666666663 0.0048828125 0.0078125
0 0.85546875 0.2669270833333333 0.005859375 0.0078125
0 0.86328125 0.29166666666666663 0.005859375 0.010416666666666666
0 0.8603515625 0.2734375 0.00390625 0.0078125
0 0.83349609375 0.2747395833333333 0.0029296875 0.0078125
0 0.8203125 0.263671875 0.005859375 0.009114583333333332
0 0.8486328125 0.25065104166666663 0.005859375 0.009114583333333332
0 0.8583984375 0.25260416666666663 0.00390625 0.0078125
0 0.83203125 0.24739583333333331 0.00390625 0.0078125
0 0.90087890625 0.31510416666666663 0.0048828125 0.0078125
0 0.93017578125 0.3203125 0.0048828125 0.0078125
0 0.94482421875 0.314453125 0.0048828125 0.009114583333333332
0 0.89111328125 0.294921875 0.0048828125 0.009114583333333332
0 0.88427734375 0.2786458333333333 0.0048828125 0.0078125
0 0.931640625 0.2727864583333333 0.00390625 0.006510416666666666
0 0.9521484375 0.279296875 0.00390625 0.006510416666666666
0 0.97607421875 0.3040364583333333 0.0048828125 0.006510416666666666
0 0.9794921875 0.34830729166666663 0.005859375 0.006510416666666666
0 0.953125 0.265625 0.00390625 0.005208333333333333
0 0.88720703125 0.427734375 0.0048828125 0.006510416666666666
0 0.93212890625 0.41666666666666663 0.0048828125 0.0078125
0 0.837890625 0.19986979166666666 0.00390625 0.006510416666666666
0 0.81689453125 0.19791666666666666 0.0048828125 0.0078125
0 0.7529296875 0.076171875 0.00390625 0.006510416666666666
0 0.8310546875 0.09505208333333333 0.00390625 0.005208333333333333
0 0.82861328125 0.10677083333333333 0.0029296875 0.005208333333333333
0 0.37548828125 0.10677083333333333 0.0029296875 0.005208333333333333
0 0.39306640625 0.11588541666666666 0.0029296875 0.005208333333333333
0 0.39990234375 0.11002604166666666 0.0029296875 0.006510416666666666
0 0.3623046875 0.14713541666666666 0.00390625 0.005208333333333333
0 0.46630859375 0.07356770833333333 0.0029296875 0.006510416666666666
0 0.4580078125 0.08203125 0.00390625 0.005208333333333333
0 0.33740234375 0.080078125 0.0029296875 0.006510416666666666
0 0.58447265625 0.220703125 0.0048828125 0.009114583333333332
0 0.5517578125 0.2109375 0.00390625 0.0078125
0 0.19482421875 0.30533854166666663 0.0048828125 0.01171875
0 0.18212890625 0.30729166666666663 0.0048828125 0.0078125
0 0.888671875 0.24544270833333331 0.005859375 0.009114583333333332
