0 0.04443359375 0.3939197930142303 0.0458984375 0.08667529107373868
0 0.2119140625 0.4967658473479949 0.033203125 0.07503234152652005
0 0.3603515625 0.49611901681759385 0.041015625 0.09184993531694696
0 0.4091796875 0.46765847347994827 0.015625 0.027166882276843468
0 0.48876953125 0.45084087968952136 0.0283203125 0.05562742561448901
0 0.52783203125 0.517464424320828 0.0380859375 0.08279430789133248
0 0.72705078125 0.46119016817593794 0.0380859375 0.06597671410090557
0 0.6796875 0.5633893919793015 0.0390625 0.07632600258732213
0 0.91357421875 0.5498059508408797 0.0322265625 0.06209573091849936
0 0.677734375 0.41720569210866754 0.01953125 0.029754204398447608
