0 0.02734375 0.9539062500000001 0.009765625 0.0171875
0 0.0947265625 0.9343750000000001 0.009765625 0.018750000000000003
0 0.17236328125 0.90234375 0.0107421875 0.0203125
0 0.17626953125 0.85859375 0.0107421875 0.0171875
0 0.220703125 0.8445312500000001 0.01171875 0.0203125
0 0.23779296875 0.76953125 0.0087890625 0.0171875
0 0.2490234375 0.76484375 0.0078125 0.010937500000000001
0 0.197265625 0.78828125 0.0078125 0.010937500000000001
0 0.173828125 0.76875 0.0078125 0.015625
0 0.16748046875 0.76484375 0.0087890625 0.0171875
0 0.291015625 0.7140625 0.0078125 0.018750000000000003
0 0.03173828125 0.7351562500000001 0.0107421875 0.0140625
0 0.01416015625 0.73828125 0.0068359375 0.010937500000000001
0 0.28076171875 0.6257812500000001 0.0107421875 0.0171875
0 0.283203125 0.5632812500000001 0.0078125 0.0171875
0 0.24169921875 0.49765625 0.0068359375 0.0140625
0 0.2236328125 0.69296875 0.0078125 0.0140625
0 0.17431640625 0.59296875 0.0087890625 0.0171875
0 0.22607421875 0.596875 0.0068359375 0.015625
0 0.1015625 0.53359375 0.0078125 0.0140625
0 0.0576171875 0.5328125 0.0078125 0.015625
0 0.15234375 0.56484375 0.0078125 0.0140625
0 0.12939453125 0.5085937500000001 0.0068359375 0.010937500000000001
0 0.16943359375 0.50625 0.0068359375 0.0125
0 0.18115234375 0.45703125 0.0068359375 0.0140625
0 0.1875 0.45390625 0.005859375 0.010937500000000001
0 0.20947265625 0.4140625 0.0068359375 0.0125
0 0.0068359375 0.40468750000000003 0.005859375 0.0125
0 0.0146484375 0.36484375 0.005859375 0.010937500000000001
0 0.0908203125 0.39609375 0.005859375 0.010937500000000001
0 0.1826171875 0.33125000000000004 0.005859375 0.0125
0 0.142578125 0.36171875000000003 0.005859375 0.0140625
0 0.14208984375 0.30625 0.0068359375 0.0125
0 0.10791015625 0.28046875 0.0048828125 0.0078125
0 0.09228515625 0.2515625 0.0048828125 0.009375000000000001
0 0.0556640625 0.215625 0.00390625 0.009375000000000001
0 0.0595703125 0.1921875 0.00390625 0.009375000000000001
0 0.060546875 0.184375 0.00390625 0.009375000000000001
0 0.01708984375 0.26171875 0.0048828125 0.010937500000000001
0 0.3896484375 0.9046875000000001 0.009765625 0.0125
0 0.2783203125 0.98046875 0.01171875 0.0171875
0 0.32666015625 0.9484375 0.0087890625 0.018750000000000003
0 0.2802734375 0.8734375000000001 0.0078125 0.015625
0 0.55224609375 0.9632812500000001 0.0068359375 0.0140625
0 0.46240234375 0.81953125 0.0107421875 0.0171875
0 0.439453125 0.8109375000000001 0.009765625 0.0125
0 0.49072265625 0.7914062500000001 0.0087890625 0.0171875
0 0.37548828125 0.7210937500000001 0.0087890625 0.0140625
0 0.42578125 0.63984375 0.005859375 0.010937500000000001
0 0.32275390625 0.55 0.0087890625 0.0125
0 0.32470703125 0.4625 0.0068359375 0.0125
0 0.341796875 0.42890625000000004 0.0078125 0.0140625
0 0.3720703125 0.4296875 0.005859375 0.009375000000000001
0 0.3603515625 0.39921875 0.005859375 0.010937500000000001
0 0.31689453125 0.40625 0.0068359375 0.0125
0 0.25732421875 0.41640625000000003 0.0048828125 0.010937500000000001
0 0.3173828125 0.35390625000000003 0.005859375 0.0140625
0 0.2255859375 0.23750000000000002 0.00390625 0.009375000000000001
0 0.26220703125 0.2265625 0.0048828125 0.009375000000000001
0 0.19873046875 0.2109375 0.0048828125 0.009375000000000001
0 0.138671875 0.26015625000000003 0.00390625 0.010937500000000001
0 0.275390625 0.1921875 0.005859375 0.00625
0 0.2333984375 0.1625 0.00390625 0.00625
0 0.08544921875 0.1703125 0.0029296875 0.00625
0 0.775390625 0.88046875 0.01171875 0.0203125
0 0.7099609375 0.8921875 0.009765625 0.018750000000000003
0 0.70751953125 0.7765625 0.0107421875 0.015625
0 0.64404296875 0.7796875000000001 0.0107421875 0.018750000000000003
0 0.74853515625 0.7296875 0.0107421875 0.018750000000000003
0 0.80859375 0.69453125 0.0078125 0.0171875
0 0.8447265625 0.72265625 0.009765625 0.0203125
0 0.8603515625 0.6937500000000001 0.0078125 0.0125
0 0.8505859375 0.66796875 0.009765625 0.0171875
0 0.74853515625 0.6359375 0.0107421875 0.018750000000000003
0 0.70751953125 0.54140625 0.0087890625 0.0171875
0 0.5947265625 0.6976562500000001 0.0078125 0.0171875
0 0.64599609375 0.67890625 0.0068359375 0.010937500000000001
0 0.62255859375 0.68671875 0.0068359375 0.0140625
0 0.53466796875 0.59375 0.0087890625 0.015625
0 0.5966796875 0.5828125000000001 0.005859375 0.0125
0 0.49755859375 0.51484375 0.0068359375 0.0140625
0 0.5458984375 0.515625 0.0078125 0.015625
0 0.48828125 0.44375000000000003 0.005859375 0.0125
0 0.5107421875 0.384375 0.005859375 0.0125
0 0.4755859375 0.36171875000000003 0.005859375 0.010937500000000001
0 0.42919921875 0.43828125 0.0048828125 0.010937500000000001
0 0.41943359375 0.2921875 0.0068359375 0.0125
0 0.400390625 0.31562500000000004 0.005859375 0.0125
0 0.27001953125 0.28046875 0.0068359375 0.010937500000000001
0 0.97509765625 0.96484375 0.0107421875 0.0203125
0 0.95751953125 0.6734375 0.0107421875 0.021875000000000002
0 0.9716796875 0.6484375 0.0078125 0.0125
0 0.90234375 0.6765625000000001 0.009765625 0.018750000000000003
0 0.9189453125 0.5554687500000001 0.0078125 0.0171875
0 0.83642578125 0.5476562500000001 0.0068359375 0.0140625
0 0.89208984375 0.4140625 0.0068359375 0.0125
0 0.87109375 0.5125000000000001 0.0078125 0.0125
0 0.91064453125 0.50703125 0.0068359375 0.0140625
0 0.888671875 0.628125 0.0078125 0.015625
0 0.7841796875 0.565625 0.009765625 0.015625
0 0.6650390625 0.44765625000000003 0.0078125 0.0140625
0 0.71435546875 0.5140625 0.0087890625 0.015625
0 0.5908203125 0.3125 0.005859375 0.009375000000000001
0 0.8896484375 0.3984375 0.005859375 0.0125
0 0.8564453125 0.403125 0.005859375 0.0125
0 0.744140625 0.42265625 0.005859375 0.010937500000000001
0 0.759765625 0.41796875 0.005859375 0.010937500000000001
0 0.7138671875 0.3796875 0.0078125 0.0125
0 0.69873046875 0.30390625000000004 0.0048828125 0.010937500000000001
0 0.833984375 0.31093750000000003 0.00390625 0.0125
0 0.9619140625 0.29140625000000003 0.005859375 0.010937500000000001
0 0.94970703125 0.29375 0.0048828125 0.009375000000000001
0 0.9404296875 0.28671875 0.005859375 0.010937500000000001
0 0.982421875 0.26796875000000003 0.005859375 0.010937500000000001
0 0.76611328125 0.27109375 0.0068359375 0.010937500000000001
0 0.7724609375 0.26953125 0.005859375 0.010937500000000001
0 0.74609375 0.2765625 0.005859375 0.009375000000000001
0 0.828125 0.3515625 0.005859375 0.009375000000000001
0 0.91552734375 0.28750000000000003 0.0068359375 0.009375000000000001
0 0.68115234375 0.34375 0.0048828125 0.009375000000000001
0 0.6474609375 0.3515625 0.005859375 0.009375000000000001
0 0.916015625 0.240625 0.005859375 0.009375000000000001
0 0.87841796875 0.25234375000000003 0.0048828125 0.010937500000000001
0 0.94921875 0.16328125000000002 0.00390625 0.0078125
0 0.955078125 0.17890625000000002 0.00390625 0.0078125
0 0.84814453125 0.18906250000000002 0.0048828125 0.009375000000000001
0 0.81787109375 0.22109375 0.0048828125 0.0078125
0 0.91748046875 0.11328125 0.0029296875 0.0078125
0 0.943359375 0.10390625 0.00390625 0.0078125
0 0.98388671875 0.09375 0.0048828125 0.009375000000000001
0 0.94482421875 0.08984375 0.0048828125 0.0078125
0 0.56005859375 0.30078125 0.0048828125 0.010937500000000001
0 0.52783203125 0.22578125000000002 0.0048828125 0.010937500000000001
0 0.3681640625 0.22187500000000002 0.00390625 0.00625
0 0.369140625 0.24609375 0.00390625 0.0078125
0 0.40283203125 0.24375000000000002 0.0048828125 0.009375000000000001
0 0.34765625 0.20859375000000002 0.00390625 0.010937500000000001
0 0.23046875 0.11015625000000001 0.00390625 0.010937500000000001
0 0.47900390625 0.17734375000000002 0.0048828125 0.0078125
0 0.5849609375 0.1953125 0.00390625 0.00625
0 0.62109375 0.19765625 0.00390625 0.0078125
0 0.6865234375 0.240625 0.00390625 0.009375000000000001
0 0.74658203125 0.215625 0.0048828125 0.009375000000000001
0 0.65576171875 0.0421875 0.0029296875 0.00625
0 0.6767578125 0.040625 0.001953125 0.00625
0 0.66845703125 0.0328125 0.0029296875 0.003125
0 0.10986328125 0.06640625 0.0029296875 0.004687500000000001
0 0.158203125 0.029687500000000002 0.00390625 0.00625
0 0.28076171875 0.09140625000000001 0.0029296875 0.0078125
0 0.24072265625 0.07265625 0.0048828125 0.0078125
0 0.212890625 0.0625 0.00390625 0.00625
0 0.6025390625 0.035937500000000004 0.00390625 0.00625
0 0.6103515625 0.03359375 0.00390625 0.0078125
0 0.62841796875 0.046875 0.0029296875 0.00625
0 0.712890625 0.21328125 0.005859375 0.0140625
0 0.53857421875 0.14296875 0.0048828125 0.010937500000000001
0 0.5595703125 0.58046875 0.0078125 0.0171875
