0 0.0263671875 0.9012345679012345 0.033203125 0.07407407407407407
0 0.2822265625 0.6831275720164609 0.0234375 0.0411522633744856
0 0.25244140625 0.6193415637860081 0.0205078125 0.03978052126200274
0 0.28369140625 0.611111111111111 0.0224609375 0.037037037037037035
0 0.3193359375 0.5781893004115226 0.01953125 0.04526748971193415
0 0.18310546875 0.49931412894375854 0.0166015625 0.024691358024691357
0 0.1875 0.4835390946502057 0.009765625 0.0205761316872428
0 0.3720703125 0.532235939643347 0.015625 0.024691358024691357
0 0.3935546875 0.5212620027434842 0.017578125 0.024691358024691357
0 0.62890625 0.6796982167352538 0.025390625 0.04252400548696845
0 0.53466796875 0.6200274348422496 0.0205078125 0.03566529492455418
0 0.6005859375 0.5438957475994513 0.017578125 0.028806584362139915
0 0.6103515625 0.5123456790123456 0.017578125 0.028806584362139915
0 0.94677734375 0.8429355281207133 0.0302734375 0.05898491083676268
0 0.859375 0.620713305898491 0.01953125 0.04252400548696845
0 0.974609375 0.527434842249657 0.017578125 0.026063100137174208
0 0.82421875 0.5171467764060357 0.01953125 0.03292181069958847
0 0.46240234375 0.29218106995884774 0.0166015625 0.03017832647462277
0 0.595703125 0.2908093278463649 0.005859375 0.010973936899862825
0 0.9111328125 0.2558299039780521 0.01171875 0.0205761316872428
