0 0.90673828125 0.7135382603008503 0.0244140625 0.018312622629169394
0 0.9091796875 0.5896010464355789 0.021484375 0.013734466971877045
0 0.271484375 0.8041203400915632 0.03125 0.020274689339437543
0 0.13427734375 0.8034663178548072 0.0244140625 0.020274689339437543
0 0.36865234375 0.6409417920209287 0.0244140625 0.018312622629169394
0 0.4296875 0.5327011118378026 0.01953125 0.016350555918901243
0 0.8828125 0.5212557226945717 0.01953125 0.014388489208633094
0 0.91943359375 0.4561805101373447 0.0185546875 0.013734466971877045
0 0.93408203125 0.39764551994767827 0.0166015625 0.013080444735120995
0 0.50146484375 0.4587965990843689 0.0205078125 0.015042511445389144
0 0.59228515625 0.38816219751471553 0.0146484375 0.012426422498364946
0 0.0751953125 0.44506213211249185 0.01953125 0.011118378024852845
0 0.1572265625 0.394702419882276 0.015625 0.013734466971877045
0 0.2333984375 0.3868541530412034 0.015625 0.011118378024852845
0 0.005859375 0.28482668410725964 0.01171875 0.009810333551340747
0 0.07373046875 0.249836494440811 0.0146484375 0.009156311314584697
0 0.06396484375 0.20667102681491173 0.0107421875 0.007848266841072597
0 0.126953125 0.20438194898626555 0.009765625 0.007194244604316547
0 0.01708984375 0.25016350555918904 0.0126953125 0.008502289077828646
0 0.27294921875 0.33093525179856115 0.0166015625 0.010464355788096796
0 0.31494140625 0.2789404839764552 0.0166015625 0.009810333551340747
0 0.212890625 0.289077828646174 0.009765625 0.010464355788096796
0 0.27685546875 0.27501635055591894 0.0107421875 0.009810333551340747
0 0.330078125 0.28319162851536955 0.0078125 0.005232177894048398
0 0.27294921875 0.28875081752779597 0.0087890625 0.008502289077828646
0 0.38525390625 0.24623937213865274 0.0126953125 0.009810333551340747
0 0.60205078125 0.3276651406147809 0.0146484375 0.010464355788096796
0 0.60009765625 0.29136690647482016 0.0146484375 0.009810333551340747
0 0.66455078125 0.28875081752779597 0.0146484375 0.008502289077828646
0 0.96142578125 0.20732504905166776 0.0126953125 0.009156311314584697
0 0.95263671875 0.17952910398953564 0.0126953125 0.008502289077828646
0 0.91650390625 0.15467625899280577 0.0107421875 0.008502289077828646
0 0.8701171875 0.15729234793982996 0.01171875 0.008502289077828646
0 0.68310546875 0.24525833878351866 0.0126953125 0.009156311314584697
0 0.705078125 0.21713538260300852 0.01171875 0.006540222367560498
0 0.64697265625 0.22138652714192283 0.0146484375 0.008502289077828646
0 0.6923828125 0.18705035971223022 0.01171875 0.007848266841072597
0 0.43505859375 0.20372792674950949 0.0126953125 0.008502289077828646
0 0.375 0.21059516023544803 0.0078125 0.006540222367560498
0 0.39208984375 0.20405493786788753 0.0068359375 0.006540222367560498
0 0.42724609375 0.18476128188358407 0.0107421875 0.007194244604316547
0 0.376953125 0.18770438194898628 0.0078125 0.005232177894048398
0 0.087890625 0.1801831262262917 0.009765625 0.005886200130804447
0 0.1201171875 0.18378024852844999 0.0078125 0.005232177894048398
0 0.181640625 0.1500981033355134 0.0078125 0.005886200130804447
0 0.18505859375 0.09548724656638326 0.0087890625 0.006540222367560498
0 0.4130859375 0.16841072596468282 0.005859375 0.003270111183780249
0 0.36962890625 0.17004578155657293 0.0068359375 0.003924133420536298
0 0.3994140625 0.13342053629823414 0.005859375 0.005232177894048398
0 0.32421875 0.11739699149771093 0.005859375 0.004578155657292349
0 0.8056640625 0.1249182472204055 0.0078125 0.005232177894048398
0 0.7578125 0.12916939175931982 0.009765625 0.005886200130804447
0 0.71630859375 0.11085676913015043 0.0068359375 0.004578155657292349
0 0.6474609375 0.16873773708306083 0.0078125 0.005232177894048398
0 0.61865234375 0.1393067364290386 0.0087890625 0.005232177894048398
0 0.576171875 0.144538914323087 0.0078125 0.006540222367560498
0 0.58154296875 0.14650098103335515 0.0048828125 0.003924133420536298
0 0.673828125 0.09483322432962721 0.005859375 0.003924133420536298
0 0.5986328125 0.07684761281883584 0.005859375 0.004578155657292349
0 0.57373046875 0.07619359058207979 0.0068359375 0.004578155657292349
0 0.5439453125 0.11608894702419884 0.005859375 0.004578155657292349
0 0.48193359375 0.07161543492478745 0.0048828125 0.003270111183780249
0 0.47705078125 0.10497056899934598 0.0068359375 0.004578155657292349
0 0.4453125 0.09189012426422499 0.005859375 0.004578155657292349
0 0.4462890625 0.08109875735775017 0.005859375 0.003924133420536298
0 0.43505859375 0.08240680183126227 0.0068359375 0.005232177894048398
0 0.36865234375 0.08633093525179857 0.0068359375 0.005232177894048398
0 0.333984375 0.10595160235448006 0.005859375 0.003924133420536298
0 0.3125 0.06899934597776325 0.00390625 0.003270111183780249
0 0.32958984375 0.06899934597776325 0.0048828125 0.004578155657292349
0 0.26025390625 0.08829300196206671 0.0068359375 0.005232177894048398
0 0.271484375 0.08992805755395684 0.005859375 0.005886200130804447
0 0.23828125 0.054610856769130155 0.0078125 0.004578155657292349
0 0.17431640625 0.027795945062132114 0.0048828125 0.004578155657292349
0 0.07373046875 0.028449967298888164 0.0048828125 0.003270111183780249
0 0.0498046875 0.05722694571615435 0.005859375 0.003270111183780249
0 0.02001953125 0.05624591236102028 0.0029296875 0.003924133420536298
0 0.404296875 0.04349247874427731 0.005859375 0.004578155657292349
