0 0.07080078125 0.6881510416666666 0.0107421875 0.014322916666666666
0 0.10791015625 0.6979166666666666 0.0068359375 0.015625
0 0.51025390625 0.8619791666666666 0.0107421875 0.015625
0 0.15966796875 0.14908854166666666 0.0048828125 0.006510416666666666
0 0.20849609375 0.13671875 0.0029296875 0.005208333333333333
0 0.21484375 0.13606770833333331 0.00390625 0.006510416666666666
0 0.232421875 0.15690104166666666 0.005859375 0.006510416666666666
0 0.25634765625 0.14453125 0.0029296875 0.005208333333333333
0 0.3173828125 0.13151041666666666 0.00390625 0.005208333333333333
0 0.34716796875 0.11979166666666666 0.0029296875 0.005208333333333333
0 0.40380859375 0.103515625 0.0029296875 0.006510416666666666
0 0.4375 0.11197916666666666 0.001953125 0.005208333333333333
0 0.49658203125 0.11979166666666666 0.0029296875 0.005208333333333333
0 0.4560546875 0.0703125 0.00390625 0.005208333333333333
0 0.56640625 0.5592447916666666 0.0078125 0.01171875
0 0.59619140625 0.56640625 0.0068359375 0.0078125
0 0.62060546875 0.5598958333333333 0.0087890625 0.010416666666666666
0 0.57177734375 0.5546875 0.0048828125 0.010416666666666666
0 0.57568359375 0.546875 0.0048828125 0.0078125
0 0.58447265625 0.5481770833333333 0.0048828125 0.010416666666666666
