0 0.92626953125 0.6116788321167883 0.1083984375 0.20145985401459854
0 0.87060546875 0.39124087591240875 0.1220703125 0.22481751824817517
0 0.7626953125 0.28905109489051095 0.126953125 0.24525547445255472
0 0.66162109375 0.22919708029197078 0.1181640625 0.2364963503649635
0 0.49951171875 0.14963503649635035 0.0283203125 0.07737226277372262
0 0.5869140625 0.3605839416058394 0.095703125 0.20145985401459854
0 0.63232421875 0.6503649635036496 0.0166015625 0.02773722627737226
0 0.5947265625 0.656934306569343 0.0078125 0.014598540145985401
0 0.49853515625 0.8620437956204379 0.0244140625 0.0656934306569343
0 0.31396484375 0.6562043795620438 0.0244140625 0.03357664233576642
0 0.5576171875 0.7291970802919707 0.0078125 0.01313868613138686
0 0.58154296875 0.7321167883211679 0.0087890625 0.01313868613138686
0 0.57763671875 0.7116788321167883 0.0048828125 0.010218978102189781
0 0.60986328125 0.6810218978102189 0.0087890625 0.016058394160583942
0 0.74365234375 0.6386861313868613 0.0126953125 0.0218978102189781
0 0.693359375 0.5291970802919708 0.03125 0.04233576642335766
0 0.76025390625 0.5277372262773722 0.0244140625 0.0364963503649635
0 0.63671875 0.5124087591240876 0.025390625 0.0437956204379562
