0 0.37548828125 0.9952283571915475 0.0146484375 0.00954328561690525
0 0.2744140625 0.9918200408997956 0.013671875 0.012269938650306749
0 0.30908203125 0.9863667348329925 0.0087890625 0.0081799591002045
0 0.78125 0.8404907975460123 0.0234375 0.02044989775051125
0 0.99755859375 0.7859577368779823 0.0048828125 0.006816632583503749
0 0.48779296875 0.7730061349693251 0.0166015625 0.013633265167007498
0 0.2119140625 0.8531015678254943 0.01953125 0.015678254942058625
0 0.0830078125 0.7549420586230402 0.015625 0.014314928425357873
0 0.359375 0.6707566462167689 0.013671875 0.00954328561690525
0 0.50927734375 0.6203135650988412 0.0126953125 0.00954328561690525
0 0.7685546875 0.6707566462167689 0.01171875 0.010906612133605999
0 0.67822265625 0.674505794137696 0.0205078125 0.014314928425357873
0 0.7021484375 0.665303340149966 0.005859375 0.00408997955010225
0 0.9150390625 0.6359918200408998 0.01171875 0.00954328561690525
0 0.82568359375 0.6390593047034765 0.0107421875 0.008861622358554875
0 0.87353515625 0.6319018404907976 0.0048828125 0.00408997955010225
0 0.20068359375 0.5746421267893661 0.0107421875 0.006816632583503749
0 0.58203125 0.5797546012269938 0.013671875 0.010224948875255624
0 0.5185546875 0.5732788002726653 0.009765625 0.010906612133605999
0 0.591796875 0.5395364689843217 0.01171875 0.007498295841854124
0 0.6748046875 0.5020449897750512 0.0078125 0.007498295841854124
0 0.326171875 0.5224948875255624 0.01171875 0.007498295841854124
0 0.955078125 0.5821404226312202 0.017578125 0.012269938650306749
0 0.95703125 0.527266530334015 0.01171875 0.010224948875255624
0 0.96875 0.48875255623721886 0.01171875 0.0081799591002045
0 0.9619140625 0.46489434219495573 0.009765625 0.006816632583503749
0 0.91845703125 0.4676209952283572 0.0048828125 0.0054533060668029995
0 0.96875 0.44274028629856854 0.009765625 0.007498295841854124
0 0.91748046875 0.4464894342194956 0.0107421875 0.0054533060668029995
0 0.90625 0.4410361281526926 0.005859375 0.0054533060668029995
0 0.65234375 0.46080436264485347 0.0078125 0.006816632583503749
0 0.68212890625 0.43115201090661215 0.0068359375 0.006134969325153374
0 0.6767578125 0.3885480572597137 0.009765625 0.006816632583503749
0 0.6982421875 0.37695978186775736 0.009765625 0.006816632583503749
0 0.421875 0.45228357191547375 0.0078125 0.006134969325153374
0 0.36181640625 0.45910020449897754 0.0107421875 0.007498295841854124
0 0.4306640625 0.3994546693933197 0.009765625 0.006816632583503749
0 0.41552734375 0.3623040218132243 0.0087890625 0.006134969325153374
0 0.36181640625 0.36843899113837764 0.0087890625 0.007498295841854124
0 0.3720703125 0.3104976141785958 0.009765625 0.007498295841854124
0 0.32275390625 0.3115201090661214 0.0068359375 0.0054533060668029995
0 0.19775390625 0.3783231083844581 0.0087890625 0.0054533060668029995
0 0.607421875 0.3292433537832311 0.0078125 0.0054533060668029995
0 0.560546875 0.32992501704158145 0.0078125 0.0054533060668029995
0 0.57373046875 0.3285616905248807 0.0048828125 0.00408997955010225
0 0.55029296875 0.3128834355828221 0.0068359375 0.0054533060668029995
0 0.52783203125 0.28220858895705525 0.0087890625 0.0054533060668029995
0 0.51025390625 0.2828902522154056 0.0048828125 0.00408997955010225
0 0.51806640625 0.28084526244035446 0.0048828125 0.00408997955010225
0 0.47998046875 0.283571915473756 0.0068359375 0.0054533060668029995
0 0.4970703125 0.26482617586912066 0.005859375 0.004771642808452625
0 0.47216796875 0.261758691206544 0.0048828125 0.00408997955010225
0 0.4560546875 0.2603953646898432 0.005859375 0.00408997955010225
0 0.91357421875 0.3858214042263122 0.0087890625 0.0081799591002045
0 0.87060546875 0.3895705521472393 0.0087890625 0.008861622358554875
0 0.93603515625 0.2675528289025222 0.0068359375 0.006134969325153374
0 0.94384765625 0.2668711656441718 0.0048828125 0.0034083162917518746
0 0.876953125 0.24573960463531017 0.005859375 0.004771642808452625
0 0.8671875 0.2423312883435583 0.005859375 0.004771642808452625
0 0.7646484375 0.2842535787321063 0.0078125 0.0054533060668029995
0 0.72802734375 0.28663940013633266 0.0087890625 0.006134969325153374
0 0.6943359375 0.2610770279481936 0.0078125 0.0054533060668029995
0 0.666015625 0.2634628493524199 0.0078125 0.006134969325153374
0 0.6533203125 0.23824130879345604 0.005859375 0.006134969325153374
0 0.69091796875 0.18882072256305385 0.0068359375 0.0054533060668029995
0 0.52001953125 0.2143830947511929 0.0068359375 0.004771642808452625
0 0.48828125 0.18336741649625085 0.005859375 0.0054533060668029995
0 0.43115234375 0.23040218132242674 0.0068359375 0.0054533060668029995
0 0.3916015625 0.23585548738922973 0.005859375 0.006816632583503749
0 0.37744140625 0.20552147239263804 0.0068359375 0.006134969325153374
0 0.41015625 0.17177914110429449 0.005859375 0.0054533060668029995
0 0.22900390625 0.27062031356509886 0.0087890625 0.006816632583503749
0 0.2421875 0.25869120654396727 0.005859375 0.004771642808452625
0 0.18505859375 0.2716428084526244 0.0068359375 0.007498295841854124
0 0.228515625 0.23551465576005454 0.0078125 0.006134969325153374
0 0.18212890625 0.2368779822767553 0.0068359375 0.0034083162917518746
0 0.08642578125 0.20552147239263804 0.0048828125 0.0034083162917518746
0 0.08203125 0.20279481935923654 0.005859375 0.0034083162917518746
0 0.0400390625 0.20279481935923654 0.005859375 0.0034083162917518746
0 0.2919921875 0.18029993183367418 0.0078125 0.006134969325153374
0 0.2470703125 0.16666666666666669 0.005859375 0.004771642808452625
0 0.09912109375 0.1274710293115201 0.0068359375 0.0054533060668029995
0 0.55126953125 0.15201090661213362 0.0048828125 0.00408997955010225
0 0.49755859375 0.13701431492842536 0.0068359375 0.0054533060668029995
0 0.443359375 0.12576687116564417 0.005859375 0.004771642808452625
0 0.416015625 0.12849352419904567 0.005859375 0.006134969325153374
0 0.3740234375 0.15712338104976142 0.00390625 0.0034083162917518746
0 0.37158203125 0.10259032038173142 0.0068359375 0.004771642808452625
0 0.3193359375 0.11895023858214043 0.00390625 0.0034083162917518746
0 0.20263671875 0.08691206543967281 0.0048828125 0.0034083162917518746
0 0.13671875 0.08963871847307431 0.005859375 0.004771642808452625
0 0.154296875 0.06987048398091343 0.00390625 0.0034083162917518746
0 0.06494140625 0.06612133605998637 0.0048828125 0.0027266530334014998
0 0.07080078125 0.0681663258350375 0.0048828125 0.0027266530334014998
0 0.064453125 0.08282208588957056 0.005859375 0.0034083162917518746
