0 0.13232421875 0.9794207317073171 0.0087890625 0.013719512195121951
0 0.0625 0.9801829268292683 0.009765625 0.012195121951219513
0 0.0537109375 0.9695121951219513 0.009765625 0.01524390243902439
0 0.03271484375 0.9634146341463415 0.0087890625 0.01524390243902439
0 0.072265625 0.9557926829268293 0.01171875 0.01829268292682927
0 0.1025390625 0.9100609756097562 0.009765625 0.01829268292682927
0 0.08984375 0.9176829268292683 0.0078125 0.01524390243902439
0 0.06005859375 0.868140243902439 0.0087890625 0.01676829268292683
0 0.26171875 0.9451219512195123 0.0078125 0.01524390243902439
0 0.1279296875 0.7560975609756098 0.005859375 0.012195121951219513
0 0.0859375 0.7301829268292683 0.005859375 0.012195121951219513
0 0.05908203125 0.7439024390243902 0.0087890625 0.01829268292682927
0 0.25048828125 0.7858231707317074 0.0068359375 0.013719512195121951
0 0.201171875 0.7919207317073171 0.005859375 0.010670731707317074
0 0.2451171875 0.8285060975609756 0.005859375 0.010670731707317074
0 0.13330078125 0.6669207317073171 0.0068359375 0.01676829268292683
0 0.1865234375 0.5914634146341463 0.0078125 0.012195121951219513
0 0.2001953125 0.5564024390243902 0.005859375 0.012195121951219513
0 0.32275390625 0.7347560975609756 0.0068359375 0.01524390243902439
0 0.30908203125 0.6501524390243902 0.0068359375 0.010670731707317074
0 0.19921875 0.5038109756097561 0.005859375 0.010670731707317074
0 0.099609375 0.4961890243902439 0.005859375 0.010670731707317074
0 0.2939453125 0.4832317073170732 0.00390625 0.009146341463414635
0 0.26513671875 0.4573170731707317 0.0029296875 0.006097560975609756
0 0.26513671875 0.47408536585365857 0.0048828125 0.012195121951219513
0 0.2060546875 0.4451219512195122 0.00390625 0.006097560975609756
0 0.15673828125 0.5106707317073171 0.0068359375 0.012195121951219513
0 0.1806640625 0.43064024390243905 0.005859375 0.010670731707317074
0 0.208984375 0.4085365853658537 0.00390625 0.006097560975609756
0 0.23193359375 0.4169207317073171 0.0048828125 0.007621951219512195
0 0.16796875 0.3940548780487805 0.005859375 0.010670731707317074
0 0.1474609375 0.3955792682926829 0.00390625 0.007621951219512195
0 0.501953125 0.9298780487804879 0.009765625 0.021341463414634148
0 0.4853515625 0.930640243902439 0.0078125 0.01676829268292683
0 0.48583984375 0.8551829268292683 0.0068359375 0.01524390243902439
0 0.58251953125 0.8490853658536586 0.0087890625 0.01524390243902439
0 0.50732421875 0.7698170731707318 0.0087890625 0.01524390243902439
0 0.41748046875 0.7362804878048781 0.0068359375 0.01524390243902439
0 0.35888671875 0.3620426829268293 0.0048828125 0.007621951219512195
0 0.28564453125 0.3696646341463415 0.0048828125 0.007621951219512195
0 0.14697265625 0.3407012195121951 0.0048828125 0.010670731707317074
0 0.822265625 0.8407012195121951 0.0078125 0.01676829268292683
