0 0.00537109375 0.9831130690161527 0.0068359375 0.013215859030837003
0 0.01708984375 0.9889867841409691 0.0087890625 0.013215859030837003
0 0.0400390625 0.8928046989720998 0.0078125 0.017621145374449337
0 0.0322265625 0.8362701908957415 0.005859375 0.013215859030837003
0 0.00830078125 0.7944199706314243 0.0068359375 0.014684287812041116
0 0.15478515625 0.7782672540381791 0.0068359375 0.011747430249632892
0 0.5078125 0.9148311306901615 0.009765625 0.017621145374449337
0 0.6240234375 0.8002936857562408 0.009765625 0.014684287812041116
0 0.47509765625 0.606461086637298 0.0087890625 0.014684287812041116
0 0.32177734375 0.7701908957415565 0.0087890625 0.016152716593245228
0 0.29296875 0.6791483113069016 0.005859375 0.010279001468428781
0 0.26220703125 0.6027900146842878 0.0048828125 0.007342143906020558
0 0.23193359375 0.606461086637298 0.0048828125 0.008810572687224669
0 0.11865234375 0.6292217327459618 0.0068359375 0.013215859030837003
0 0.0322265625 0.63215859030837 0.0078125 0.013215859030837003
0 0.1279296875 0.48384728340675476 0.005859375 0.007342143906020558
0 0.041015625 0.5073421439060205 0.005859375 0.010279001468428781
0 0.0205078125 0.46255506607929514 0.00390625 0.005873715124816446
0 0.01416015625 0.5029368575624082 0.0029296875 0.007342143906020558
0 0.00537109375 0.4698972099853157 0.0029296875 0.008810572687224669
0 0.26171875 0.5477239353891336 0.005859375 0.008810572687224669
0 0.2314453125 0.447870778267254 0.005859375 0.008810572687224669
0 0.328125 0.43024963289280466 0.00390625 0.005873715124816446
0 0.31005859375 0.38472834067547723 0.0029296875 0.005873715124816446
0 0.32861328125 0.381791483113069 0.0029296875 0.005873715124816446
0 0.10400390625 0.39720998531571217 0.0048828125 0.007342143906020558
0 0.06298828125 0.40602055800293685 0.0029296875 0.007342143906020558
0 0.3818359375 0.31791483113069013 0.005859375 0.010279001468428781
0 0.49072265625 0.11747430249632893 0.0068359375 0.011747430249632892
0 0.5908203125 0.31497797356828194 0.001953125 0.004405286343612334
0 0.7607421875 0.11600587371512482 0.025390625 0.041116005873715125
0 0.02734375 0.8179148311306901 0.0078125 0.014684287812041116
0 0.30322265625 0.4008810572687224 0.0048828125 0.008810572687224669
