0 0.92529296875 0.22569444444444442 0.0478515625 0.09375
0 0.80078125 0.19357638888888887 0.048828125 0.10590277777777778
0 0.70751953125 0.1814236111111111 0.0400390625 0.09201388888888888
0 0.61181640625 0.17100694444444445 0.0458984375 0.09895833333333333
0 0.50048828125 0.23263888888888887 0.0458984375 0.1111111111111111
0 0.390625 0.2864583333333333 0.03125 0.09027777777777778
0 0.34912109375 0.14149305555555555 0.0322265625 0.078125
0 0.29296875 0.2907986111111111 0.037109375 0.08159722222222222
0 0.21484375 0.20138888888888887 0.041015625 0.09027777777777778
0 0.08740234375 0.20399305555555555 0.0498046875 0.10590277777777778
0 0.1787109375 0.29340277777777773 0.041015625 0.09722222222222221
