0 0.02978515625 0.19734004313443568 0.0107421875 0.013659237958303379
0 0.015625 0.19841840402588068 0.01171875 0.012940330697340043
0 0.04541015625 0.19662113587347232 0.0107421875 0.010783608914450037
0 0.05615234375 0.195902228612509 0.0087890625 0.009345794392523366
0 0.06689453125 0.18619698058950396 0.0087890625 0.010064701653486701
0 0.06689453125 0.19949676491732568 0.0087890625 0.009345794392523366
0 0.08837890625 0.20273184759166069 0.0087890625 0.00862688713156003
0 0.099609375 0.19410496046010065 0.009765625 0.011502516175413372
0 0.10888671875 0.18332135154565063 0.0087890625 0.010064701653486701
0 0.15869140625 0.17074047447879223 0.0224609375 0.02516175413371675
0 0.27587890625 0.2250179726815241 0.0869140625 0.08195542774982027
0 0.4970703125 0.17289719626168226 0.041015625 0.039539899352983465
0 0.76708984375 0.17505391804457227 0.0166015625 0.017972681524083396
0 0.82861328125 0.16319194823867722 0.0244140625 0.027318475916606758
0 0.63232421875 0.18619698058950396 0.0771484375 0.08339324227174695
