0 0.1474609375 0.7988252569750367 0.072265625 0.09985315712187959
0 0.19189453125 0.6791483113069016 0.0517578125 0.08370044052863436
0 0.04052734375 0.5594713656387665 0.0341796875 0.04698972099853157
0 0.08740234375 0.5308370044052864 0.0224609375 0.042584434654919234
0 0.2392578125 0.5991189427312775 0.029296875 0.05580029368575624
0 0.275390625 0.5506607929515418 0.02734375 0.04698972099853157
0 0.29248046875 0.4941262848751835 0.0224609375 0.042584434654919234
0 0.1962890625 0.43612334801762115 0.021484375 0.041116005873715125
0 0.14013671875 0.4897209985315712 0.0205078125 0.033773861967694566
0 0.07763671875 0.43024963289280466 0.0205078125 0.032305433186490456
0 0.01025390625 0.4552129221732746 0.0146484375 0.035242290748898675
0 0.455078125 0.7298091042584435 0.033203125 0.06167400881057268
0 0.64208984375 0.6101321585903083 0.0224609375 0.04845814977973568
0 0.4208984375 0.5903083700440528 0.04296875 0.06461086637298091
0 0.44921875 0.5433186490455213 0.017578125 0.035242290748898675
0 0.591796875 0.49486049926578557 0.025390625 0.032305433186490456
0 0.611328125 0.5477239353891336 0.029296875 0.041116005873715125
0 0.4619140625 0.4985315712187959 0.013671875 0.03083700440528634
0 0.826171875 0.6372980910425844 0.01953125 0.0381791483113069
0 0.75830078125 0.5704845814977973 0.0283203125 0.04552129221732746
0 0.72216796875 0.5073421439060205 0.0263671875 0.03083700440528634
0 0.12841796875 0.40234948604992654 0.0185546875 0.035242290748898675
0 0.1650390625 0.3986784140969163 0.013671875 0.02202643171806167
0 0.2314453125 0.4229074889867841 0.0234375 0.02936857562408223
0 0.31884765625 0.45888399412628483 0.0205078125 0.03083700440528634
0 0.25927734375 0.4016152716593245 0.0205078125 0.03083700440528634
0 0.3046875 0.37738619676945667 0.013671875 0.026431718061674006
0 0.20947265625 0.3634361233480176 0.0185546875 0.02790014684287812
0 0.24560546875 0.35609397944199705 0.0107421875 0.01908957415565345
0 0.28857421875 0.3502202643171806 0.0087890625 0.01908957415565345
0 0.353515625 0.4449339207048458 0.015625 0.032305433186490456
0 0.482421875 0.45814977973568277 0.015625 0.026431718061674006
0 0.49853515625 0.4287812041116006 0.0166015625 0.035242290748898675
0 0.5 0.35389133627019087 0.009765625 0.023494860499265784
0 0.4111328125 0.3883994126284875 0.015625 0.033773861967694566
0 0.38427734375 0.41556534508076354 0.0146484375 0.02936857562408223
0 0.341796875 0.36270190895741555 0.015625 0.02936857562408223
0 0.3984375 0.31791483113069013 0.009765625 0.01908957415565345
0 0.44189453125 0.3340675477239354 0.0107421875 0.01908957415565345
0 0.568359375 0.3744493392070484 0.01171875 0.026431718061674006
0 0.64453125 0.3986784140969163 0.013671875 0.03083700440528634
0 0.59033203125 0.3465491923641703 0.0126953125 0.023494860499265784
0 0.62353515625 0.3472834067547724 0.0126953125 0.02202643171806167
0 0.419921875 0.303230543318649 0.01171875 0.01908957415565345
0 0.44873046875 0.3054331864904552 0.0107421875 0.020558002936857563
0 0.46533203125 0.33259911894273125 0.0107421875 0.01908957415565345
0 0.49072265625 0.31938325991189426 0.0146484375 0.02202643171806167
0 0.52001953125 0.31130690161527164 0.0107421875 0.023494860499265784
0 0.5556640625 0.34140969162995594 0.009765625 0.02202643171806167
0 0.5947265625 0.45814977973568277 0.017578125 0.035242290748898675
0 0.66357421875 0.3744493392070484 0.0146484375 0.026431718061674006
0 0.6337890625 0.3098384728340675 0.009765625 0.020558002936857563
0 0.6572265625 0.3076358296622614 0.009765625 0.01908957415565345
0 0.5498046875 0.29955947136563876 0.009765625 0.020558002936857563
0 0.5712890625 0.2819383259911894 0.009765625 0.020558002936857563
0 0.47607421875 0.29148311306901614 0.0087890625 0.01908957415565345
0 0.49755859375 0.3002936857562408 0.0068359375 0.016152716593245228
0 0.60498046875 0.32158590308370044 0.0087890625 0.017621145374449337
0 0.59814453125 0.2966226138032305 0.0087890625 0.017621145374449337
0 0.5751953125 0.3002936857562408 0.009765625 0.013215859030837003
0 0.623046875 0.2723935389133627 0.009765625 0.016152716593245228
0 0.650390625 0.28634361233480177 0.009765625 0.014684287812041116
0 0.68603515625 0.32819383259911894 0.0107421875 0.016152716593245228
0 0.6787109375 0.2790014684287812 0.009765625 0.017621145374449337
0 0.69580078125 0.2988252569750367 0.0068359375 0.02202643171806167
0 0.7138671875 0.3002936857562408 0.0078125 0.013215859030837003
0 0.71826171875 0.3230543318649045 0.0087890625 0.020558002936857563
0 0.7138671875 0.3487518355359765 0.013671875 0.024963289280469897
0 0.74365234375 0.3465491923641703 0.0087890625 0.023494860499265784
0 0.7490234375 0.31277533039647576 0.0078125 0.017621145374449337
0 0.7412109375 0.2907488986784141 0.009765625 0.017621145374449337
0 0.75146484375 0.26284875183553597 0.0087890625 0.014684287812041116
0 0.78076171875 0.25624082232011747 0.0087890625 0.013215859030837003
0 0.79248046875 0.303230543318649 0.0087890625 0.01908957415565345
0 0.77490234375 0.3318649045521292 0.0107421875 0.020558002936857563
0 0.77978515625 0.3788546255506608 0.0087890625 0.020558002936857563
0 0.806640625 0.36270190895741555 0.009765625 0.026431718061674006
0 0.8076171875 0.3318649045521292 0.0078125 0.020558002936857563
0 0.79541015625 0.2738619676945668 0.0087890625 0.016152716593245228
0 0.806640625 0.25697503671071953 0.009765625 0.017621145374449337
0 0.0361328125 0.18649045521292215 0.013671875 0.020558002936857563
0 0.03369140625 0.22687224669603523 0.0146484375 0.024963289280469897
0 0.02001953125 0.2856093979441997 0.0146484375 0.01908957415565345
0 0.0849609375 0.27459618208516884 0.015625 0.020558002936857563
0 0.14501953125 0.2731277533039647 0.0126953125 0.017621145374449337
0 0.0703125 0.2276064610866373 0.013671875 0.020558002936857563
0 0.107421875 0.2224669603524229 0.013671875 0.01908957415565345
0 0.08349609375 0.17988252569750365 0.0126953125 0.01908957415565345
0 0.0546875 0.1475770925110132 0.01171875 0.016152716593245228
0 0.0068359375 0.14243759177679882 0.0078125 0.011747430249632892
0 0.103515625 0.04845814977973568 0.009765625 0.014684287812041116
0 0.08544921875 0.03303964757709251 0.0087890625 0.013215859030837003
0 0.13916015625 0.032305433186490456 0.0107421875 0.014684287812041116
0 0.1298828125 0.06020558002936857 0.009765625 0.014684287812041116
0 0.1171875 0.08076358296622613 0.009765625 0.017621145374449337
0 0.154296875 0.05653450807635829 0.005859375 0.016152716593245228
0 0.193359375 0.04919236417033774 0.0078125 0.013215859030837003
0 0.18115234375 0.05947136563876652 0.0087890625 0.013215859030837003
0 0.1435546875 0.11306901615271658 0.009765625 0.014684287812041116
0 0.1982421875 0.14464023494860498 0.0078125 0.016152716593245228
0 0.20458984375 0.12408223201174742 0.0087890625 0.013215859030837003
0 0.20458984375 0.06534508076358296 0.0087890625 0.013215859030837003
0 0.2216796875 0.0895741556534508 0.0078125 0.014684287812041116
0 0.2275390625 0.07268722466960352 0.0078125 0.013215859030837003
0 0.24951171875 0.06607929515418502 0.0068359375 0.014684287812041116
0 0.271484375 0.06534508076358296 0.0078125 0.013215859030837003
0 0.23046875 0.11674008810572686 0.0078125 0.016152716593245228
0 0.251953125 0.1211453744493392 0.0078125 0.013215859030837003
0 0.2216796875 0.18208516886930984 0.0078125 0.014684287812041116
0 0.22216796875 0.21071953010279001 0.0126953125 0.016152716593245228
0 0.25048828125 0.1409691629955947 0.0068359375 0.014684287812041116
0 0.24951171875 0.17841409691629956 0.0068359375 0.013215859030837003
0 0.263671875 0.2187958883994126 0.009765625 0.014684287812041116
0 0.259765625 0.25844346549192365 0.009765625 0.017621145374449337
0 0.291015625 0.25697503671071953 0.009765625 0.014684287812041116
0 0.279296875 0.22026431718061673 0.0078125 0.014684287812041116
0 0.3095703125 0.20998531571218795 0.0078125 0.014684287812041116
0 0.32666015625 0.16886930983847281 0.0087890625 0.014684287812041116
0 0.2822265625 0.15565345080763582 0.005859375 0.011747430249632892
0 0.2685546875 0.10058737151248164 0.005859375 0.010279001468428781
0 0.29248046875 0.10205580029368574 0.0068359375 0.013215859030837003
0 0.31103515625 0.12555066079295155 0.0068359375 0.013215859030837003
0 0.328125 0.14317180616740088 0.0078125 0.013215859030837003
0 0.32080078125 0.1211453744493392 0.0087890625 0.013215859030837003
0 0.32177734375 0.11086637298091041 0.0068359375 0.010279001468428781
0 0.330078125 0.09765051395007342 0.005859375 0.016152716593245228
0 0.31787109375 0.07782672540381791 0.0068359375 0.011747430249632892
0 0.3359375 0.07709251101321586 0.0078125 0.013215859030837003
0 0.33154296875 0.01395007342143906 0.0068359375 0.010279001468428781
0 0.34912109375 0.02422907488986784 0.0068359375 0.010279001468428781
0 0.3701171875 0.02422907488986784 0.005859375 0.010279001468428781
0 0.3466796875 0.05286343612334801 0.005859375 0.011747430249632892
0 0.3759765625 0.07488986784140969 0.005859375 0.011747430249632892
0 0.39013671875 0.06387665198237885 0.0048828125 0.010279001468428781
0 0.3974609375 0.07856093979441997 0.005859375 0.010279001468428781
0 0.42041015625 0.05947136563876652 0.0068359375 0.010279001468428781
0 0.4326171875 0.07709251101321586 0.005859375 0.010279001468428781
0 0.43798828125 0.04185022026431718 0.0048828125 0.010279001468428781
0 0.41748046875 0.03303964757709251 0.0048828125 0.013215859030837003
0 0.40576171875 0.03450807635829662 0.0048828125 0.010279001468428781
0 0.416015625 0.09765051395007342 0.0078125 0.010279001468428781
0 0.38330078125 0.11894273127753303 0.0068359375 0.011747430249632892
0 0.40625 0.13656387665198236 0.0078125 0.011747430249632892
0 0.4384765625 0.1211453744493392 0.0078125 0.013215859030837003
0 0.43505859375 0.10572687224669602 0.0048828125 0.008810572687224669
0 0.45361328125 0.09765051395007342 0.0048828125 0.010279001468428781
0 0.4697265625 0.1196769456681351 0.005859375 0.013215859030837003
0 0.451171875 0.14317180616740088 0.005859375 0.013215859030837003
0 0.42822265625 0.16666666666666666 0.0068359375 0.013215859030837003
0 0.3408203125 0.12555066079295155 0.005859375 0.007342143906020558
0 0.34814453125 0.14464023494860498 0.0068359375 0.013215859030837003
0 0.36083984375 0.16960352422907488 0.0068359375 0.013215859030837003
0 0.353515625 0.21292217327459617 0.005859375 0.014684287812041116
0 0.40478515625 0.21071953010279001 0.0068359375 0.013215859030837003
0 0.42529296875 0.20778267254038177 0.0068359375 0.016152716593245228
0 0.51806640625 0.23788546255506607 0.0048828125 0.011747430249632892
0 0.4873046875 0.22980910425844345 0.0078125 0.013215859030837003
0 0.462890625 0.237151248164464 0.005859375 0.010279001468428781
0 0.51416015625 0.20484581497797355 0.0048828125 0.010279001468428781
0 0.53466796875 0.1938325991189427 0.0048828125 0.008810572687224669
0 0.470703125 0.19970631424375918 0.005859375 0.011747430249632892
0 0.4931640625 0.19676945668135096 0.00390625 0.008810572687224669
0 0.55859375 0.22907488986784139 0.005859375 0.011747430249632892
0 0.4423828125 0.24669603524229072 0.005859375 0.011747430249632892
0 0.41650390625 0.2422907488986784 0.0068359375 0.011747430249632892
0 0.36962890625 0.24816446402349485 0.0068359375 0.011747430249632892
0 0.5087890625 0.17327459618208516 0.005859375 0.011747430249632892
0 0.46728515625 0.17400881057268722 0.0048828125 0.010279001468428781
0 0.49365234375 0.1461086637298091 0.0048828125 0.010279001468428781
0 0.40771484375 0.12187958883994125 0.0048828125 0.005873715124816446
0 0.39892578125 0.24155653450807635 0.0029296875 0.007342143906020558
0 0.4833984375 0.02422907488986784 0.00390625 0.007342143906020558
0 0.50732421875 0.07488986784140969 0.0048828125 0.011747430249632892
0 0.50439453125 0.060939794419970626 0.0029296875 0.007342143906020558
0 0.541015625 0.05800293685756241 0.00390625 0.007342143906020558
0 0.5498046875 0.05947136563876652 0.00390625 0.007342143906020558
0 0.56201171875 0.06461086637298091 0.0048828125 0.008810572687224669
0 0.580078125 0.06167400881057268 0.00390625 0.008810572687224669
0 0.56005859375 0.07709251101321586 0.0048828125 0.007342143906020558
0 0.5888671875 0.16005873715124816 0.005859375 0.008810572687224669
0 0.5439453125 0.09911894273127753 0.00390625 0.007342143906020558
0 0.5263671875 0.0829662261380323 0.00390625 0.007342143906020558
0 0.490234375 0.05800293685756241 0.005859375 0.007342143906020558
0 0.5810546875 0.11674008810572686 0.005859375 0.010279001468428781
0 0.54150390625 0.12041116005873714 0.0048828125 0.008810572687224669
0 0.5615234375 0.11820851688693097 0.00390625 0.010279001468428781
0 0.56005859375 0.14684287812041116 0.0048828125 0.011747430249632892
0 0.5810546875 0.1395007342143906 0.005859375 0.008810572687224669
0 0.56005859375 0.09985315712187959 0.0048828125 0.011747430249632892
0 0.64453125 0.223935389133627 0.005859375 0.010279001468428781
0 0.6611328125 0.22907488986784139 0.005859375 0.011747430249632892
0 0.60888671875 0.19236417033773862 0.0048828125 0.008810572687224669
0 0.6337890625 0.19162995594713655 0.005859375 0.010279001468428781
0 0.6572265625 0.18575624082232012 0.005859375 0.010279001468428781
0 0.60791015625 0.16152716593245225 0.0048828125 0.008810572687224669
0 0.6044921875 0.1395007342143906 0.005859375 0.011747430249632892
0 0.62646484375 0.13803230543318648 0.0048828125 0.008810572687224669
0 0.63134765625 0.06020558002936857 0.0048828125 0.008810572687224669
0 0.6513671875 0.060939794419970626 0.00390625 0.007342143906020558
0 0.6044921875 0.11674008810572686 0.005859375 0.010279001468428781
0 0.6455078125 0.1409691629955947 0.005859375 0.008810572687224669
0 0.66796875 0.13362701908957414 0.005859375 0.008810572687224669
0 0.6904296875 0.11160058737151247 0.005859375 0.008810572687224669
0 0.701171875 0.1343612334801762 0.00390625 0.010279001468428781
0 0.72509765625 0.13582966226138032 0.0068359375 0.013215859030837003
0 0.68701171875 0.14390602055800292 0.0048828125 0.008810572687224669
0 0.7060546875 0.1644640234948605 0.005859375 0.011747430249632892
0 0.67431640625 0.1644640234948605 0.0068359375 0.011747430249632892
0 0.68017578125 0.19016152716593243 0.0068359375 0.013215859030837003
0 0.7294921875 0.11086637298091041 0.005859375 0.010279001468428781
0 0.7314453125 0.08443465491923641 0.005859375 0.010279001468428781
0 0.75146484375 0.07195301027900146 0.0048828125 0.011747430249632892
0 0.7568359375 0.09030837004405286 0.0078125 0.010279001468428781
0 0.71435546875 0.19016152716593243 0.0068359375 0.010279001468428781
0 0.73828125 0.184287812041116 0.0078125 0.013215859030837003
0 0.73046875 0.16226138032305432 0.005859375 0.010279001468428781
0 0.7490234375 0.16666666666666666 0.005859375 0.010279001468428781
0 0.78271484375 0.0697503671071953 0.0048828125 0.010279001468428781
0 0.78515625 0.08663729809104258 0.005859375 0.011747430249632892
0 0.76806640625 0.1328928046989721 0.0048828125 0.007342143906020558
0 0.77099609375 0.15785609397944197 0.0068359375 0.010279001468428781
0 0.76416015625 0.19016152716593243 0.0068359375 0.010279001468428781
0 0.7529296875 0.2209985315712188 0.005859375 0.013215859030837003
0 0.73095703125 0.2187958883994126 0.0068359375 0.011747430249632892
0 0.7744140625 0.2209985315712188 0.0078125 0.013215859030837003
0 0.78466796875 0.18575624082232012 0.0068359375 0.013215859030837003
0 0.79296875 0.15785609397944197 0.0078125 0.013215859030837003
0 0.78857421875 0.13069016152716592 0.0068359375 0.011747430249632892
0 0.78955078125 0.1093979441997063 0.0068359375 0.013215859030837003
0 0.8125 0.1277533039647577 0.005859375 0.011747430249632892
0 0.82763671875 0.11086637298091041 0.0068359375 0.010279001468428781
0 0.81201171875 0.15712187958883994 0.0048828125 0.011747430249632892
0 0.8046875 0.184287812041116 0.005859375 0.013215859030837003
0 0.81884765625 0.2121879588839941 0.0068359375 0.010279001468428781
0 0.79736328125 0.2224669603524229 0.0068359375 0.013215859030837003
0 0.8251953125 0.2665198237885462 0.0078125 0.016152716593245228
0 0.83837890625 0.28267254038179146 0.0087890625 0.016152716593245228
0 0.83837890625 0.26138032305433184 0.0087890625 0.017621145374449337
0 0.8525390625 0.2687224669603524 0.0078125 0.014684287812041116
0 0.845703125 0.21512481644640233 0.005859375 0.010279001468428781
0 0.84033203125 0.18135095447870778 0.0068359375 0.010279001468428781
0 0.8349609375 0.15198237885462554 0.005859375 0.010279001468428781
0 0.8310546875 0.1328928046989721 0.005859375 0.010279001468428781
0 0.85400390625 0.12701908957415564 0.0068359375 0.010279001468428781
0 0.85986328125 0.15198237885462554 0.0068359375 0.013215859030837003
0 0.880859375 0.15712187958883994 0.0078125 0.011747430249632892
0 0.86865234375 0.1872246696035242 0.0068359375 0.013215859030837003
0 0.8701171875 0.2121879588839941 0.005859375 0.016152716593245228
0 0.89599609375 0.1908957415565345 0.0068359375 0.011747430249632892
0 0.9111328125 0.17694566813509544 0.0078125 0.013215859030837003
0 0.91650390625 0.21365638766519823 0.0068359375 0.010279001468428781
0 0.9404296875 0.2209985315712188 0.0078125 0.013215859030837003
0 0.86279296875 0.2599118942731277 0.0068359375 0.011747430249632892
0 0.88720703125 0.2533039647577092 0.0087890625 0.013215859030837003
0 0.91796875 0.2533039647577092 0.0078125 0.013215859030837003
0 0.9404296875 0.2665198237885462 0.0078125 0.013215859030837003
0 0.9462890625 0.2533039647577092 0.0078125 0.013215859030837003
0 0.93359375 0.2790014684287812 0.0078125 0.014684287812041116
0 0.9267578125 0.2936857562408223 0.0078125 0.014684287812041116
0 0.90185546875 0.27459618208516884 0.0068359375 0.011747430249632892
0 0.8955078125 0.27606461086637296 0.01171875 0.014684287812041116
0 0.8828125 0.2738619676945668 0.005859375 0.013215859030837003
0 0.86669921875 0.2775330396475771 0.0087890625 0.014684287812041116
0 0.84423828125 0.31938325991189426 0.0087890625 0.01908957415565345
0 0.89599609375 0.3076358296622614 0.0126953125 0.016152716593245228
0 0.95166015625 0.31938325991189426 0.0107421875 0.01908957415565345
0 0.96728515625 0.29295154185022027 0.0087890625 0.01908957415565345
0 0.689453125 0.3744493392070484 0.0078125 0.020558002936857563
0 0.65576171875 0.3465491923641703 0.0087890625 0.017621145374449337
0 0.83203125 0.3641703377386197 0.009765625 0.023494860499265784
0 0.8701171875 0.35242290748898675 0.009765625 0.023494860499265784
0 0.16455078125 0.0066079295154185015 0.0068359375 0.007342143906020558
0 0.14111328125 0.005873715124816446 0.0068359375 0.008810572687224669
0 0.974609375 0.25917767988252566 0.009765625 0.016152716593245228
0 0.99267578125 0.3120411160058737 0.0107421875 0.016152716593245228
0 0.99658203125 0.27973568281938327 0.0068359375 0.016152716593245228
0 0.982421875 0.2459618208516887 0.009765625 0.013215859030837003
0 0.16357421875 0.15198237885462554 0.0068359375 0.013215859030837003
0 0.18115234375 0.11600587371512482 0.0087890625 0.014684287812041116
0 0.158203125 0.08810572687224669 0.0078125 0.011747430249632892
0 0.48583984375 0.16886930983847281 0.0068359375 0.011747430249632892
0 0.6318359375 0.1659324522760646 0.005859375 0.011747430249632892
0 0.61474609375 0.05873715124816446 0.0048828125 0.008810572687224669
0 0.68505859375 0.21953010279001467 0.0068359375 0.013215859030837003
0 0.70556640625 0.2224669603524229 0.0068359375 0.010279001468428781
0 0.8916015625 0.21512481644640233 0.005859375 0.010279001468428781
0 0.76806640625 0.09765051395007342 0.0048828125 0.007342143906020558
0 0.76806640625 0.11453744493392069 0.0048828125 0.008810572687224669
0 0.501953125 0.8656387665198237 0.03125 0.08370044052863436
0 0.93310546875 0.7753303964757708 0.0205078125 0.06754772393538913
