0 0.01220703125 0.408203125 0.0185546875 0.02734375
0 0.015625 0.4348958333333333 0.021484375 0.033854166666666664
0 0.0341796875 0.4114583333333333 0.025390625 0.041666666666666664
0 0.078125 0.42252604166666663 0.029296875 0.04036458333333333
0 0.1259765625 0.4375 0.021484375 0.03645833333333333
0 0.15380859375 0.4375 0.0224609375 0.03645833333333333
0 0.18994140625 0.42057291666666663 0.0244140625 0.03645833333333333
0 0.1591796875 0.3880208333333333 0.01953125 0.03125
0 0.2255859375 0.404296875 0.017578125 0.03255208333333333
0 0.2490234375 0.3984375 0.025390625 0.03645833333333333
0 0.25244140625 0.4329427083333333 0.0205078125 0.04036458333333333
0 0.29150390625 0.40104166666666663 0.0322265625 0.046875
0 0.31884765625 0.40885416666666663 0.0244140625 0.04427083333333333
0 0.3798828125 0.3196614583333333 0.017578125 0.02734375
0 0.36572265625 0.423828125 0.0205078125 0.037760416666666664
0 0.38525390625 0.419921875 0.0224609375 0.037760416666666664
0 0.40625 0.41861979166666663 0.021484375 0.03255208333333333
0 0.38330078125 0.37369791666666663 0.0166015625 0.041666666666666664
0 0.46728515625 0.408203125 0.0302734375 0.05598958333333333
0 0.50048828125 0.376953125 0.0126953125 0.02734375
0 0.51708984375 0.4016927083333333 0.0224609375 0.04036458333333333
0 0.552734375 0.40104166666666663 0.033203125 0.049479166666666664
0 0.59375 0.39127604166666663 0.025390625 0.037760416666666664
0 0.38134765625 0.48111979166666663 0.0224609375 0.04296875
0 0.431640625 0.4817708333333333 0.0234375 0.0390625
0 0.4501953125 0.40690104166666663 0.0234375 0.045572916666666664
0 0.623046875 0.4095052083333333 0.021484375 0.03255208333333333
0 0.6474609375 0.41080729166666663 0.033203125 0.05598958333333333
0 0.6875 0.37760416666666663 0.01953125 0.033854166666666664
0 0.705078125 0.3984375 0.021484375 0.03645833333333333
0 0.71875 0.45963541666666663 0.021484375 0.03645833333333333
0 0.77001953125 0.38932291666666663 0.0224609375 0.03645833333333333
0 0.77099609375 0.4153645833333333 0.0224609375 0.0390625
0 0.7861328125 0.419921875 0.025390625 0.04296875
0 0.82177734375 0.44205729166666663 0.0107421875 0.029947916666666664
0 0.861328125 0.33658854166666663 0.0234375 0.03515625
0 0.849609375 0.388671875 0.025390625 0.04036458333333333
0 0.873046875 0.37109375 0.0234375 0.041666666666666664
0 0.91064453125 0.3606770833333333 0.0244140625 0.04427083333333333
0 0.91845703125 0.38541666666666663 0.0244140625 0.033854166666666664
0 0.94482421875 0.365234375 0.0263671875 0.053385416666666664
0 0.947265625 0.4856770833333333 0.02734375 0.049479166666666664
0 0.99169921875 0.39518229166666663 0.0166015625 0.045572916666666664
0 0.99658203125 0.3977864583333333 0.0068359375 0.04036458333333333
0 0.9853515625 0.3606770833333333 0.01953125 0.033854166666666664
0 0.25927734375 0.6028645833333333 0.0205078125 0.028645833333333332
0 0.34375 0.6197916666666666 0.015625 0.033854166666666664
0 0.8671875 0.6966145833333333 0.025390625 0.05208333333333333
0 0.884765625 0.7532552083333333 0.025390625 0.05078125
0 0.884765625 0.79296875 0.015625 0.049479166666666664
0 0.9931640625 0.7311197916666666 0.013671875 0.05078125
0 0.9306640625 0.8951822916666666 0.044921875 0.07682291666666666
0 0.8251953125 0.859375 0.021484375 0.0546875
