0 0.98095703125 0.41411451398135823 0.0146484375 0.02396804260985353
0 0.96533203125 0.41544607190412786 0.0107421875 0.015978695073235686
0 0.95703125 0.41411451398135823 0.009765625 0.018641810918774968
0 0.353515625 0.4434087882822903 0.03125 0.06924101198402131
0 0.47119140625 0.44141145139813587 0.0263671875 0.06258322237017311
0 0.62548828125 0.3608521970705726 0.0263671875 0.04793608521970706
0 0.6689453125 0.44806924101198403 0.03125 0.05992010652463382
0 0.83447265625 0.47736351531291615 0.0244140625 0.049267643142476704
0 0.75732421875 0.42809587217043943 0.0283203125 0.05992010652463382
0 0.9228515625 0.41278295605858856 0.01171875 0.018641810918774968
0 0.50146484375 0.37283621837549935 0.0302734375 0.061251664447403466
0 0.54150390625 0.3834886817576565 0.0263671875 0.04793608521970706
0 0.576171875 0.4494007989347537 0.029296875 0.057256990679094545
0 0.8984375 0.4627163781624501 0.02734375 0.049267643142476704
