0 0.31396484375 0.64609375 0.0185546875 0.035937500000000004
0 0.23095703125 0.60703125 0.0185546875 0.035937500000000004
0 0.0693359375 0.5203125000000001 0.017578125 0.034375
0 0.1787109375 0.56484375 0.015625 0.035937500000000004
0 0.0947265625 0.5265625 0.0078125 0.018750000000000003
0 0.572265625 0.6039062500000001 0.01953125 0.035937500000000004
0 0.63037109375 0.5828125000000001 0.0146484375 0.034375
0 0.52978515625 0.5890625 0.0185546875 0.03125
0 0.5048828125 0.5703125 0.013671875 0.034375
0 0.45849609375 0.571875 0.0146484375 0.028125
0 0.76025390625 0.58359375 0.0205078125 0.035937500000000004
0 0.86962890625 0.58125 0.0166015625 0.034375
0 0.857421875 0.53828125 0.013671875 0.029687500000000002
0 0.6796875 0.55625 0.015625 0.03125
0 0.73193359375 0.5398437500000001 0.0126953125 0.026562500000000003
0 0.91748046875 0.5171875 0.0146484375 0.025
0 0.85888671875 0.39609375 0.0087890625 0.0171875
0 0.86767578125 0.49843750000000003 0.0107421875 0.025
0 0.82568359375 0.503125 0.0107421875 0.021875000000000002
0 0.7626953125 0.49140625000000004 0.01171875 0.026562500000000003
0 0.68017578125 0.47734375 0.0087890625 0.0234375
0 0.6083984375 0.478125 0.01171875 0.021875000000000002
0 0.6376953125 0.465625 0.0078125 0.018750000000000003
0 0.71484375 0.46953125 0.009765625 0.0171875
0 0.49267578125 0.546875 0.0126953125 0.028125
0 0.501953125 0.43828125 0.0078125 0.0171875
0 0.46533203125 0.4890625 0.0107421875 0.025
0 0.4814453125 0.46406250000000004 0.009765625 0.018750000000000003
0 0.53369140625 0.43281250000000004 0.0087890625 0.015625
0 0.384765625 0.5921875 0.013671875 0.028125
0 0.275390625 0.57734375 0.013671875 0.035937500000000004
0 0.26806640625 0.51796875 0.0166015625 0.0328125
0 0.14306640625 0.571875 0.0107421875 0.025
0 0.04833984375 0.48203125 0.0107421875 0.0234375
0 0.11474609375 0.5171875 0.0087890625 0.018750000000000003
0 0.98974609375 0.534375 0.0107421875 0.025
0 0.60498046875 0.52734375 0.0185546875 0.035937500000000004
