0 0.205078125 0.4728340675477239 0.013671875 0.0381791483113069
0 0.2578125 0.46549192364170333 0.015625 0.035242290748898675
0 0.31298828125 0.47723935389133626 0.0166015625 0.035242290748898675
0 0.38818359375 0.487518355359765 0.0126953125 0.032305433186490456
0 0.44140625 0.4941262848751835 0.013671875 0.03671071953010279
0 0.52734375 0.48017621145374445 0.01953125 0.0381791483113069
0 0.658203125 0.46035242290748896 0.015625 0.03964757709251101
0 0.64453125 0.6145374449339207 0.015625 0.02202643171806167
0 0.71142578125 0.4684287812041116 0.0146484375 0.041116005873715125
0 0.76416015625 0.46916299559471364 0.0185546875 0.03964757709251101
0 0.80517578125 0.4713656387665198 0.0166015625 0.04405286343612334
0 0.86279296875 0.4544787077826725 0.0185546875 0.03964757709251101
