0 0.943359375 0.37621696801112653 0.02734375 0.048678720445062586
0 0.62939453125 0.33936022253129344 0.0263671875 0.05006954102920723
0 0.75146484375 0.24200278164116829 0.0263671875 0.05006954102920723
0 0.84619140625 0.5104311543810848 0.0263671875 0.05006954102920723
0 0.8154296875 0.03894297635605007 0.013671875 0.03894297635605007
0 0.57373046875 0.11196105702364395 0.0146484375 0.043115438108484005
0 0.66796875 0.5952712100139081 0.02734375 0.05285118219749652
0 0.44970703125 0.4554937413073713 0.0263671875 0.048678720445062586
0 0.361328125 0.5938803894297635 0.02734375 0.0584144645340751
0 0.484375 0.22809457579972184 0.0234375 0.041724617524339355
0 0.31787109375 0.15785813630041723 0.0224609375 0.048678720445062586
0 0.27099609375 0.34909596662030595 0.0185546875 0.041724617524339355
0 0.14013671875 0.26912378303198886 0.0185546875 0.04033379694019471
0 0.1259765625 0.08970792767732962 0.021484375 0.043115438108484005
0 0.14501953125 0.5132127955493742 0.0205078125 0.05006954102920723
