0 0.24267578125 0.2501626545217957 0.0205078125 0.016265452179570594
0 0.28125 0.24333116460637608 0.01953125 0.014313597918022123
0 0.31005859375 0.24528301886792456 0.0205078125 0.011711125569290827
0 0.3447265625 0.2602472348731295 0.009765625 0.009108653220559532
0 0.39404296875 0.24593363695510737 0.0166015625 0.01040988939492518
0 0.3623046875 0.22576447625243984 0.015625 0.014313597918022123
0 0.40771484375 0.21470396877033182 0.0166015625 0.016916070266753416
0 0.38818359375 0.20461938841899807 0.0146484375 0.012361743656473651
0 0.443359375 0.19843851659076123 0.015625 0.014313597918022123
0 0.4755859375 0.25309043591411845 0.015625 0.014313597918022123
0 0.5224609375 0.24788549121665585 0.017578125 0.013012361743656475
0 0.5712890625 0.2908262849707222 0.01953125 0.015614834092387769
0 0.58154296875 0.20624593363695512 0.0146484375 0.011711125569290827
0 0.6171875 0.2192582953806116 0.015625 0.014313597918022123
0 0.5986328125 0.23096942094990242 0.017578125 0.015614834092387769
0 0.64208984375 0.23454782042940794 0.0185546875 0.014964216005204947
0 0.67529296875 0.2303188028627196 0.0166015625 0.014313597918022123
0 0.6953125 0.214053350683149 0.017578125 0.011711125569290827
0 0.7119140625 0.214053350683149 0.01953125 0.014313597918022123
0 0.64404296875 0.28594664931685104 0.0166015625 0.014964216005204947
0 0.63525390625 0.32010409889394925 0.0166015625 0.011711125569290827
0 0.70263671875 0.2882238126219909 0.0146484375 0.015614834092387769
0 0.7568359375 0.24886141834743009 0.01171875 0.011060507482108003
0 0.80322265625 0.20169160702667535 0.0107421875 0.011711125569290827
0 0.81396484375 0.21047495120364348 0.0146484375 0.012361743656473651
0 0.8564453125 0.20787247885491217 0.017578125 0.014964216005204947
0 0.89013671875 0.2247885491216656 0.0146484375 0.012361743656473651
0 0.84521484375 0.22966818477553677 0.0166015625 0.013012361743656475
0 0.80810546875 0.2501626545217957 0.0146484375 0.009759271307742356
0 0.90478515625 0.23682498373454783 0.0146484375 0.013012361743656475
0 0.931640625 0.2325959661678595 0.015625 0.012361743656473651
0 0.95703125 0.23682498373454783 0.013671875 0.013012361743656475
0 0.81201171875 0.27130774235523747 0.0166015625 0.013012361743656475
0 0.78076171875 0.27553675992192583 0.0166015625 0.013662979830839299
0 0.755859375 0.26968119713728045 0.015625 0.012361743656473651
0 0.7490234375 0.2908262849707222 0.015625 0.014313597918022123
0 0.80712890625 0.2924528301886793 0.0166015625 0.016265452179570594
0 0.75244140625 0.3344176968119714 0.0185546875 0.013012361743656475
0 0.79443359375 0.32238126219908914 0.0185546875 0.016265452179570594
0 0.85302734375 0.2957059206245934 0.0146484375 0.012361743656473651
0 0.904296875 0.3152244632400781 0.01171875 0.016265452179570594
0 0.87646484375 0.3347430058555628 0.0146484375 0.013662979830839299
0 0.83984375 0.3448275862068966 0.021484375 0.013012361743656475
0 0.87939453125 0.3571893298633702 0.0146484375 0.014313597918022123
0 0.8994140625 0.3620689655172414 0.01171875 0.012361743656473651
0 0.81689453125 0.3646714378659727 0.0146484375 0.012361743656473651
0 0.8486328125 0.38288874430709174 0.015625 0.016265452179570594
0 0.87158203125 0.3880936890045544 0.0146484375 0.012361743656473651
0 0.88037109375 0.41184124918672743 0.0185546875 0.016916070266753416
0 0.85107421875 0.41054001301236176 0.0185546875 0.014313597918022123
0 0.751953125 0.3702016916070267 0.015625 0.013012361743656475
0 0.76025390625 0.39525048796356543 0.0146484375 0.012361743656473651
0 0.77392578125 0.40663630448926485 0.0166015625 0.014313597918022123
0 0.7998046875 0.4167208848405986 0.017578125 0.016265452179570594
0 0.80126953125 0.44534808067664283 0.0205078125 0.014964216005204947
0 0.75537109375 0.3578399479505531 0.0185546875 0.011711125569290827
0 0.79931640625 0.3513337670787248 0.0126953125 0.011711125569290827
0 0.83740234375 0.42452830188679247 0.0205078125 0.017566688353936242
0 0.8349609375 0.4489264801561484 0.021484375 0.015614834092387769
0 0.87109375 0.4551073519843852 0.01953125 0.014964216005204947
0 0.896484375 0.4313597918022121 0.015625 0.015614834092387769
0 0.89990234375 0.461288223812622 0.0205078125 0.015614834092387769
0 0.8359375 0.46779440468445027 0.017578125 0.014313597918022123
0 0.775390625 0.45543266102797664 0.01953125 0.016916070266753416
0 0.79345703125 0.47592713077423554 0.0205078125 0.014964216005204947
0 0.78173828125 0.5156148340923878 0.0224609375 0.009759271307742356
0 0.787109375 0.5452179570592063 0.025390625 0.015614834092387769
0 0.7451171875 0.48633702016916075 0.017578125 0.012361743656473651
0 0.73046875 0.39687703318152245 0.017578125 0.011711125569290827
0 0.7275390625 0.40663630448926485 0.015625 0.01040988939492518
0 0.7333984375 0.4222511385816526 0.021484375 0.013012361743656475
0 0.7177734375 0.44372153545868576 0.01953125 0.015614834092387769
0 0.73388671875 0.44567338972023424 0.0126953125 0.013012361743656475
0 0.734375 0.47039687703318156 0.017578125 0.015614834092387769
0 0.705078125 0.48731294729993496 0.01953125 0.015614834092387769
0 0.7255859375 0.5305790500975928 0.021484375 0.013662979830839299
0 0.66064453125 0.48926480156148344 0.0205078125 0.016916070266753416
0 0.20751953125 0.2826935588809369 0.0185546875 0.009759271307742356
0 0.2578125 0.31880286271958364 0.017578125 0.013012361743656475
0 0.30517578125 0.3116460637605726 0.0205078125 0.01040988939492518
0 0.279296875 0.3370201691607027 0.015625 0.015614834092387769
0 0.29443359375 0.34743005855562786 0.0146484375 0.014313597918022123
0 0.40966796875 0.34743005855562786 0.0166015625 0.014313597918022123
0 0.35302734375 0.36076772934287576 0.0166015625 0.013662979830839299
0 0.3642578125 0.36857514638906963 0.015625 0.012361743656473651
0 0.40625 0.3679245283018868 0.017578125 0.014964216005204947
0 0.38818359375 0.3812621990891347 0.0205078125 0.016916070266753416
0 0.396484375 0.39947950553025374 0.021484375 0.013012361743656475
0 0.3984375 0.41574495770982434 0.01953125 0.014313597918022123
0 0.419921875 0.42745608327911516 0.021484375 0.015614834092387769
0 0.4345703125 0.39264801561483414 0.017578125 0.014964216005204947
0 0.4462890625 0.42387768379960966 0.013671875 0.012361743656473651
0 0.44287109375 0.44502277163305143 0.0244140625 0.013012361743656475
0 0.31591796875 0.36402081977878986 0.0146484375 0.016265452179570594
0 0.30810546875 0.3711776187378009 0.0166015625 0.011060507482108003
0 0.330078125 0.3734547820429408 0.01953125 0.016916070266753416
0 0.27294921875 0.36890045543266103 0.0166015625 0.015614834092387769
0 0.2421875 0.37443070917371507 0.017578125 0.013662979830839299
0 0.29443359375 0.39102147039687707 0.0185546875 0.016916070266753416
0 0.36767578125 0.40728692257644766 0.0205078125 0.013012361743656475
0 0.36376953125 0.4176968119713728 0.0185546875 0.015614834092387769
0 0.26123046875 0.4056603773584906 0.0185546875 0.014964216005204947
0 0.22265625 0.4144437215354587 0.0234375 0.014313597918022123
0 0.2470703125 0.41704619388419 0.017578125 0.014313597918022123
0 0.26220703125 0.42550422901756674 0.0185546875 0.014313597918022123
0 0.33154296875 0.4365647364996747 0.0166015625 0.013012361743656475
0 0.3779296875 0.44079375406636306 0.021484375 0.014964216005204947
0 0.39892578125 0.47039687703318156 0.0185546875 0.014313597918022123
0 0.3720703125 0.46779440468445027 0.01953125 0.013012361743656475
0 0.294921875 0.4469746258945999 0.017578125 0.015614834092387769
0 0.287109375 0.43916720884840604 0.01953125 0.011711125569290827
0 0.240234375 0.4440468445022772 0.017578125 0.016265452179570594
0 0.21923828125 0.45413142485361097 0.0166015625 0.016916070266753416
0 0.23828125 0.49219258295380613 0.01953125 0.016265452179570594
0 0.341796875 0.39850357839947953 0.017578125 0.016265452179570594
0 0.3203125 0.40728692257644766 0.015625 0.013012361743656475
0 0.076171875 0.3698763825634353 0.015625 0.014964216005204947
0 0.0634765625 0.41281717631750164 0.017578125 0.014964216005204947
0 0.08251953125 0.41086532205595316 0.0205078125 0.014964216005204947
0 0.1171875 0.3890696161353286 0.017578125 0.013012361743656475
0 0.15625 0.3848405985686402 0.01953125 0.016265452179570594
0 0.14599609375 0.3734547820429408 0.0166015625 0.013012361743656475
0 0.1708984375 0.3724788549121666 0.021484375 0.013662979830839299
0 0.2001953125 0.378334417696812 0.01953125 0.014964216005204947
0 0.21044921875 0.4046844502277164 0.0185546875 0.013012361743656475
0 0.197265625 0.41704619388419 0.017578125 0.015614834092387769
0 0.15966796875 0.41281717631750164 0.0185546875 0.013662979830839299
0 0.171875 0.42843201040988943 0.01953125 0.013662979830839299
0 0.19287109375 0.44534808067664283 0.0205078125 0.017566688353936242
0 0.07177734375 0.4414443721535459 0.0185546875 0.013662979830839299
0 0.05224609375 0.4580351333767079 0.0185546875 0.015614834092387769
0 0.07763671875 0.47299934938191285 0.0224609375 0.014313597918022123
0 0.0849609375 0.4606376057254392 0.01953125 0.015614834092387769
0 0.10791015625 0.4342875731945348 0.0185546875 0.014964216005204947
0 0.13330078125 0.4310344827586207 0.0166015625 0.014964216005204947
0 0.080078125 0.4307091737150293 0.017578125 0.015614834092387769
0 0.1591796875 0.44079375406636306 0.017578125 0.017566688353936242
0 0.142578125 0.450227716330514 0.01953125 0.011711125569290827
0 0.15234375 0.45933636955107354 0.01953125 0.014313597918022123
0 0.08056640625 0.3897202342225114 0.0166015625 0.015614834092387769
0 0.98193359375 0.18542615484710476 0.0166015625 0.011711125569290827
0 0.99365234375 0.1945348080676643 0.0126953125 0.015614834092387769
0 0.9794921875 0.20494469746258948 0.015625 0.014313597918022123
0 0.994140625 0.2273910214703969 0.01171875 0.014964216005204947
0 0.4208984375 0.18477553675992195 0.015625 0.01040988939492518
0 0.2353515625 0.5178919973975277 0.017578125 0.015614834092387769
0 0.27783203125 0.5035783994795056 0.0185546875 0.013012361743656475
0 0.32666015625 0.5022771633051399 0.0205078125 0.016916070266753416
0 0.35107421875 0.5178919973975277 0.0166015625 0.015614834092387769
0 0.38232421875 0.5465191932335719 0.0185546875 0.018217306441119064
0 0.33056640625 0.5374105400130124 0.0185546875 0.014313597918022123
0 0.2763671875 0.5256994144437216 0.01953125 0.015614834092387769
0 0.212890625 0.6070266753415745 0.0234375 0.016916070266753416
0 0.3251953125 0.5663630448926481 0.0234375 0.013662979830839299
0 0.42529296875 0.5676642810670137 0.0224609375 0.012361743656473651
0 0.38037109375 0.5159401431359792 0.0146484375 0.014313597918022123
0 0.5068359375 0.5100845803513337 0.01171875 0.013012361743656475
0 0.40869140625 0.5975927130774236 0.0185546875 0.013662979830839299
0 0.177734375 0.5933636955107352 0.021484375 0.016916070266753416
0 0.435546875 0.6337020169160703 0.021484375 0.018217306441119064
0 0.28857421875 0.6506180871828238 0.0146484375 0.02081977878985036
0 0.96826171875 0.5133376707872479 0.0166015625 0.014313597918022123
0 0.81201171875 0.5670136629798309 0.0244140625 0.012361743656473651
0 0.8818359375 0.5692908262849707 0.013671875 0.01040988939492518
0 0.91552734375 0.5653871177618738 0.0146484375 0.014313597918022123
0 0.931640625 0.5657124268054652 0.013671875 0.012361743656473651
0 0.6708984375 0.5878334417696812 0.021484375 0.014964216005204947
0 0.1279296875 0.5387117761873781 0.013671875 0.015614834092387769
0 0.9853515625 0.8916720884840599 0.025390625 0.025374105400130124
0 0.2255859375 0.36499674690956413 0.0078125 0.007807417046193884
0 0.44775390625 0.34938191281717634 0.0126953125 0.01040988939492518
0 0.77099609375 0.38288874430709174 0.0185546875 0.014964216005204947
0 0.67724609375 0.6659076122316201 0.0263671875 0.020169160702667537
0 0.01220703125 0.39590110605074824 0.0185546875 0.014964216005204947
0 0.02587890625 0.39622641509433965 0.0146484375 0.013012361743656475
0 0.02294921875 0.36890045543266103 0.0146484375 0.014313597918022123
0 0.0078125 0.4661678594664932 0.015625 0.016265452179570594
0 0.025390625 0.4580351333767079 0.01953125 0.016916070266753416
0 0.68994140625 0.7563435263500325 0.0224609375 0.020169160702667537
0 0.52587890625 0.7703318152244633 0.0126953125 0.018217306441119064
0 0.60693359375 0.5289525048796357 0.0185546875 0.014313597918022123
0 0.53515625 0.5123617436564737 0.01171875 0.013662979830839299
0 0.88916015625 0.5914118412491868 0.0185546875 0.015614834092387769
0 0.03466796875 0.5605074821080026 0.0205078125 0.014964216005204947
