0 0.58642578125 0.3950892857142857 0.0146484375 0.02827380952380952
0 0.50927734375 0.44419642857142855 0.0087890625 0.02232142857142857
0 0.40185546875 0.4813988095238095 0.0087890625 0.02232142857142857
0 0.578125 0.6584821428571428 0.013671875 0.025297619047619048
0 0.490234375 0.65625 0.01171875 0.023809523809523808
0 0.5 0.665922619047619 0.009765625 0.019345238095238096
0 0.66357421875 0.7016369047619048 0.0107421875 0.016369047619047616
0 0.65869140625 0.8549107142857142 0.0107421875 0.02827380952380952
0 0.4287109375 0.6584821428571428 0.013671875 0.02232142857142857
0 0.3427734375 0.6532738095238095 0.013671875 0.026785714285714284
0 0.3193359375 0.6882440476190476 0.01171875 0.016369047619047616
0 0.8955078125 0.7165178571428571 0.01171875 0.019345238095238096
0 0.14111328125 0.7254464285714285 0.0126953125 0.02232142857142857
