0 0.7607421875 0.7915350600126342 0.080078125 0.07706885660138976
0 0.58984375 0.8234365129500947 0.087890625 0.07264687302590019
0 0.64697265625 0.7454200884396714 0.0263671875 0.02147820593809223
0 0.70166015625 0.6762476310802273 0.0146484375 0.01326595072646873
0 0.6787109375 0.6914087176247631 0.013671875 0.010739102969046115
0 0.63916015625 0.7037271004421983 0.0146484375 0.01010739102969046
0 0.6025390625 0.6933038534428301 0.015625 0.014529374605180037
0 0.69482421875 0.5615919140871762 0.0458984375 0.03537586860391661
0 0.60595703125 0.5085281111813013 0.0322265625 0.027795325331648767
0 0.51904296875 0.5593809222994314 0.0419921875 0.03853442830069488
0 0.44482421875 0.540113708149084 0.0302734375 0.027795325331648767
0 0.50390625 0.4229311433986102 0.087890625 0.0751737207833228
0 0.421875 0.38439671509791534 0.091796875 0.08528111181301326
0 0.3173828125 0.40903348073278584 0.134765625 0.14087176247631078
0 0.1083984375 0.46715097915350595 0.134765625 0.14087176247631078
0 0.6142578125 0.22141503474415664 0.09765625 0.07138344914718887
0 0.17578125 0.20878079595704357 0.10546875 0.10170562223626026
