0 0.56787109375 0.2818835840418574 0.0986328125 0.09548724656638326
0 0.9150390625 0.6599084368868542 0.01953125 0.020928711576193592
0 0.83642578125 0.6527141922825377 0.0244140625 0.019620667102681493
0 0.9248046875 0.6203400915631132 0.01953125 0.013734466971877045
0 0.845703125 0.6242642249836495 0.015625 0.016350555918901243
0 0.8505859375 0.6010464355788098 0.01953125 0.017004578155657292
0 0.8662109375 0.5637671680837149 0.021484375 0.017004578155657292
0 0.92236328125 0.5797907128842381 0.0166015625 0.016350555918901243
0 0.8642578125 0.5313930673642904 0.017578125 0.015042511445389144
0 0.8212890625 0.5454545454545455 0.015625 0.013080444735120995
0 0.732421875 0.5398953564421191 0.017578125 0.013734466971877045
0 0.97265625 0.5611510791366907 0.01953125 0.015696533682145193
0 0.39208984375 0.6337475474166122 0.0244140625 0.02616088947024199
0 0.34033203125 0.5830608240680184 0.0205078125 0.016350555918901243
0 0.25244140625 0.5500327011118379 0.0166015625 0.013080444735120995
0 0.19189453125 0.5431654676258993 0.0166015625 0.016350555918901243
0 0.17626953125 0.6595814257684762 0.0244140625 0.02158273381294964
0 0.23974609375 0.6363636363636364 0.0224609375 0.014388489208633094
0 0.10693359375 0.6389797253106606 0.0224609375 0.018312622629169394
0 0.06640625 0.5810987573577502 0.01953125 0.016350555918901243
0 0.04541015625 0.5896010464355789 0.0205078125 0.018966644865925444
0 0.08154296875 0.5503597122302158 0.0205078125 0.017658600392413345
0 0.31591796875 0.5477436232831917 0.0126953125 0.017658600392413345
0 0.11181640625 0.5474166121648136 0.0126953125 0.011772400261608895
0 0.1044921875 0.5395683453237411 0.013671875 0.013080444735120995
0 0.1708984375 0.5300850228907783 0.015625 0.013734466971877045
0 0.25048828125 0.5075212557226946 0.0126953125 0.013080444735120995
0 0.2265625 0.5320470896010465 0.015625 0.011118378024852845
0 0.1796875 0.49378678875081755 0.015625 0.010464355788096796
0 0.166015625 0.47809025506867237 0.013671875 0.010464355788096796
0 0.23388671875 0.47809025506867237 0.0126953125 0.010464355788096796
0 0.27880859375 0.48953564421190326 0.0126953125 0.009810333551340747
0 0.2705078125 0.52648790058862 0.017578125 0.013080444735120995
0 0.28515625 0.5085022890778287 0.013671875 0.009810333551340747
0 0.04736328125 0.5111183780248528 0.0185546875 0.012426422498364946
0 0.37451171875 0.5045781556572924 0.0126953125 0.011118378024852845
0 0.3681640625 0.4578155657292348 0.013671875 0.009156311314584697
0 0.3076171875 0.46991497710922175 0.013671875 0.011118378024852845
0 0.8701171875 0.4800523217789405 0.013671875 0.009156311314584697
0 0.74658203125 0.49869195552648793 0.0146484375 0.012426422498364946
0 0.798828125 0.5147155003270112 0.01953125 0.014388489208633094
0 0.1435546875 0.460431654676259 0.01171875 0.011772400261608895
0 0.14404296875 0.45062132112491826 0.0107421875 0.010464355788096796
0 0.03515625 0.45389143230869855 0.015625 0.013080444735120995
0 0.13818359375 0.5775016350555919 0.0185546875 0.017004578155657292
0 0.9326171875 0.7017658600392414 0.0234375 0.02223675604970569
0 0.265625 0.6945716154349248 0.0234375 0.02354480052321779
