0 0.923828125 0.4759671746776084 0.015625 0.0328253223915592
0 0.8779296875 0.4132473622508792 0.015625 0.0246189917936694
0 0.9111328125 0.36283704572098474 0.01171875 0.012895662368112543
0 0.876953125 0.3300117233294255 0.013671875 0.017584994138335287
0 0.89404296875 0.30011723329425555 0.0126953125 0.01875732708089097
0 0.93603515625 0.3130128956623681 0.0107421875 0.0164126611957796
0 0.86474609375 0.2813599062133646 0.0107421875 0.014067995310668229
0 0.7744140625 0.37045720984759667 0.01171875 0.0164126611957796
0 0.728515625 0.4349355216881594 0.013671875 0.023446658851113716
0 0.7548828125 0.4988276670574443 0.015625 0.026963657678780773
0 0.81005859375 0.593200468933177 0.0205078125 0.028135990621336458
0 0.7099609375 0.34525205158264943 0.015625 0.02227432590855803
0 0.744140625 0.28487690504103164 0.009765625 0.011723329425556858
0 0.7783203125 0.2866354044548652 0.009765625 0.010550996483001172
0 0.71484375 0.27667057444314186 0.0078125 0.011723329425556858
0 0.68310546875 0.2708089097303634 0.0126953125 0.014067995310668229
0 0.7470703125 0.24384525205158264 0.009765625 0.011723329425556858
0 0.607421875 0.298358733880422 0.01171875 0.019929660023446656
0 0.556640625 0.3458382180539273 0.015625 0.023446658851113716
0 0.51123046875 0.31242672919109027 0.0126953125 0.017584994138335287
0 0.4560546875 0.33704572098475966 0.015625 0.019929660023446656
0 0.4287109375 0.31242672919109027 0.009765625 0.012895662368112543
0 0.36572265625 0.3516998827667057 0.0185546875 0.023446658851113716
0 0.36962890625 0.28604923798358733 0.0087890625 0.014067995310668229
0 0.33544921875 0.2930832356389214 0.0107421875 0.014067995310668229
0 0.26806640625 0.31770222743259086 0.0107421875 0.011723329425556858
0 0.271484375 0.34232121922626024 0.01171875 0.021101992966002344
0 0.287109375 0.47420867526377486 0.013671875 0.0246189917936694
0 0.30029296875 0.40269636576787804 0.0185546875 0.0246189917936694
0 0.1728515625 0.4085580304806565 0.015625 0.02227432590855803
0 0.115234375 0.44021101992966 0.017578125 0.0246189917936694
0 0.24853515625 0.31828839390386865 0.0087890625 0.012895662368112543
0 0.21142578125 0.2708089097303634 0.0107421875 0.014067995310668229
0 0.0830078125 0.31828839390386865 0.013671875 0.015240328253223915
0 0.0693359375 0.3856975381008206 0.015625 0.01875732708089097
0 0.298828125 0.28604923798358733 0.009765625 0.0164126611957796
