0 0.3603515625 0.5618489583333333 0.021484375 0.045572916666666664
0 0.2607421875 0.5078125 0.01953125 0.0390625
0 0.22216796875 0.5071614583333333 0.0185546875 0.02734375
0 0.05078125 0.53125 0.0078125 0.015625
0 0.037109375 0.46354166666666663 0.009765625 0.018229166666666664
0 0.107421875 0.4609375 0.0078125 0.013020833333333332
0 0.09326171875 0.45182291666666663 0.0087890625 0.015625
0 0.11865234375 0.4453125 0.0087890625 0.018229166666666664
0 0.89453125 0.427734375 0.0078125 0.014322916666666666
0 0.0771484375 0.4583333333333333 0.0078125 0.013020833333333332
0 0.0673828125 0.4407552083333333 0.0078125 0.014322916666666666
0 0.06982421875 0.4173177083333333 0.0068359375 0.01171875
0 0.0537109375 0.416015625 0.0078125 0.01171875
0 0.04833984375 0.4544270833333333 0.0087890625 0.013020833333333332
0 0.138671875 0.46875 0.005859375 0.010416666666666666
0 0.1484375 0.46549479166666663 0.0078125 0.01171875
0 0.1328125 0.33984375 0.0078125 0.010416666666666666
0 0.29931640625 0.46549479166666663 0.0068359375 0.014322916666666666
0 0.3125 0.46875 0.009765625 0.013020833333333332
0 0.271484375 0.37174479166666663 0.0078125 0.009114583333333332
0 0.2587890625 0.33984375 0.005859375 0.0078125
0 0.3681640625 0.4251302083333333 0.009765625 0.014322916666666666
0 0.388671875 0.40885416666666663 0.01171875 0.0234375
0 0.5556640625 0.45963541666666663 0.005859375 0.010416666666666666
0 0.5810546875 0.4231770833333333 0.005859375 0.013020833333333332
0 0.59033203125 0.40234375 0.0048828125 0.010416666666666666
0 0.615234375 0.44791666666666663 0.0078125 0.013020833333333332
0 0.59765625 0.46354166666666663 0.0078125 0.013020833333333332
0 0.6259765625 0.46549479166666663 0.0078125 0.01171875
0 0.55615234375 0.40104166666666663 0.0087890625 0.013020833333333332
0 0.60400390625 0.4114583333333333 0.0087890625 0.013020833333333332
0 0.6611328125 0.4641927083333333 0.0078125 0.014322916666666666
0 0.875 0.41276041666666663 0.0078125 0.010416666666666666
0 0.84130859375 0.40494791666666663 0.0068359375 0.010416666666666666
0 0.658203125 0.4388020833333333 0.0078125 0.015625
0 0.5869140625 0.44140625 0.009765625 0.018229166666666664
0 0.56298828125 0.4270833333333333 0.0087890625 0.015625
0 0.03076171875 0.3821614583333333 0.0146484375 0.022135416666666664
0 0.2861328125 0.49479166666666663 0.0078125 0.013020833333333332
0 0.064453125 0.470703125 0.0078125 0.014322916666666666
0 0.00341796875 0.4212239583333333 0.0068359375 0.016927083333333332
0 0.27978515625 0.3626302083333333 0.0068359375 0.009114583333333332
0 0.83837890625 0.42447916666666663 0.0087890625 0.013020833333333332
0 0.91845703125 0.4407552083333333 0.0087890625 0.014322916666666666
0 0.91455078125 0.4075520833333333 0.0068359375 0.010416666666666666
0 0.91259765625 0.4231770833333333 0.0068359375 0.010416666666666666
0 0.93505859375 0.42252604166666663 0.0087890625 0.01171875
0 0.9921875 0.41080729166666663 0.0078125 0.01171875
