0 0.0517578125 0.6700434153400868 0.025390625 0.03762662807525325
0 0.12451171875 0.6577424023154848 0.0224609375 0.04196816208393632
0 0.1298828125 0.740231548480463 0.029296875 0.04196816208393632
0 0.10888671875 0.8205499276410998 0.0322265625 0.04630969609261939
0 0.1767578125 0.6874095513748191 0.021484375 0.04341534008683068
0 0.24560546875 0.7120115774240231 0.0244140625 0.04341534008683068
0 0.27783203125 0.7626628075253256 0.0244140625 0.04341534008683068
0 0.3349609375 0.801013024602026 0.021484375 0.04196816208393632
0 0.37939453125 0.8162083936324167 0.0263671875 0.05209840810419681
0 0.43798828125 0.8371924746743848 0.0302734375 0.05065123010130246
0 0.0380859375 0.4746743849493487 0.017578125 0.02894356005788712
0 0.0703125 0.5282199710564399 0.017578125 0.026049204052098405
0 0.11669921875 0.5231548480463096 0.0166015625 0.030390738060781474
0 0.1630859375 0.5513748191027495 0.017578125 0.03473227206946454
0 0.19482421875 0.5600578871201157 0.0185546875 0.04052098408104197
0 0.0654296875 0.46092619392185236 0.013671875 0.02460202604920405
0 0.119140625 0.48408104196816204 0.017578125 0.02170767004341534
0 0.1650390625 0.49999999999999994 0.015625 0.027496382054992764
0 0.201171875 0.46526772793053545 0.017578125 0.027496382054992764
0 0.15478515625 0.45151953690303903 0.0185546875 0.026049204052098405
0 0.111328125 0.46020260492040516 0.015625 0.023154848046309694
0 0.01708984375 0.22141823444283645 0.0107421875 0.020260492040520984
0 0.0322265625 0.2134587554269175 0.009765625 0.018813314037626625
0 0.04150390625 0.23516642547033284 0.0087890625 0.015918958031837915
0 0.06396484375 0.2329956584659913 0.0087890625 0.01736613603473227
0 0.02734375 0.33936324167872645 0.01171875 0.02460202604920405
0 0.0361328125 0.3654124457308249 0.013671875 0.02170767004341534
0 0.0361328125 0.3907380607814761 0.013671875 0.02894356005788712
0 0.07275390625 0.39580318379160634 0.0126953125 0.02460202604920405
0 0.1064453125 0.3697539797395079 0.01171875 0.02460202604920405
0 0.123046875 0.36251808972503613 0.01171875 0.018813314037626625
0 0.0849609375 0.33212735166425467 0.009765625 0.018813314037626625
0 0.1669921875 0.3871201157742402 0.01171875 0.02460202604920405
0 0.05419921875 0.2727930535455861 0.0087890625 0.015918958031837915
0 0.07958984375 0.2698986975397974 0.0087890625 0.015918958031837915
0 0.1220703125 0.26772793053545585 0.01171875 0.020260492040520984
0 0.115234375 0.22575976845151952 0.009765625 0.01447178002894356
0 0.1904296875 0.414616497829233 0.013671875 0.018813314037626625
0 0.22265625 0.3806078147612156 0.01171875 0.023154848046309694
0 0.2294921875 0.3451519536903039 0.01171875 0.02170767004341534
0 0.24853515625 0.32344428364688854 0.0087890625 0.018813314037626625
0 0.25927734375 0.28798842257597684 0.0087890625 0.01447178002894356
0 0.21142578125 0.43270622286541244 0.0146484375 0.02894356005788712
0 0.2353515625 0.4529667149059334 0.013671875 0.023154848046309694
0 0.3115234375 0.4377713458755427 0.01171875 0.02460202604920405
0 0.32373046875 0.39869753979739503 0.0146484375 0.027496382054992764
0 0.421875 0.4015918958031838 0.01171875 0.02170767004341534
0 0.2529296875 0.40882778581765555 0.013671875 0.02460202604920405
0 0.29150390625 0.37192474674384945 0.0107421875 0.020260492040520984
0 0.29150390625 0.34298118668596234 0.0107421875 0.020260492040520984
0 0.333984375 0.32272069464544134 0.01171875 0.020260492040520984
0 0.275390625 0.47322720694645437 0.015625 0.026049204052098405
0 0.3466796875 0.4833574529667149 0.015625 0.026049204052098405
0 0.4248046875 0.4544138929088278 0.015625 0.026049204052098405
0 0.43994140625 0.38422575976845147 0.0107421875 0.02170767004341534
0 0.34326171875 0.36251808972503613 0.0107421875 0.015918958031837915
0 0.29443359375 0.6432706222865412 0.0244140625 0.0361794500723589
0 0.31494140625 0.5984081041968161 0.0205078125 0.027496382054992764
0 0.275390625 0.5405209840810419 0.01953125 0.030390738060781474
0 0.39208984375 0.5759768451519537 0.0224609375 0.03183791606367583
0 0.40283203125 0.6251808972503617 0.0205078125 0.03762662807525325
0 0.458984375 0.630246020260492 0.021484375 0.04196816208393632
0 0.47607421875 0.577424023154848 0.0185546875 0.03473227206946454
0 0.52490234375 0.5484804630969609 0.0185546875 0.04052098408104197
0 0.58203125 0.6599131693198262 0.0234375 0.03762662807525325
0 0.6357421875 0.6063675832127351 0.0234375 0.04630969609261939
0 0.57958984375 0.5607814761215629 0.0166015625 0.03328509406657019
0 0.5107421875 0.48408104196816204 0.013671875 0.027496382054992764
0 0.53564453125 0.4587554269175108 0.0126953125 0.026049204052098405
0 0.47314453125 0.48118668596237335 0.0146484375 0.02460202604920405
0 0.66748046875 0.536903039073806 0.0146484375 0.02894356005788712
0 0.60595703125 0.4746743849493487 0.0146484375 0.026049204052098405
0 0.5625 0.4551374819102749 0.009765625 0.02170767004341534
0 0.59130859375 0.5180897250361794 0.0166015625 0.026049204052098405
0 0.50732421875 0.4435600578871201 0.0126953125 0.02170767004341534
0 0.41162109375 0.76410998552822 0.0283203125 0.03762662807525325
0 0.52001953125 0.7286541244573081 0.0244140625 0.04486251808972503
0 0.494140625 0.6331403762662807 0.021484375 0.03907380607814761
0 0.6826171875 0.6461649782923299 0.01953125 0.0361794500723589
0 0.6044921875 0.7872648335745296 0.03125 0.04630969609261939
0 0.68212890625 0.8270622286541244 0.0302734375 0.05643994211287988
0 0.7421875 0.861794500723589 0.033203125 0.05643994211287988
0 0.83154296875 0.8183791606367583 0.0263671875 0.06222865412445731
0 0.8330078125 0.9298118668596237 0.03515625 0.05643994211287988
0 0.81640625 0.7286541244573081 0.0234375 0.04486251808972503
0 0.73291015625 0.6816208393632416 0.0244140625 0.0492040520984081
0 0.8388671875 0.6483357452966715 0.021484375 0.03473227206946454
0 0.48828125 0.9175108538350216 0.0234375 0.0492040520984081
0 0.55615234375 0.9327062228654124 0.0263671875 0.05643994211287988
0 0.65380859375 0.9746743849493487 0.0322265625 0.05065123010130246
0 0.98486328125 0.9442836468885673 0.0302734375 0.06222865412445731
0 0.90673828125 0.7532561505065123 0.0244140625 0.04775687409551375
0 0.93603515625 0.6794500723589001 0.0283203125 0.04775687409551375
0 0.98193359375 0.6468885672937771 0.0263671875 0.04341534008683068
0 0.9345703125 0.6013024602026049 0.017578125 0.030390738060781474
0 0.86083984375 0.622286541244573 0.0185546875 0.03183791606367583
0 0.9609375 0.8646888567293777 0.033203125 0.05933429811866859
0 0.904296875 0.557163531114327 0.01953125 0.03762662807525325
0 0.93310546875 0.5419681620839363 0.0185546875 0.027496382054992764
0 0.7744140625 0.5564399421128798 0.017578125 0.0361794500723589
0 0.77490234375 0.5173661360347322 0.0185546875 0.030390738060781474
0 0.736328125 0.4905933429811867 0.015625 0.026049204052098405
0 0.7001953125 0.4819102749638205 0.013671875 0.023154848046309694
0 0.83544921875 0.5180897250361794 0.0146484375 0.02894356005788712
0 0.88916015625 0.5274963820549927 0.0166015625 0.027496382054992764
0 0.89501953125 0.46743849493487694 0.0146484375 0.02894356005788712
0 0.95263671875 0.5151953690303906 0.0166015625 0.026049204052098405
0 0.99169921875 0.4544138929088278 0.0146484375 0.026049204052098405
0 0.94921875 0.4500723589001447 0.015625 0.026049204052098405
0 0.95263671875 0.42547033285094066 0.0146484375 0.026049204052098405
0 0.87060546875 0.44428364688856725 0.0166015625 0.02894356005788712
0 0.7919921875 0.6266280752532561 0.0234375 0.03762662807525325
0 0.73828125 0.7923299565846599 0.0234375 0.03907380607814761
0 0.7177734375 0.6056439942112879 0.021484375 0.04196816208393632
0 0.7109375 0.5542691751085383 0.01953125 0.03473227206946454
0 0.38134765625 0.5180897250361794 0.0185546875 0.02894356005788712
0 0.32568359375 0.5665701881331403 0.0224609375 0.030390738060781474
0 0.32080078125 0.516642547033285 0.0205078125 0.026049204052098405
0 0.306640625 0.4833574529667149 0.017578125 0.020260492040520984
0 0.474609375 0.39942112879884223 0.009765625 0.01736613603473227
0 0.47412109375 0.3668596237337192 0.0126953125 0.02460202604920405
0 0.49267578125 0.35672937771345875 0.0087890625 0.018813314037626625
0 0.64892578125 0.41244573082489144 0.0126953125 0.023154848046309694
0 0.77392578125 0.44862518089725034 0.0146484375 0.020260492040520984
0 0.71484375 0.5072358900144718 0.013671875 0.02460202604920405
0 0.60595703125 0.366136034732272 0.0087890625 0.020260492040520984
0 0.59423828125 0.39218523878437045 0.0126953125 0.01736613603473227
0 0.5234375 0.4073806078147612 0.01171875 0.02170767004341534
0 0.7626953125 0.418958031837916 0.01171875 0.02460202604920405
0 0.80859375 0.40520984081041966 0.013671875 0.023154848046309694
0 0.8671875 0.38494934876989867 0.01171875 0.023154848046309694
0 0.8193359375 0.3712011577424023 0.013671875 0.02170767004341534
0 0.8193359375 0.3314037626628075 0.009765625 0.01736613603473227
0 0.7275390625 0.36034732272069464 0.01171875 0.020260492040520984
0 0.7275390625 0.3979739507959479 0.01171875 0.023154848046309694
0 0.77197265625 0.37192474674384945 0.0107421875 0.023154848046309694
0 0.73681640625 0.35962373371924744 0.0107421875 0.018813314037626625
0 0.80859375 0.5079594790159189 0.017578125 0.03183791606367583
0 0.7578125 0.4015918958031838 0.01171875 0.02170767004341534
0 0.87451171875 0.3509406657018813 0.0107421875 0.02170767004341534
0 0.58544921875 0.3777134587554269 0.0126953125 0.023154848046309694
0 0.56689453125 0.40520984081041966 0.0146484375 0.023154848046309694
0 0.59130859375 0.35311143270622286 0.0126953125 0.023154848046309694
0 0.48046875 0.30390738060781475 0.0078125 0.01447178002894356
0 0.58056640625 0.3053545586107091 0.0087890625 0.01736613603473227
0 0.54052734375 0.3060781476121563 0.0107421875 0.018813314037626625
0 0.984375 0.3733719247467438 0.013671875 0.020260492040520984
0 0.912109375 0.3871201157742402 0.015625 0.027496382054992764
0 0.943359375 0.38422575976845147 0.013671875 0.02170767004341534
0 0.9150390625 0.30318379160636755 0.009765625 0.018813314037626625
0 0.859375 0.28726483357452964 0.0078125 0.015918958031837915
0 0.96533203125 0.3342981186685962 0.0087890625 0.020260492040520984
0 0.9248046875 0.37626628075253254 0.009765625 0.023154848046309694
0 0.939453125 0.3350217076700434 0.009765625 0.018813314037626625
0 0.79345703125 0.28437047756874095 0.0087890625 0.015918958031837915
0 0.77880859375 0.2720694645441389 0.0087890625 0.01447178002894356
0 0.75390625 0.2756874095513748 0.009765625 0.015918958031837915
0 0.8134765625 0.288712011577424 0.009765625 0.018813314037626625
0 0.830078125 0.5781476121562952 0.013671875 0.018813314037626625
0 0.65966796875 0.6266280752532561 0.0068359375 0.020260492040520984
0 0.61962890625 0.5933429811866859 0.0166015625 0.026049204052098405
0 0.99267578125 0.5636758321273516 0.0107421875 0.02170767004341534
0 0.994140625 0.5224312590448624 0.01171875 0.020260492040520984
0 0.904296875 0.492040520984081 0.013671875 0.023154848046309694
0 0.83740234375 0.48408104196816204 0.0068359375 0.015918958031837915
0 0.66943359375 0.4869753979739508 0.0126953125 0.030390738060781474
0 0.634765625 0.516642547033285 0.015625 0.026049204052098405
0 0.64111328125 0.48046309696092615 0.0107421875 0.01736613603473227
0 0.6865234375 0.5419681620839363 0.013671875 0.02170767004341534
0 0.54833984375 0.5282199710564399 0.0087890625 0.01736613603473227
0 0.87353515625 0.5607814761215629 0.0107421875 0.02170767004341534
0 0.71728515625 0.43704775687409547 0.0146484375 0.026049204052098405
0 0.93212890625 0.4869753979739508 0.0126953125 0.015918958031837915
0 0.85302734375 0.4175108538350217 0.0185546875 0.018813314037626625
0 0.8955078125 0.44790159189580314 0.009765625 0.018813314037626625
0 0.90185546875 0.4348769898697539 0.0126953125 0.018813314037626625
0 0.892578125 0.3777134587554269 0.01171875 0.01447178002894356
0 0.904296875 0.3654124457308249 0.0078125 0.015918958031837915
0 0.916015625 0.3610709117221418 0.0078125 0.013024602026049202
0 0.8955078125 0.34876989869753977 0.005859375 0.011577424023154847
0 0.9033203125 0.34298118668596234 0.005859375 0.008683068017366135
0 0.85107421875 0.3574529667149059 0.0087890625 0.01736613603473227
0 0.8388671875 0.3509406657018813 0.0078125 0.018813314037626625
0 0.83349609375 0.37988422575976843 0.0107421875 0.018813314037626625
0 0.787109375 0.36324167872648333 0.0078125 0.020260492040520984
0 0.7509765625 0.34949348769898697 0.0078125 0.015918958031837915
0 0.69580078125 0.3379160636758321 0.0068359375 0.010130246020260492
0 0.69140625 0.33646888567293776 0.0078125 0.015918958031837915
0 0.68017578125 0.32706222865412443 0.0068359375 0.011577424023154847
0 0.6650390625 0.3748191027496382 0.009765625 0.01447178002894356
0 0.68896484375 0.4182344428364689 0.0107421875 0.01736613603473227
0 0.69775390625 0.3871201157742402 0.0087890625 0.010130246020260492
0 0.67626953125 0.37626628075253254 0.0068359375 0.011577424023154847
0 0.66552734375 0.42185238784370477 0.0087890625 0.013024602026049202
0 0.6376953125 0.36903039073806077 0.0078125 0.011577424023154847
0 0.63525390625 0.38494934876989867 0.0068359375 0.01447178002894356
0 0.61083984375 0.4008683068017366 0.0087890625 0.01736613603473227
0 0.62548828125 0.42185238784370477 0.0087890625 0.013024602026049202
0 0.5302734375 0.4341534008683068 0.009765625 0.011577424023154847
0 0.52001953125 0.3654124457308249 0.0107421875 0.015918958031837915
0 0.552734375 0.34876989869753977 0.009765625 0.01447178002894356
0 0.5595703125 0.35383502170767 0.005859375 0.010130246020260492
0 0.56787109375 0.3610709117221418 0.0068359375 0.018813314037626625
0 0.56591796875 0.34298118668596234 0.0068359375 0.008683068017366135
0 0.55908203125 0.31910274963820545 0.0068359375 0.013024602026049202
0 0.6611328125 0.3342981186685962 0.0078125 0.01447178002894356
0 0.66162109375 0.3509406657018813 0.0068359375 0.00723589001447178
0 0.673828125 0.3574529667149059 0.005859375 0.01447178002894356
0 0.70751953125 0.32416787264833574 0.0087890625 0.01447178002894356
0 0.71533203125 0.3473227206946454 0.0048828125 0.008683068017366135
0 0.724609375 0.3422575976845152 0.0078125 0.010130246020260492
0 0.6484375 0.3473227206946454 0.005859375 0.011577424023154847
0 0.64990234375 0.3285094066570188 0.0087890625 0.011577424023154847
0 0.61669921875 0.36251808972503613 0.0068359375 0.015918958031837915
0 0.59130859375 0.3285094066570188 0.0087890625 0.011577424023154847
0 0.61328125 0.42836468885672935 0.01171875 0.023154848046309694
0 0.95556640625 0.2619392185238784 0.0068359375 0.011577424023154847
0 0.9814453125 0.2720694645441389 0.005859375 0.008683068017366135
0 0.9892578125 0.2981186685962373 0.01171875 0.01447178002894356
0 0.9853515625 0.30390738060781475 0.0078125 0.011577424023154847
0 0.98583984375 0.32272069464544134 0.0107421875 0.01447178002894356
0 0.98876953125 0.34370477568740954 0.0068359375 0.010130246020260492
0 0.97607421875 0.3979739507959479 0.0087890625 0.01447178002894356
0 0.96826171875 0.4030390738060781 0.0087890625 0.013024602026049202
0 0.93359375 0.38422575976845147 0.0078125 0.013024602026049202
0 0.947265625 0.35600578871201155 0.005859375 0.01447178002894356
0 0.958984375 0.32633863965267723 0.009765625 0.015918958031837915
0 0.94287109375 0.3133140376266281 0.0068359375 0.010130246020260492
0 0.93212890625 0.3219971056439942 0.0087890625 0.013024602026049202
0 0.92822265625 0.29160636758321273 0.0068359375 0.010130246020260492
0 0.91796875 0.28726483357452964 0.005859375 0.00723589001447178
0 0.9384765625 0.2814761215629522 0.005859375 0.010130246020260492
0 0.99072265625 0.2720694645441389 0.0068359375 0.01447178002894356
0 0.9677734375 0.29667149059334297 0.005859375 0.008683068017366135
0 0.99267578125 0.1903039073806078 0.0087890625 0.013024602026049202
0 0.9599609375 0.21780028943560056 0.005859375 0.010130246020260492
0 0.92822265625 0.21780028943560056 0.0048828125 0.00723589001447178
0 0.94384765625 0.2199710564399421 0.0048828125 0.008683068017366135
0 0.95263671875 0.22865412445730823 0.0048828125 0.008683068017366135
0 0.98974609375 0.2199710564399421 0.0048828125 0.008683068017366135
0 0.93408203125 0.256150506512301 0.0048828125 0.011577424023154847
0 0.9248046875 0.2648335745296671 0.005859375 0.008683068017366135
0 0.90625 0.2626628075253256 0.005859375 0.010130246020260492
0 0.91552734375 0.24023154848046308 0.0048828125 0.008683068017366135
0 0.896484375 0.2264833574529667 0.005859375 0.010130246020260492
0 0.9033203125 0.21780028943560056 0.0078125 0.010130246020260492
0 0.86474609375 0.2293777134587554 0.0048828125 0.00723589001447178
0 0.87353515625 0.2973950795947901 0.0048828125 0.010130246020260492
0 0.8955078125 0.29594790159189577 0.005859375 0.010130246020260492
0 0.90673828125 0.288712011577424 0.0048828125 0.00723589001447178
0 0.90234375 0.28002894356005786 0.00390625 0.00723589001447178
0 0.8818359375 0.2756874095513748 0.005859375 0.00723589001447178
0 0.89111328125 0.26772793053545585 0.0048828125 0.008683068017366135
0 0.88134765625 0.26049204052098407 0.0048828125 0.008683068017366135
0 0.91552734375 0.2655571635311143 0.0048828125 0.010130246020260492
0 0.85009765625 0.2850940665701881 0.0087890625 0.01736613603473227
0 0.83056640625 0.276410998552822 0.0048828125 0.01447178002894356
0 0.833984375 0.276410998552822 0.005859375 0.011577424023154847
0 0.841796875 0.21635311143270622 0.005859375 0.010130246020260492
0 0.8701171875 0.22214182344428363 0.005859375 0.010130246020260492
0 0.8251953125 0.2199710564399421 0.005859375 0.008683068017366135
0 0.7802734375 0.22214182344428363 0.005859375 0.015918958031837915
0 0.765625 0.2199710564399421 0.00390625 0.011577424023154847
0 0.7744140625 0.22431259044862517 0.005859375 0.011577424023154847
0 0.791015625 0.2199710564399421 0.005859375 0.011577424023154847
0 0.75146484375 0.21128798842257596 0.0048828125 0.008683068017366135
0 0.763671875 0.27134587554269174 0.005859375 0.010130246020260492
0 0.75341796875 0.3125904486251809 0.0068359375 0.01447178002894356
0 0.7333984375 0.33574529667149056 0.005859375 0.008683068017366135
0 0.625 0.32272069464544134 0.005859375 0.011577424023154847
0 0.62744140625 0.35166425470332846 0.0048828125 0.011577424023154847
0 0.51904296875 0.28798842257597684 0.0048828125 0.011577424023154847
0 0.7109375 0.2648335745296671 0.005859375 0.011577424023154847
0 0.72314453125 0.2691751085383502 0.0048828125 0.008683068017366135
0 0.7314453125 0.2691751085383502 0.005859375 0.011577424023154847
0 0.7197265625 0.21635311143270622 0.005859375 0.010130246020260492
0 0.689453125 0.2098408104196816 0.00390625 0.008683068017366135
0 0.681640625 0.21201157742402313 0.00390625 0.00723589001447178
0 0.6728515625 0.21056439942112878 0.005859375 0.010130246020260492
0 0.65576171875 0.2098408104196816 0.0048828125 0.005788712011577424
0 0.61328125 0.2004341534008683 0.00390625 0.00723589001447178
0 0.5810546875 0.19826338639652677 0.00390625 0.008683068017366135
0 0.822265625 0.20622286541244572 0.005859375 0.010130246020260492
0 0.57568359375 0.24167872648335745 0.0068359375 0.008683068017366135
0 0.59130859375 0.24384949348769897 0.0048828125 0.00723589001447178
0 0.6171875 0.2395079594790159 0.00390625 0.00723589001447178
0 0.6630859375 0.25542691751085383 0.005859375 0.010130246020260492
0 0.67822265625 0.2568740955137482 0.0048828125 0.010130246020260492
0 0.6875 0.25976845151953687 0.005859375 0.010130246020260492
0 0.505859375 0.25976845151953687 0.005859375 0.00723589001447178
0 0.50830078125 0.28292329956584655 0.0068359375 0.010130246020260492
0 0.4970703125 0.3125904486251809 0.005859375 0.008683068017366135
0 0.49609375 0.3408104196816208 0.005859375 0.010130246020260492
0 0.50830078125 0.35890014471780024 0.0068359375 0.011577424023154847
0 0.5205078125 0.3465991316931982 0.005859375 0.00723589001447178
0 0.46337890625 0.3458755426917511 0.0068359375 0.011577424023154847
0 0.44384765625 0.39869753979739503 0.0087890625 0.015918958031837915
0 0.42724609375 0.34370477568740954 0.0068359375 0.013024602026049202
0 0.41552734375 0.35238784370477566 0.0087890625 0.015918958031837915
0 0.45166015625 0.31910274963820545 0.0048828125 0.010130246020260492
0 0.46142578125 0.3140376266280752 0.0048828125 0.008683068017366135
0 0.46240234375 0.3285094066570188 0.0068359375 0.011577424023154847
0 0.47412109375 0.32054992764109985 0.0068359375 0.015918958031837915
0 0.46826171875 0.3256150506512301 0.0068359375 0.020260492040520984
0 0.490234375 0.2850940665701881 0.005859375 0.008683068017366135
0 0.4990234375 0.28726483357452964 0.005859375 0.00723589001447178
0 0.49462890625 0.2988422575976845 0.0068359375 0.010130246020260492
0 0.46044921875 0.288712011577424 0.0068359375 0.010130246020260492
0 0.4443359375 0.2648335745296671 0.005859375 0.011577424023154847
0 0.439453125 0.25542691751085383 0.00390625 0.00723589001447178
0 0.44775390625 0.25397973950795943 0.0048828125 0.00723589001447178
0 0.47119140625 0.2590448625180897 0.0048828125 0.008683068017366135
0 0.4462890625 0.1931982633863965 0.005859375 0.0043415340086830675
0 0.42138671875 0.27062228654124454 0.0048828125 0.008683068017366135
0 0.4169921875 0.2735166425470333 0.00390625 0.008683068017366135
0 0.4208984375 0.3111432706222865 0.005859375 0.011577424023154847
0 0.4130859375 0.32272069464544134 0.005859375 0.008683068017366135
0 0.41943359375 0.2583212735166425 0.0048828125 0.00723589001447178
0 0.42236328125 0.24529667149059334 0.0048828125 0.00723589001447178
0 0.314453125 0.3509406657018813 0.0078125 0.013024602026049202
0 0.31201171875 0.3748191027496382 0.0087890625 0.020260492040520984
0 0.330078125 0.45151953690303903 0.013671875 0.023154848046309694
0 0.38623046875 0.4399421128798842 0.0087890625 0.01447178002894356
0 0.38916015625 0.4746743849493487 0.0126953125 0.020260492040520984
0 0.47021484375 0.4399421128798842 0.0107421875 0.020260492040520984
0 0.49267578125 0.414616497829233 0.0107421875 0.018813314037626625
0 0.439453125 0.44066570188133136 0.01171875 0.02460202604920405
0 0.53125 0.3697539797395079 0.009765625 0.018813314037626625
0 0.37939453125 0.31693198263386396 0.0107421875 0.023154848046309694
0 0.34814453125 0.2945007235890014 0.0087890625 0.018813314037626625
0 0.31494140625 0.28292329956584655 0.0048828125 0.010130246020260492
0 0.30126953125 0.28292329956584655 0.0068359375 0.013024602026049202
0 0.30712890625 0.2619392185238784 0.0048828125 0.008683068017366135
0 0.33203125 0.25542691751085383 0.005859375 0.00723589001447178
0 0.33447265625 0.2698986975397974 0.0068359375 0.013024602026049202
0 0.2919921875 0.24095513748191025 0.005859375 0.010130246020260492
0 0.28173828125 0.30028943560057886 0.0048828125 0.010130246020260492
0 0.291015625 0.3111432706222865 0.005859375 0.011577424023154847
0 0.2626953125 0.32344428364688854 0.0078125 0.015918958031837915
0 0.39501953125 0.4138929088277858 0.0087890625 0.01447178002894356
0 0.39990234375 0.3813314037626628 0.0087890625 0.015918958031837915
0 0.27880859375 0.40520984081041966 0.0087890625 0.023154848046309694
0 0.263671875 0.49782923299565845 0.015625 0.023154848046309694
0 0.25048828125 0.37626628075253254 0.0107421875 0.01447178002894356
0 0.21630859375 0.3299565846599131 0.0087890625 0.01736613603473227
0 0.20947265625 0.30680173661360344 0.0068359375 0.01447178002894356
0 0.166015625 0.3285094066570188 0.01171875 0.01736613603473227
0 0.16357421875 0.30680173661360344 0.0107421875 0.01447178002894356
0 0.111328125 0.3219971056439942 0.0078125 0.013024602026049202
0 0.1357421875 0.31982633863965265 0.0078125 0.011577424023154847
0 0.1416015625 0.26338639652677276 0.0078125 0.01736613603473227
0 0.15185546875 0.2590448625180897 0.0068359375 0.011577424023154847
0 0.17236328125 0.2735166425470333 0.0068359375 0.011577424023154847
0 0.1767578125 0.23516642547033284 0.0078125 0.013024602026049202
0 0.23681640625 0.29015918958031833 0.0048828125 0.010130246020260492
0 0.26904296875 0.2691751085383502 0.0068359375 0.01447178002894356
0 0.2744140625 0.2662807525325615 0.0078125 0.01447178002894356
0 0.33837890625 0.28654124457308244 0.0068359375 0.011577424023154847
0 0.2236328125 0.28075253256150506 0.0078125 0.011577424023154847
0 0.203125 0.2778581765557163 0.005859375 0.011577424023154847
0 0.212890625 0.27062228654124454 0.005859375 0.01447178002894356
0 0.1943359375 0.23589001447178 0.005859375 0.008683068017366135
0 0.2236328125 0.24746743849493485 0.0078125 0.01447178002894356
0 0.24267578125 0.25397973950795943 0.0068359375 0.015918958031837915
0 0.1533203125 0.23806078147612156 0.009765625 0.013024602026049202
0 0.09814453125 0.2626628075253256 0.0068359375 0.013024602026049202
0 0.3447265625 0.32416787264833574 0.005859375 0.008683068017366135
0 0.359375 0.31982633863965265 0.009765625 0.01736613603473227
0 0.35107421875 0.3574529667149059 0.0068359375 0.011577424023154847
0 0.35498046875 0.35600578871201155 0.0068359375 0.01447178002894356
0 0.1259765625 0.2098408104196816 0.005859375 0.011577424023154847
0 0.0830078125 0.23444283646888567 0.005859375 0.01447178002894356
0 0.08251953125 0.321273516642547 0.0087890625 0.01447178002894356
0 0.07373046875 0.288712011577424 0.0087890625 0.013024602026049202
0 0.02587890625 0.2771345875542692 0.0126953125 0.018813314037626625
0 0.150390625 0.3140376266280752 0.005859375 0.011577424023154847
0 0.16650390625 0.3610709117221418 0.0087890625 0.013024602026049202
0 0.13037109375 0.24891461649782923 0.0068359375 0.011577424023154847
0 0.140625 0.23227206946454412 0.005859375 0.010130246020260492
0 0.091796875 0.23371924746743847 0.0078125 0.013024602026049202
0 0.0546875 0.2192474674384949 0.0078125 0.013024602026049202
0 0.248046875 0.23010130246020258 0.005859375 0.008683068017366135
0 0.25732421875 0.2293777134587554 0.0048828125 0.0043415340086830675
0 0.24462890625 0.2395079594790159 0.0087890625 0.010130246020260492
0 0.24951171875 0.2496382054992764 0.0048828125 0.010130246020260492
0 0.25439453125 0.2612156295224312 0.0048828125 0.00723589001447178
0 0.232421875 0.2698986975397974 0.005859375 0.00723589001447178
0 0.23486328125 0.25108538350217074 0.0048828125 0.010130246020260492
0 0.34912109375 0.256150506512301 0.0048828125 0.011577424023154847
0 0.22705078125 0.20188133140376266 0.0048828125 0.00723589001447178
0 0.18994140625 0.18596237337192473 0.0048828125 0.00723589001447178
0 0.15185546875 0.19536903039073805 0.0048828125 0.005788712011577424
0 0.1630859375 0.17655571635311143 0.005859375 0.008683068017366135
0 0.20654296875 0.18451519536903038 0.0048828125 0.00723589001447178
0 0.236328125 0.17945007235890012 0.005859375 0.008683068017366135
0 0.28662109375 0.191027496382055 0.0048828125 0.008683068017366135
0 0.2900390625 0.18017366136034732 0.00390625 0.00723589001447178
0 0.33251953125 0.19536903039073805 0.0048828125 0.011577424023154847
0 0.31591796875 0.18234442836468884 0.0048828125 0.005788712011577424
0 0.30859375 0.24023154848046308 0.00390625 0.008683068017366135
0 0.30078125 0.24095513748191025 0.00390625 0.010130246020260492
0 0.3369140625 0.24240231548480462 0.00390625 0.00723589001447178
0 0.37451171875 0.2496382054992764 0.0048828125 0.010130246020260492
0 0.376953125 0.26772793053545585 0.0078125 0.01447178002894356
0 0.3818359375 0.2778581765557163 0.005859375 0.020260492040520984
0 0.4091796875 0.2778581765557163 0.005859375 0.01447178002894356
0 0.380859375 0.25542691751085383 0.0078125 0.015918958031837915
0 0.37841796875 0.23661360347322719 0.0068359375 0.010130246020260492
0 0.44970703125 0.28654124457308244 0.0048828125 0.01447178002894356
0 0.3037109375 0.25180897250361794 0.005859375 0.008683068017366135
0 0.255859375 0.17438494934876989 0.00390625 0.010130246020260492
0 0.2626953125 0.17221418234442834 0.00390625 0.005788712011577424
0 0.4638671875 0.256150506512301 0.005859375 0.008683068017366135
0 0.48193359375 0.2626628075253256 0.0048828125 0.010130246020260492
0 0.4599609375 0.23733719247467436 0.00390625 0.008683068017366135
0 0.33740234375 0.23661360347322719 0.0029296875 0.00723589001447178
0 0.35107421875 0.23661360347322719 0.0087890625 0.010130246020260492
0 0.33349609375 0.18017366136034732 0.0048828125 0.00723589001447178
0 0.3193359375 0.17510853835021706 0.00390625 0.005788712011577424
0 0.3095703125 0.17293777134587554 0.00390625 0.00723589001447178
0 0.2841796875 0.16931982633863965 0.00390625 0.005788712011577424
0 0.27294921875 0.23516642547033284 0.0048828125 0.00723589001447178
0 0.267578125 0.23444283646888567 0.00390625 0.005788712011577424
0 0.26220703125 0.23733719247467436 0.0048828125 0.005788712011577424
0 0.31494140625 0.25036179450072354 0.0048828125 0.008683068017366135
0 0.21826171875 0.18162083936324167 0.0048828125 0.00723589001447178
0 0.24560546875 0.20477568740955135 0.0048828125 0.00723589001447178
0 0.26513671875 0.19247467438494933 0.0048828125 0.008683068017366135
0 0.1396484375 0.18596237337192473 0.00390625 0.00723589001447178
0 0.1259765625 0.18523878437047755 0.00390625 0.008683068017366135
0 0.11181640625 0.1837916063675832 0.0048828125 0.008683068017366135
0 0.30322265625 0.18523878437047755 0.0048828125 0.008683068017366135
0 0.13916015625 0.16570188133140376 0.0048828125 0.00723589001447178
0 0.11962890625 0.17293777134587554 0.0048828125 0.010130246020260492
0 0.126953125 0.17510853835021706 0.005859375 0.011577424023154847
0 0.13330078125 0.17655571635311143 0.0048828125 0.011577424023154847
0 0.181640625 0.2264833574529667 0.005859375 0.010130246020260492
0 0.185546875 0.2525325615050651 0.00390625 0.00723589001447178
0 0.2021484375 0.25542691751085383 0.00390625 0.00723589001447178
0 0.18359375 0.30028943560057886 0.0078125 0.010130246020260492
0 0.1923828125 0.29088277858176553 0.0078125 0.011577424023154847
0 0.19287109375 0.34949348769898697 0.0107421875 0.02460202604920405
0 0.22412109375 0.22503617945007234 0.0029296875 0.00723589001447178
0 0.20556640625 0.22793053545586106 0.0029296875 0.0043415340086830675
0 0.212890625 0.21201157742402313 0.0078125 0.013024602026049202
0 0.23828125 0.1903039073806078 0.005859375 0.010130246020260492
0 0.2041015625 0.17655571635311143 0.005859375 0.008683068017366135
0 0.43212890625 0.49421128798842257 0.0166015625 0.027496382054992764
0 0.341796875 0.7214182344428364 0.01953125 0.03907380607814761
