0 0.25439453125 0.43368700265251986 0.0283203125 0.05835543766578249
0 0.0087890625 0.35013262599469497 0.01171875 0.01856763925729443
0 0.005859375 0.43633952254641906 0.01171875 0.03183023872679045
0 0.05029296875 0.35013262599469497 0.0107421875 0.01856763925729443
0 0.09716796875 0.34084880636604775 0.0068359375 0.015915119363395226
0 0.14453125 0.41644562334217505 0.01171875 0.023872679045092837
0 0.14990234375 0.33620689655172414 0.0087890625 0.017241379310344827
0 0.20458984375 0.35543766578249336 0.0068359375 0.01326259946949602
0 0.22998046875 0.35344827586206895 0.0068359375 0.014588859416445622
0 0.2451171875 0.3375331564986737 0.00390625 0.00663129973474801
0 0.271484375 0.396551724137931 0.005859375 0.01326259946949602
0 0.306640625 0.4078249336870026 0.009765625 0.01989389920424403
0 0.30419921875 0.34814323607427056 0.0068359375 0.014588859416445622
0 0.326171875 0.3395225464190981 0.0078125 0.015915119363395226
0 0.3525390625 0.3448275862068965 0.005859375 0.01326259946949602
0 0.40380859375 0.3355437665782493 0.0068359375 0.01326259946949602
0 0.42919921875 0.35079575596816975 0.0068359375 0.011936339522546418
0 0.44384765625 0.35079575596816975 0.0048828125 0.011936339522546418
0 0.45654296875 0.35411140583554374 0.0048828125 0.010610079575596816
0 0.48193359375 0.35013262599469497 0.0068359375 0.01326259946949602
0 0.50732421875 0.35344827586206895 0.0048828125 0.009283819628647215
0 0.52099609375 0.3521220159151193 0.0068359375 0.011936339522546418
0 0.53173828125 0.3521220159151193 0.0048828125 0.011936339522546418
0 0.53955078125 0.36140583554376654 0.0068359375 0.011936339522546418
0 0.5517578125 0.3547745358090186 0.005859375 0.011936339522546418
0 0.5263671875 0.4038461538461538 0.0078125 0.01989389920424403
0 0.576171875 0.35344827586206895 0.005859375 0.009283819628647215
0 0.6787109375 0.3395225464190981 0.005859375 0.01326259946949602
0 0.71728515625 0.34880636604774534 0.0068359375 0.010610079575596816
0 0.8193359375 0.33885941644562334 0.005859375 0.009283819628647215
0 0.8349609375 0.34151193633952254 0.0078125 0.014588859416445622
0 0.88818359375 0.35941644562334213 0.0048828125 0.010610079575596816
0 0.87060546875 0.35875331564986734 0.0068359375 0.011936339522546418
