0 0.22021484375 0.3538011695906432 0.0615234375 0.13742690058479531
0 0.37939453125 0.7858187134502923 0.0126953125 0.027777777777777776
0 0.39501953125 0.7755847953216374 0.0087890625 0.013157894736842105
0 0.4013671875 0.7923976608187134 0.01171875 0.02046783625730994
0 0.4169921875 0.7690058479532164 0.009765625 0.017543859649122806
0 0.439453125 0.7726608187134503 0.013671875 0.027777777777777776
0 0.4619140625 0.7697368421052632 0.01171875 0.021929824561403508
0 0.474609375 0.7690058479532164 0.009765625 0.02046783625730994
0 0.4990234375 0.783625730994152 0.013671875 0.029239766081871343
0 0.517578125 0.7595029239766081 0.01171875 0.013157894736842105
0 0.5185546875 0.7821637426900584 0.009765625 0.02046783625730994
0 0.5537109375 0.8019005847953216 0.015625 0.019005847953216373
0 0.58203125 0.7843567251461988 0.009765625 0.019005847953216373
0 0.548828125 0.7660818713450293 0.005859375 0.011695906432748537
0 0.56103515625 0.7587719298245613 0.0068359375 0.011695906432748537
0 0.5693359375 0.7521929824561403 0.009765625 0.01608187134502924
0 0.60498046875 0.8026315789473684 0.0146484375 0.02046783625730994
0 0.6552734375 0.7960526315789473 0.013671875 0.027777777777777776
0 0.61865234375 0.7690058479532164 0.0107421875 0.02046783625730994
0 0.603515625 0.7558479532163742 0.005859375 0.011695906432748537
0 0.66943359375 0.777046783625731 0.0107421875 0.019005847953216373
0 0.70654296875 0.8143274853801169 0.0146484375 0.029239766081871343
0 0.69189453125 0.7646198830409356 0.0068359375 0.011695906432748537
0 0.7021484375 0.7543859649122806 0.005859375 0.011695906432748537
0 0.72705078125 0.8011695906432748 0.0126953125 0.023391812865497075
0 0.7158203125 0.7595029239766081 0.005859375 0.013157894736842105
0 0.75244140625 0.7646198830409356 0.0048828125 0.011695906432748537
0 0.78955078125 0.8055555555555555 0.0087890625 0.017543859649122806
0 0.8076171875 0.8070175438596491 0.015625 0.02631578947368421
0 0.84521484375 0.7997076023391813 0.0126953125 0.029239766081871343
0 0.88525390625 0.8179824561403508 0.0166015625 0.03070175438596491
0 0.90625 0.8092105263157894 0.01171875 0.024853801169590642
0 0.787109375 0.7119883040935672 0.005859375 0.011695906432748537
0 0.830078125 0.739766081871345 0.005859375 0.014619883040935672
0 0.8359375 0.7288011695906432 0.005859375 0.01023391812865497
