0 0.08984375 0.46046852122986826 0.01171875 0.013177159590043924
0 0.017578125 0.45900439238653 0.009765625 0.013177159590043924
0 0.04638671875 0.4084919472913616 0.0087890625 0.014641288433382138
0 0.16259765625 0.39824304538799415 0.0087890625 0.01171303074670571
0 0.171875 0.38213762811127383 0.0078125 0.01171303074670571
0 0.18359375 0.3997071742313324 0.009765625 0.014641288433382138
0 0.0986328125 0.44216691068814057 0.01171875 0.014641288433382138
0 0.0634765625 0.4538799414348463 0.01171875 0.017569546120058566
0 0.07275390625 0.43704245973645683 0.0087890625 0.013177159590043924
0 0.078125 0.45021961932650073 0.005859375 0.007320644216691069
0 0.03466796875 0.4641288433382138 0.0068359375 0.01171303074670571
0 0.02685546875 0.4136163982430454 0.0068359375 0.010248901903367497
0 0.19775390625 0.38213762811127383 0.0068359375 0.008784773060029283
0 0.1748046875 0.47364568081991215 0.013671875 0.016105417276720352
0 0.2021484375 0.47144948755490484 0.01171875 0.020497803806734993
0 0.14453125 0.49194729136163984 0.01171875 0.017569546120058566
0 0.1025390625 0.486090775988287 0.009765625 0.01171303074670571
0 0.0634765625 0.5300146412884335 0.013671875 0.02342606149341142
0 0.16748046875 0.5607613469985359 0.0146484375 0.02635431918008785
0 0.1181640625 0.5585651537335286 0.021484375 0.027818448023426062
0 0.0068359375 0.5256222547584187 0.01171875 0.020497803806734993
0 0.15966796875 0.5102489019033675 0.0107421875 0.013177159590043924
0 0.00244140625 0.4267935578330893 0.0029296875 0.013177159590043924
0 0.0234375 0.47218155197657397 0.0078125 0.010248901903367497
0 0.03369140625 0.6493411420204979 0.0205078125 0.036603221083455345
0 0.0908203125 0.5805270863836017 0.017578125 0.03367496339677892
0 0.2177734375 0.5673499267935579 0.015625 0.024890190336749635
0 0.17431640625 0.6478770131771596 0.0205078125 0.03367496339677892
0 0.224609375 0.671303074670571 0.02734375 0.03953147877013177
0 0.0595703125 0.6683748169838946 0.0234375 0.03953147877013177
0 0.013671875 0.7240117130307467 0.01953125 0.03367496339677892
0 0.08837890625 0.7247437774524158 0.0244140625 0.043923865300146414
0 0.04931640625 0.7503660322108345 0.0283203125 0.036603221083455345
0 0.0380859375 0.8184480234260615 0.029296875 0.0527086383601757
0 0.08349609375 0.8038067349926794 0.0244140625 0.04685212298682284
0 0.119140625 0.8052708638360175 0.029296875 0.04978038067349927
0 0.17724609375 0.7313323572474378 0.0263671875 0.05417276720351391
0 0.16015625 0.8206442166910688 0.02734375 0.05124450951683748
0 0.21044921875 0.7928257686676428 0.0283203125 0.05124450951683748
0 0.240234375 0.7576866764275256 0.03125 0.0629575402635432
0 0.27001953125 0.7979502196193266 0.0302734375 0.04685212298682284
0 0.23486328125 0.8748169838945827 0.0283203125 0.05124450951683748
0 0.30078125 0.8250366032210835 0.029296875 0.048316251830161056
0 0.26904296875 0.6683748169838946 0.0224609375 0.03074670571010249
0 0.2275390625 0.3806734992679356 0.005859375 0.01171303074670571
0 0.25 0.37920937042459735 0.0078125 0.014641288433382138
0 0.21142578125 0.4407027818448024 0.0107421875 0.020497803806734993
0 0.23486328125 0.4348462664714495 0.0126953125 0.014641288433382138
0 0.25 0.4158125915080527 0.005859375 0.008784773060029283
0 0.2734375 0.40775988286969256 0.009765625 0.013177159590043924
0 0.26318359375 0.424597364568082 0.0107421875 0.017569546120058566
0 0.27490234375 0.38653001464128844 0.0107421875 0.008784773060029283
0 0.29296875 0.40483162518301613 0.009765625 0.013177159590043924
0 0.24267578125 0.46193265007320644 0.0107421875 0.010248901903367497
0 0.3173828125 0.3997071742313324 0.009765625 0.01171303074670571
0 0.3310546875 0.40995607613469986 0.009765625 0.017569546120058566
0 0.34521484375 0.4458272327964861 0.0087890625 0.010248901903367497
0 0.34228515625 0.38433382137628114 0.0087890625 0.016105417276720352
0 0.37255859375 0.3879941434846267 0.0068359375 0.014641288433382138
0 0.31201171875 0.41727672035139096 0.0068359375 0.01171303074670571
0 0.24267578125 0.5007320644216691 0.0126953125 0.017569546120058566
0 0.2783203125 0.4751098096632504 0.01171875 0.021961932650073207
0 0.34912109375 0.46925329428989754 0.0107421875 0.01903367496339678
0 0.2958984375 0.48462664714494874 0.0078125 0.01171303074670571
0 0.33642578125 0.5168374816983895 0.0146484375 0.020497803806734993
0 0.21875 0.5263543191800879 0.009765625 0.010248901903367497
0 0.302734375 0.49194729136163984 0.0078125 0.020497803806734993
0 0.31396484375 0.5329428989751098 0.0146484375 0.014641288433382138
0 0.36865234375 0.43265007320644217 0.0068359375 0.013177159590043924
0 0.3720703125 0.5190336749633968 0.015625 0.01903367496339678
0 0.30419921875 0.5607613469985359 0.0146484375 0.020497803806734993
0 0.28759765625 0.6610541727672036 0.0146484375 0.03074670571010249
0 0.32666015625 0.6083455344070279 0.0205078125 0.03367496339677892
0 0.32421875 0.6683748169838946 0.021484375 0.036603221083455345
0 0.3662109375 0.6420204978038068 0.01953125 0.03074670571010249
0 0.3984375 0.6559297218155198 0.0234375 0.043923865300146414
0 0.3408203125 0.7584187408491947 0.02734375 0.043923865300146414
0 0.38671875 0.7276720351390923 0.025390625 0.0527086383601757
0 0.359375 0.8038067349926794 0.02734375 0.04978038067349927
0 0.39453125 0.7920937042459737 0.025390625 0.04978038067349927
0 0.4326171875 0.7723279648609078 0.03125 0.05124450951683748
0 0.431640625 0.8579795021961933 0.03125 0.04978038067349927
0 0.458984375 0.6449487554904831 0.01953125 0.03074670571010249
0 0.4658203125 0.7598828696925329 0.025390625 0.04685212298682284
0 0.48828125 0.7657393850658858 0.021484375 0.04978038067349927
0 0.40576171875 0.34992679355783307 0.0068359375 0.008784773060029283
0 0.43994140625 0.3733528550512445 0.0087890625 0.014641288433382138
0 0.4404296875 0.3535871156661786 0.0078125 0.010248901903367497
0 0.466796875 0.33162518301610544 0.0078125 0.010248901903367497
0 0.474609375 0.3784773060029283 0.01171875 0.01903367496339678
0 0.36279296875 0.37774524158125916 0.0087890625 0.01171303074670571
0 0.38623046875 0.4260614934114202 0.0107421875 0.01171303074670571
0 0.458984375 0.41800878477306 0.009765625 0.013177159590043924
0 0.44873046875 0.4355783308931186 0.0107421875 0.01903367496339678
0 0.4541015625 0.46486090775988287 0.0078125 0.021961932650073207
0 0.42431640625 0.4143484626647145 0.0068359375 0.01171303074670571
0 0.3359375 0.4868228404099561 0.015625 0.021961932650073207
0 0.45947265625 0.4956076134699854 0.0107421875 0.027818448023426062
0 0.591796875 0.5461200585651538 0.01953125 0.03513909224011713
0 0.4892578125 0.5651537335285506 0.013671875 0.02635431918008785
0 0.53173828125 0.5636896046852123 0.0166015625 0.029282576866764276
0 0.494140625 0.48535871156661786 0.0078125 0.016105417276720352
0 0.49609375 0.6259150805270864 0.017578125 0.0424597364568082
0 0.578125 0.6259150805270864 0.01953125 0.03367496339677892
0 0.54638671875 0.6932650073206442 0.0244140625 0.04538799414348463
0 0.5703125 0.7547584187408493 0.021484375 0.048316251830161056
0 0.5947265625 0.7181551976573939 0.029296875 0.05124450951683748
0 0.6142578125 0.7320644216691069 0.017578125 0.043923865300146414
0 0.6416015625 0.7364568081991215 0.02734375 0.043923865300146414
0 0.67138671875 0.7584187408491947 0.0263671875 0.043923865300146414
0 0.66650390625 0.8279648609077599 0.0224609375 0.048316251830161056
0 0.6943359375 0.8316251830161054 0.025390625 0.055636896046852125
0 0.5390625 0.7620790629575402 0.025390625 0.05124450951683748
0 0.521484375 0.7957540263543192 0.02734375 0.04538799414348463
0 0.51123046875 0.8506588579795022 0.0283203125 0.040995607613469986
0 0.6044921875 0.821376281112738 0.01953125 0.0527086383601757
0 0.5859375 0.822108345534407 0.0234375 0.036603221083455345
0 0.57080078125 0.8667642752562226 0.0244140625 0.04685212298682284
0 0.62939453125 0.8440702781844802 0.0283203125 0.0424597364568082
0 0.7490234375 0.7928257686676428 0.025390625 0.05124450951683748
0 0.763671875 0.8330893118594437 0.02734375 0.04978038067349927
0 0.8212890625 0.822108345534407 0.03125 0.05417276720351391
0 0.486328125 0.3484626647144949 0.005859375 0.01171303074670571
0 0.4931640625 0.3623718887262079 0.009765625 0.013177159590043924
0 0.51611328125 0.3418740849194729 0.0068359375 0.010248901903367497
0 0.51708984375 0.35724743777452417 0.0087890625 0.008784773060029283
0 0.55908203125 0.37774524158125916 0.0068359375 0.01171303074670571
0 0.5537109375 0.3535871156661786 0.0078125 0.010248901903367497
0 0.5576171875 0.39824304538799415 0.0078125 0.014641288433382138
0 0.57275390625 0.4019033674963397 0.0087890625 0.016105417276720352
0 0.58056640625 0.4011713030746706 0.0068359375 0.014641288433382138
0 0.59765625 0.40043923865300146 0.009765625 0.01903367496339678
0 0.57958984375 0.35431918008784774 0.0068359375 0.01171303074670571
0 0.5146484375 0.4253294289897511 0.0078125 0.010248901903367497
0 0.5234375 0.45827232796486095 0.01171875 0.020497803806734993
0 0.5654296875 0.4707174231332357 0.01171875 0.01903367496339678
0 0.64794921875 0.3389458272327965 0.0048828125 0.010248901903367497
0 0.68701171875 0.369692532942899 0.0087890625 0.013177159590043924
0 0.701171875 0.3609077598828697 0.009765625 0.010248901903367497
0 0.70068359375 0.3953147877013177 0.0087890625 0.014641288433382138
0 0.65966796875 0.3579795021961933 0.0068359375 0.010248901903367497
0 0.68115234375 0.3374816983894583 0.0087890625 0.013177159590043924
0 0.72119140625 0.3814055636896047 0.0107421875 0.013177159590043924
0 0.6904296875 0.4538799414348463 0.01171875 0.017569546120058566
0 0.71533203125 0.445095168374817 0.0107421875 0.020497803806734993
0 0.64697265625 0.4480234260614934 0.0107421875 0.017569546120058566
0 0.6220703125 0.49267935578330896 0.015625 0.027818448023426062
0 0.638671875 0.4978038067349927 0.013671875 0.02342606149341142
0 0.68310546875 0.4985358711566618 0.0107421875 0.021961932650073207
0 0.6953125 0.4904831625183016 0.013671875 0.020497803806734993
0 0.72802734375 0.46925329428989754 0.0126953125 0.016105417276720352
0 0.65478515625 0.5483162518301611 0.0205078125 0.027818448023426062
0 0.67626953125 0.5402635431918009 0.0107421875 0.020497803806734993
0 0.71728515625 0.5285505124450952 0.0185546875 0.02342606149341142
0 0.73974609375 0.4472913616398243 0.0107421875 0.016105417276720352
0 0.76513671875 0.4677891654465593 0.0146484375 0.024890190336749635
0 0.73046875 0.5636896046852123 0.017578125 0.03513909224011713
0 0.751953125 0.5402635431918009 0.013671875 0.029282576866764276
0 0.7890625 0.4780380673499268 0.01171875 0.024890190336749635
0 0.78271484375 0.4355783308931186 0.0126953125 0.013177159590043924
0 0.8134765625 0.45021961932650073 0.009765625 0.013177159590043924
0 0.787109375 0.5256222547584187 0.015625 0.029282576866764276
0 0.80029296875 0.5051244509516838 0.0126953125 0.020497803806734993
0 0.810546875 0.5080527086383602 0.0078125 0.017569546120058566
0 0.8310546875 0.4956076134699854 0.01171875 0.021961932650073207
0 0.83154296875 0.561493411420205 0.0166015625 0.024890190336749635
0 0.7275390625 0.6200585651537336 0.01953125 0.036603221083455345
0 0.8251953125 0.6134699853587116 0.01953125 0.032210834553440704
0 0.79638671875 0.6669106881405564 0.0185546875 0.027818448023426062
0 0.8701171875 0.6500732064421669 0.025390625 0.03806734992679356
0 0.84814453125 0.48975109809663253 0.0107421875 0.021961932650073207
0 0.89306640625 0.45095168374816985 0.0107421875 0.017569546120058566
0 0.873046875 0.41874084919472915 0.013671875 0.01171303074670571
0 0.71044921875 0.6610541727672036 0.0263671875 0.036603221083455345
0 0.68212890625 0.670571010248902 0.0224609375 0.040995607613469986
0 0.890625 0.5183016105417277 0.015625 0.02635431918008785
0 0.91259765625 0.5387994143484627 0.0185546875 0.029282576866764276
0 0.89404296875 0.6500732064421669 0.0185546875 0.03513909224011713
0 0.87255859375 0.4985358711566618 0.0107421875 0.016105417276720352
0 0.56494140625 0.5512445095168375 0.0126953125 0.016105417276720352
0 0.9375 0.6010248901903368 0.015625 0.021961932650073207
0 0.982421875 0.6339677891654466 0.021484375 0.03806734992679356
0 0.8896484375 0.7086383601756955 0.0234375 0.04978038067349927
0 0.849609375 0.7071742313323572 0.02734375 0.043923865300146414
0 0.81591796875 0.6947291361639825 0.0185546875 0.036603221083455345
0 0.96484375 0.6559297218155198 0.015625 0.02342606149341142
0 0.92919921875 0.7679355783308931 0.0302734375 0.0424597364568082
0 0.9248046875 0.8440702781844802 0.029296875 0.0424597364568082
0 0.97314453125 0.8462664714494876 0.0302734375 0.04978038067349927
0 0.8544921875 0.3784773060029283 0.009765625 0.010248901903367497
0 0.78564453125 0.410688140556369 0.0107421875 0.013177159590043924
0 0.76123046875 0.3704245973645681 0.0087890625 0.01171303074670571
0 0.775390625 0.4033674963396779 0.009765625 0.013177159590043924
0 0.79150390625 0.3814055636896047 0.0087890625 0.010248901903367497
0 0.80078125 0.4114202049780381 0.005859375 0.008784773060029283
0 0.81787109375 0.3857979502196193 0.0087890625 0.013177159590043924
0 0.81201171875 0.43191800878477304 0.0068359375 0.008784773060029283
0 0.88037109375 0.3711566617862372 0.0068359375 0.010248901903367497
0 0.9326171875 0.47144948755490484 0.015625 0.029282576866764276
0 0.896484375 0.40043923865300146 0.01171875 0.021961932650073207
0 0.93798828125 0.44216691068814057 0.0126953125 0.01171303074670571
0 0.9423828125 0.513177159590044 0.013671875 0.027818448023426062
0 0.95556640625 0.5051244509516838 0.0107421875 0.02342606149341142
0 0.97412109375 0.5014641288433382 0.0146484375 0.016105417276720352
0 0.98291015625 0.5336749633967789 0.0146484375 0.027818448023426062
0 0.97607421875 0.41215226939970717 0.0087890625 0.016105417276720352
0 0.99462890625 0.38433382137628114 0.0048828125 0.007320644216691069
0 0.93896484375 0.5578330893118595 0.0126953125 0.008784773060029283
0 0.455078125 0.5629575402635432 0.01953125 0.03074670571010249
0 0.42626953125 0.5021961932650073 0.0107421875 0.02342606149341142
0 0.38623046875 0.4978038067349927 0.0107421875 0.02635431918008785
0 0.32861328125 0.35431918008784774 0.0068359375 0.01171303074670571
0 0.287109375 0.37994143484626647 0.0078125 0.007320644216691069
0 0.30419921875 0.3440702781844802 0.0068359375 0.008784773060029283
0 0.3916015625 0.3389458272327965 0.0078125 0.007320644216691069
0 0.38330078125 0.3535871156661786 0.0048828125 0.007320644216691069
0 0.39501953125 0.37481698389458273 0.0087890625 0.014641288433382138
0 0.44287109375 0.33821376281112736 0.0048828125 0.005856515373352855
0 0.40625 0.3704245973645681 0.005859375 0.01171303074670571
0 0.4091796875 0.390190336749634 0.009765625 0.013177159590043924
0 0.72216796875 0.4150805270863836 0.0107421875 0.016105417276720352
0 0.28466796875 0.34773060029282576 0.0107421875 0.013177159590043924
0 0.36572265625 0.3469985358711567 0.0087890625 0.014641288433382138
0 0.96875 0.34114202049780384 0.0078125 0.008784773060029283
0 0.6611328125 0.4641288433382138 0.009765625 0.014641288433382138
0 0.619140625 0.3814055636896047 0.0078125 0.010248901903367497
0 0.7197265625 0.5021961932650073 0.01171875 0.017569546120058566
0 0.68310546875 0.54099560761347 0.0107421875 0.01903367496339678
0 0.12841796875 0.5490483162518301 0.0107421875 0.02342606149341142
0 0.39111328125 0.4546120058565154 0.0087890625 0.01903367496339678
0 0.41455078125 0.45095168374816985 0.0107421875 0.020497803806734993
0 0.25634765625 0.369692532942899 0.0087890625 0.016105417276720352
0 0.859375 0.3396778916544656 0.005859375 0.01171303074670571
0 0.8935546875 0.3367496339677892 0.005859375 0.008784773060029283
0 0.8818359375 0.6017569546120058 0.01953125 0.032210834553440704
0 0.78662109375 0.5710102489019033 0.0185546875 0.032210834553440704
0 0.11669921875 0.4751098096632504 0.0107421875 0.024890190336749635
0 0.1142578125 0.664714494875549 0.01953125 0.03513909224011713
0 0.4716796875 0.7108345534407028 0.025390625 0.05124450951683748
0 0.814453125 0.7620790629575402 0.029296875 0.05124450951683748
