0 0.1767578125 0.8633040935672515 0.01171875 0.024853801169590642
0 0.14697265625 0.8252923976608186 0.0107421875 0.021929824561403508
0 0.1201171875 0.8786549707602339 0.01171875 0.023391812865497075
0 0.1162109375 0.9247076023391813 0.01171875 0.019005847953216373
0 0.05810546875 0.864766081871345 0.0126953125 0.024853801169590642
0 0.1162109375 0.7119883040935672 0.009765625 0.02046783625730994
0 0.18994140625 0.7748538011695906 0.0087890625 0.017543859649122806
0 0.029296875 0.7887426900584795 0.01171875 0.024853801169590642
0 0.0615234375 0.7346491228070176 0.009765625 0.021929824561403508
0 0.00537109375 0.7521929824561403 0.0087890625 0.019005847953216373
0 0.16015625 0.6337719298245613 0.009765625 0.019005847953216373
0 0.26220703125 0.6630116959064327 0.0087890625 0.019005847953216373
0 0.30078125 0.6469298245614035 0.009765625 0.019005847953216373
0 0.47705078125 0.9312865497076023 0.0107421875 0.02631578947368421
0 0.47216796875 0.9042397660818713 0.0126953125 0.021929824561403508
0 0.50439453125 0.8852339181286549 0.0126953125 0.024853801169590642
0 0.57568359375 0.9451754385964912 0.0107421875 0.019005847953216373
0 0.5234375 0.8413742690058479 0.009765625 0.019005847953216373
0 0.490234375 0.8194444444444444 0.009765625 0.024853801169590642
0 0.41455078125 0.8245614035087718 0.0107421875 0.023391812865497075
0 0.34521484375 0.7748538011695906 0.0107421875 0.023391812865497075
0 0.3974609375 0.7719298245614035 0.0078125 0.017543859649122806
0 0.6005859375 0.9327485380116959 0.009765625 0.02046783625730994
0 0.6318359375 0.9159356725146198 0.01171875 0.024853801169590642
0 0.63720703125 0.8698830409356725 0.0107421875 0.02046783625730994
0 0.70263671875 0.9239766081871345 0.0126953125 0.023391812865497075
0 0.71484375 0.7653508771929824 0.009765625 0.021929824561403508
0 0.6826171875 0.7682748538011696 0.009765625 0.019005847953216373
0 0.64794921875 0.7624269005847952 0.0068359375 0.019005847953216373
0 0.67626953125 0.7383040935672515 0.0087890625 0.02046783625730994
0 0.63818359375 0.7419590643274854 0.0087890625 0.019005847953216373
0 0.5966796875 0.8282163742690059 0.0078125 0.019005847953216373
0 0.57861328125 0.7865497076023391 0.0087890625 0.02046783625730994
0 0.52783203125 0.8004385964912281 0.0126953125 0.021929824561403508
0 0.7529296875 0.8252923976608186 0.009765625 0.019005847953216373
0 0.78466796875 0.8238304093567251 0.0107421875 0.024853801169590642
0 0.83447265625 0.8559941520467835 0.0107421875 0.024853801169590642
0 0.86572265625 0.8698830409356725 0.0107421875 0.02046783625730994
0 0.91650390625 0.8128654970760234 0.0107421875 0.023391812865497075
0 0.93994140625 0.7785087719298245 0.0107421875 0.021929824561403508
0 0.9921875 0.8581871345029239 0.01171875 0.023391812865497075
0 0.90869140625 0.7375730994152047 0.0107421875 0.021929824561403508
0 0.87939453125 0.7733918128654971 0.0107421875 0.02046783625730994
0 0.8564453125 0.7858187134502923 0.009765625 0.021929824561403508
0 0.775390625 0.7529239766081871 0.01171875 0.02046783625730994
0 0.83740234375 0.7404970760233918 0.0087890625 0.019005847953216373
0 0.74462890625 0.7551169590643274 0.0087890625 0.019005847953216373
0 0.7138671875 0.7258771929824561 0.009765625 0.019005847953216373
0 0.72998046875 0.7002923976608186 0.0087890625 0.02046783625730994
0 0.7998046875 0.7390350877192982 0.009765625 0.019005847953216373
0 0.75927734375 0.7054093567251462 0.0087890625 0.019005847953216373
0 0.8017578125 0.6681286549707602 0.009765625 0.017543859649122806
0 0.36474609375 0.7660818713450293 0.0087890625 0.014619883040935672
0 0.43359375 0.7470760233918128 0.009765625 0.02046783625730994
0 0.5068359375 0.7507309941520467 0.0078125 0.01608187134502924
0 0.51904296875 0.7222222222222222 0.0087890625 0.014619883040935672
0 0.47998046875 0.6615497076023391 0.0087890625 0.01608187134502924
0 0.52001953125 0.6681286549707602 0.0068359375 0.014619883040935672
0 0.5419921875 0.6593567251461988 0.0078125 0.014619883040935672
0 0.5595703125 0.6564327485380117 0.009765625 0.017543859649122806
0 0.44921875 0.6980994152046783 0.009765625 0.01608187134502924
0 0.4619140625 0.6505847953216374 0.009765625 0.017543859649122806
0 0.51708984375 0.6396198830409356 0.0087890625 0.01608187134502924
0 0.34716796875 0.7448830409356725 0.0126953125 0.021929824561403508
0 0.322265625 0.7010233918128654 0.0078125 0.01608187134502924
0 0.9951171875 0.6600877192982456 0.0078125 0.019005847953216373
0 0.95556640625 0.6461988304093567 0.0107421875 0.02046783625730994
0 0.916015625 0.6374269005847952 0.0078125 0.017543859649122806
0 0.96923828125 0.5555555555555556 0.0087890625 0.014619883040935672
0 0.94677734375 0.5438596491228069 0.0068359375 0.017543859649122806
0 0.92529296875 0.5570175438596491 0.0068359375 0.011695906432748537
0 0.92431640625 0.5489766081871345 0.0068359375 0.013157894736842105
0 0.8740234375 0.6162280701754386 0.0078125 0.01608187134502924
0 0.7724609375 0.6432748538011696 0.009765625 0.017543859649122806
0 0.81884765625 0.581140350877193 0.0087890625 0.01608187134502924
0 0.83447265625 0.5716374269005847 0.0068359375 0.014619883040935672
0 0.88134765625 0.5482456140350876 0.0068359375 0.014619883040935672
0 0.845703125 0.5438596491228069 0.0078125 0.011695906432748537
0 0.81298828125 0.5445906432748537 0.0068359375 0.01608187134502924
0 0.69677734375 0.6878654970760234 0.0087890625 0.01608187134502924
0 0.72119140625 0.6176900584795322 0.0087890625 0.01608187134502924
0 0.705078125 0.5921052631578947 0.009765625 0.017543859649122806
0 0.73095703125 0.6023391812865497 0.0087890625 0.017543859649122806
0 0.89794921875 0.6103801169590642 0.0107421875 0.01608187134502924
0 0.8642578125 0.5804093567251462 0.0078125 0.017543859649122806
0 0.6396484375 0.665204678362573 0.0078125 0.017543859649122806
0 0.67431640625 0.6476608187134503 0.0087890625 0.02046783625730994
0 0.64794921875 0.6235380116959064 0.0087890625 0.01608187134502924
0 0.6484375 0.6052631578947368 0.0078125 0.014619883040935672
0 0.67041015625 0.5994152046783625 0.0087890625 0.017543859649122806
0 0.83984375 0.4766081871345029 0.005859375 0.011695906432748537
0 0.78662109375 0.5146198830409356 0.0068359375 0.011695906432748537
0 0.75048828125 0.5219298245614035 0.0068359375 0.014619883040935672
0 0.72607421875 0.49634502923976603 0.0068359375 0.01608187134502924
0 0.76416015625 0.4809941520467836 0.0068359375 0.014619883040935672
0 0.77490234375 0.45687134502923976 0.0068359375 0.013157894736842105
0 0.7919921875 0.45979532163742687 0.005859375 0.01023391812865497
0 0.88134765625 0.4269005847953216 0.0068359375 0.011695906432748537
0 0.90576171875 0.4261695906432748 0.0068359375 0.013157894736842105
0 0.6669921875 0.42178362573099415 0.0078125 0.013157894736842105
0 0.65380859375 0.42032163742690054 0.0068359375 0.013157894736842105
0 0.64306640625 0.4195906432748538 0.0068359375 0.014619883040935672
0 0.9833984375 0.4269005847953216 0.005859375 0.014619883040935672
0 0.97509765625 0.3640350877192982 0.0048828125 0.008771929824561403
0 0.94384765625 0.3698830409356725 0.0048828125 0.008771929824561403
0 0.92919921875 0.36915204678362573 0.0048828125 0.01023391812865497
0 0.919921875 0.36184210526315785 0.00390625 0.007309941520467836
0 0.8837890625 0.3698830409356725 0.005859375 0.011695906432748537
0 0.86083984375 0.3991228070175438 0.0048828125 0.008771929824561403
0 0.8095703125 0.3114035087719298 0.00390625 0.008771929824561403
0 0.83154296875 0.3114035087719298 0.0048828125 0.008771929824561403
0 0.84814453125 0.3165204678362573 0.0048828125 0.01023391812865497
0 0.712890625 0.27485380116959063 0.00390625 0.008771929824561403
0 0.69189453125 0.27266081871345027 0.0048828125 0.01023391812865497
0 0.1826171875 0.533625730994152 0.0078125 0.017543859649122806
0 0.21923828125 0.5350877192982456 0.0068359375 0.014619883040935672
0 0.23974609375 0.5657894736842105 0.0087890625 0.017543859649122806
0 0.24853515625 0.5051169590643274 0.0068359375 0.013157894736842105
0 0.41845703125 0.631578947368421 0.0107421875 0.017543859649122806
0 0.44482421875 0.6330409356725146 0.0087890625 0.02046783625730994
0 0.52490234375 0.6140350877192982 0.0087890625 0.017543859649122806
0 0.5283203125 0.581140350877193 0.0078125 0.01608187134502924
0 0.330078125 0.5986842105263157 0.0078125 0.013157894736842105
0 0.2998046875 0.6059941520467836 0.009765625 0.013157894736842105
0 0.548828125 0.6089181286549707 0.005859375 0.01023391812865497
0 0.4990234375 0.5826023391812866 0.005859375 0.01023391812865497
0 0.41357421875 0.6052631578947368 0.0087890625 0.014619883040935672
0 0.55712890625 0.5760233918128654 0.0087890625 0.017543859649122806
0 0.49609375 0.5635964912280701 0.0078125 0.013157894736842105
0 0.6474609375 0.7141812865497076 0.0078125 0.013157894736842105
0 0.6044921875 0.6929824561403508 0.0078125 0.014619883040935672
0 0.615234375 0.6885964912280701 0.0078125 0.017543859649122806
0 0.60546875 0.6498538011695906 0.0078125 0.01608187134502924
0 0.6162109375 0.5891812865497076 0.005859375 0.011695906432748537
0 0.6064453125 0.5730994152046783 0.0078125 0.014619883040935672
0 0.2568359375 0.5921052631578947 0.0078125 0.017543859649122806
0 0.263671875 0.5504385964912281 0.0078125 0.01608187134502924
0 0.1279296875 0.5029239766081871 0.009765625 0.017543859649122806
0 0.17138671875 0.5 0.0087890625 0.014619883040935672
0 0.20947265625 0.4890350877192982 0.0087890625 0.01608187134502924
0 0.302734375 0.5350877192982456 0.0078125 0.014619883040935672
0 0.27734375 0.540204678362573 0.0078125 0.01608187134502924
0 0.29345703125 0.5146198830409356 0.0068359375 0.014619883040935672
0 0.185546875 0.4890350877192982 0.0078125 0.013157894736842105
0 0.3642578125 0.6220760233918128 0.0078125 0.01608187134502924
0 0.38818359375 0.6133040935672515 0.0068359375 0.019005847953216373
0 0.31396484375 0.5592105263157895 0.0068359375 0.013157894736842105
0 0.33447265625 0.5248538011695906 0.0068359375 0.017543859649122806
0 0.3408203125 0.5043859649122807 0.0078125 0.014619883040935672
0 0.34228515625 0.4853801169590643 0.0087890625 0.014619883040935672
0 0.30322265625 0.4853801169590643 0.0068359375 0.014619883040935672
0 0.23193359375 0.5138888888888888 0.0068359375 0.01608187134502924
0 0.35546875 0.5431286549707602 0.0078125 0.01608187134502924
0 0.3701171875 0.5380116959064327 0.005859375 0.011695906432748537
0 0.396484375 0.5343567251461988 0.0078125 0.013157894736842105
0 0.4404296875 0.506578947368421 0.0078125 0.01608187134502924
0 0.40625 0.513157894736842 0.0078125 0.017543859649122806
0 0.41650390625 0.4707602339181286 0.0068359375 0.011695906432748537
0 0.466796875 0.5519005847953216 0.009765625 0.01608187134502924
0 0.4345703125 0.5438596491228069 0.0078125 0.014619883040935672
0 0.46875 0.5358187134502924 0.0078125 0.01608187134502924
0 0.47216796875 0.5036549707602339 0.0068359375 0.013157894736842105
0 0.353515625 0.4926900584795321 0.0078125 0.014619883040935672
0 0.4013671875 0.4780701754385965 0.0078125 0.014619883040935672
0 0.44482421875 0.5555555555555556 0.0048828125 0.014619883040935672
0 0.42333984375 0.5372807017543859 0.0068359375 0.01023391812865497
0 0.50439453125 0.5453216374269005 0.0087890625 0.014619883040935672
0 0.52783203125 0.5504385964912281 0.0068359375 0.013157894736842105
0 0.41455078125 0.5869883040935672 0.0107421875 0.01608187134502924
0 0.58251953125 0.6308479532163742 0.0107421875 0.019005847953216373
0 0.57568359375 0.5818713450292398 0.0087890625 0.014619883040935672
0 0.68701171875 0.5745614035087719 0.0068359375 0.014619883040935672
0 0.61474609375 0.5555555555555556 0.0068359375 0.017543859649122806
0 0.50146484375 0.5292397660818713 0.0087890625 0.014619883040935672
0 0.5869140625 0.5986842105263157 0.0078125 0.01608187134502924
0 0.50048828125 0.6257309941520468 0.0068359375 0.017543859649122806
0 0.48876953125 0.4985380116959064 0.0068359375 0.011695906432748537
0 0.52392578125 0.4780701754385965 0.0107421875 0.017543859649122806
0 0.5205078125 0.5409356725146198 0.0078125 0.017543859649122806
0 0.55810546875 0.5387426900584795 0.0068359375 0.013157894736842105
0 0.55078125 0.5248538011695906 0.0078125 0.014619883040935672
0 0.5166015625 0.5738304093567251 0.0078125 0.01608187134502924
0 0.64208984375 0.5913742690058479 0.0087890625 0.01608187134502924
0 0.625 0.6198830409356725 0.0078125 0.014619883040935672
0 0.57373046875 0.6206140350877193 0.0087890625 0.019005847953216373
0 0.62939453125 0.5767543859649122 0.0087890625 0.01608187134502924
0 0.6025390625 0.5182748538011696 0.0078125 0.013157894736842105
0 0.6064453125 0.3991228070175438 0.005859375 0.011695906432748537
0 0.19140625 0.5643274853801169 0.0078125 0.017543859649122806
0 0.54150390625 0.5716374269005847 0.0087890625 0.017543859649122806
0 0.64501953125 0.5460526315789473 0.0087890625 0.01608187134502924
0 0.728515625 0.4619883040935672 0.005859375 0.011695906432748537
0 0.109375 0.4437134502923976 0.005859375 0.013157894736842105
0 0.115234375 0.4049707602339181 0.005859375 0.014619883040935672
0 0.171875 0.7733918128654971 0.01171875 0.02046783625730994
0 0.8291015625 0.7054093567251462 0.009765625 0.019005847953216373
0 0.4873046875 0.6483918128654971 0.009765625 0.021929824561403508
0 0.46728515625 0.6133040935672515 0.0107421875 0.021929824561403508
0 0.48876953125 0.5833333333333333 0.0068359375 0.014619883040935672
0 0.36572265625 0.5986842105263157 0.0087890625 0.01608187134502924
0 0.47314453125 0.7602339181286549 0.0107421875 0.02046783625730994
0 0.615234375 0.777046783625731 0.009765625 0.024853801169590642
0 0.5927734375 0.7514619883040935 0.01171875 0.02046783625730994
0 0.2099609375 0.45906432748538006 0.009765625 0.014619883040935672
0 0.23095703125 0.4583333333333333 0.0087890625 0.019005847953216373
0 0.3095703125 0.4444444444444444 0.0078125 0.014619883040935672
0 0.29052734375 0.44809941520467833 0.0068359375 0.01608187134502924
0 0.4228515625 0.49634502923976603 0.009765625 0.019005847953216373
0 0.3857421875 0.45321637426900585 0.0078125 0.014619883040935672
0 0.39208984375 0.48391812865497075 0.0087890625 0.014619883040935672
0 0.41357421875 0.4539473684210526 0.0087890625 0.01608187134502924
0 0.36328125 0.5752923976608186 0.0078125 0.013157894736842105
0 0.36572265625 0.6564327485380117 0.0087890625 0.017543859649122806
0 0.34228515625 0.4641812865497076 0.0087890625 0.01608187134502924
0 0.314453125 0.5116959064327485 0.0078125 0.014619883040935672
0 0.20361328125 0.49780701754385964 0.0068359375 0.01608187134502924
0 0.45556640625 0.49122807017543857 0.0087890625 0.017543859649122806
0 0.443359375 0.47368421052631576 0.009765625 0.017543859649122806
0 0.46875 0.5701754385964912 0.0078125 0.017543859649122806
0 0.45751953125 0.5942982456140351 0.0087890625 0.021929824561403508
0 0.35888671875 0.5058479532163742 0.0087890625 0.017543859649122806
0 0.3251953125 0.4846491228070175 0.0078125 0.01608187134502924
0 0.283203125 0.49634502923976603 0.0078125 0.01608187134502924
0 0.2431640625 0.45321637426900585 0.0078125 0.02046783625730994
0 0.349609375 0.7046783625730993 0.0078125 0.017543859649122806
0 0.4638671875 0.45687134502923976 0.009765625 0.01608187134502924
0 0.359375 0.45906432748538006 0.009765625 0.017543859649122806
0 0.599609375 0.6089181286549707 0.0078125 0.021929824561403508
0 0.580078125 0.6732456140350876 0.009765625 0.01608187134502924
0 0.5966796875 0.6549707602339181 0.0078125 0.017543859649122806
0 0.580078125 0.6461988304093567 0.0078125 0.017543859649122806
0 0.642578125 0.6440058479532164 0.0078125 0.01608187134502924
0 0.4248046875 0.766812865497076 0.009765625 0.019005847953216373
0 0.42333984375 0.7046783625730993 0.0087890625 0.017543859649122806
0 0.38623046875 0.5767543859649122 0.0087890625 0.01608187134502924
0 0.4091796875 0.5796783625730993 0.0078125 0.013157894736842105
0 0.57568359375 0.5095029239766081 0.0087890625 0.019005847953216373
0 0.58056640625 0.5511695906432749 0.0087890625 0.017543859649122806
0 0.087890625 0.4225146198830409 0.0078125 0.014619883040935672
0 0.18701171875 0.4013157894736842 0.0068359375 0.013157894736842105
0 0.20654296875 0.418859649122807 0.0087890625 0.019005847953216373
0 0.16552734375 0.3954678362573099 0.0068359375 0.013157894736842105
0 0.1455078125 0.4400584795321637 0.0078125 0.014619883040935672
0 0.2783203125 0.3837719298245614 0.0078125 0.013157894736842105
0 0.271484375 0.3837719298245614 0.0078125 0.01608187134502924
0 0.27880859375 0.4057017543859649 0.0068359375 0.013157894736842105
0 0.24560546875 0.3742690058479532 0.0087890625 0.014619883040935672
0 0.2578125 0.41081871345029236 0.0078125 0.014619883040935672
0 0.14697265625 0.34137426900584794 0.0087890625 0.01608187134502924
0 0.15869140625 0.3779239766081871 0.0068359375 0.013157894736842105
0 0.19580078125 0.3501461988304093 0.0068359375 0.01608187134502924
0 0.06640625 0.35453216374269003 0.0078125 0.013157894736842105
0 0.0751953125 0.391812865497076 0.005859375 0.014619883040935672
0 0.03564453125 0.42470760233918126 0.0068359375 0.013157894736842105
0 0.05712890625 0.381578947368421 0.0068359375 0.014619883040935672
0 0.044921875 0.32748538011695905 0.005859375 0.011695906432748537
0 0.0322265625 0.3289473684210526 0.005859375 0.011695906432748537
0 0.06201171875 0.3296783625730994 0.0068359375 0.013157894736842105
0 0.1015625 0.3326023391812865 0.005859375 0.013157894736842105
0 0.119140625 0.33040935672514615 0.005859375 0.011695906432748537
0 0.12353515625 0.30409356725146197 0.0068359375 0.014619883040935672
0 0.3349609375 0.4064327485380117 0.0078125 0.014619883040935672
0 0.40234375 0.3421052631578947 0.0078125 0.014619883040935672
0 0.20751953125 0.38888888888888884 0.0107421875 0.017543859649122806
0 0.19580078125 0.3779239766081871 0.0107421875 0.01608187134502924
0 0.4990234375 0.3603801169590643 0.005859375 0.013157894736842105
0 0.353515625 0.38669590643274854 0.0078125 0.01608187134502924
0 0.31103515625 0.5826023391812866 0.0087890625 0.021929824561403508
0 0.173828125 0.4407894736842105 0.009765625 0.019005847953216373
0 0.15771484375 0.4502923976608187 0.0087890625 0.017543859649122806
0 0.16650390625 0.5555555555555556 0.0087890625 0.017543859649122806
0 0.4541015625 0.5263157894736842 0.0078125 0.017543859649122806
0 0.513671875 0.48757309941520466 0.009765625 0.024853801169590642
0 0.70458984375 0.7112573099415205 0.0087890625 0.019005847953216373
0 0.83056640625 0.6893274853801169 0.0107421875 0.021929824561403508
0 0.69189453125 0.6030701754385964 0.0107421875 0.019005847953216373
0 0.39208984375 0.736111111111111 0.0107421875 0.021929824561403508
0 0.3857421875 0.6695906432748537 0.009765625 0.017543859649122806
0 0.38232421875 0.5153508771929824 0.0087890625 0.019005847953216373
0 0.314453125 0.5036549707602339 0.009765625 0.01608187134502924
0 0.32958984375 0.6206140350877193 0.0087890625 0.01608187134502924
0 0.47265625 0.597953216374269 0.013671875 0.017543859649122806
0 0.87646484375 0.5840643274853801 0.0087890625 0.01608187134502924
0 0.96435546875 0.614766081871345 0.0087890625 0.019005847953216373
