0 0.98779296875 0.2392909896602659 0.0185546875 0.03545051698670606
0 0.94384765625 0.21270310192023634 0.0283203125 0.050221565731166914
0 0.92138671875 0.27326440177252587 0.0166015625 0.03249630723781389
0 0.86474609375 0.2392909896602659 0.0205078125 0.03840472673559823
0 0.82080078125 0.24741506646971936 0.0283203125 0.051698670605613
0 0.80517578125 0.276218611521418 0.0126953125 0.03545051698670606
0 0.75146484375 0.23116691285081242 0.0244140625 0.03988183161004431
0 0.69091796875 0.2289512555391433 0.0283203125 0.05612998522895126
0 0.64794921875 0.25627769571639586 0.0146484375 0.02806499261447563
0 0.59326171875 0.2658788774002954 0.0361328125 0.053175775480059084
0 0.47705078125 0.34047267355982275 0.0478515625 0.04874446085672083
0 0.2373046875 0.13367799113737075 0.04296875 0.10487444608567209
