0 0.79296875 0.5052083333333333 0.015625 0.020833333333333332
0 0.76416015625 0.5247395833333333 0.0146484375 0.020833333333333332
0 0.7119140625 0.5130208333333333 0.017578125 0.028645833333333332
0 0.6904296875 0.4915364583333333 0.015625 0.022135416666666664
0 0.64892578125 0.48893229166666663 0.0224609375 0.04296875
0 0.62890625 0.4739583333333333 0.025390625 0.0390625
0 0.568359375 0.5078125 0.01953125 0.026041666666666664
0 0.51708984375 0.48697916666666663 0.0205078125 0.04427083333333333
0 0.501953125 0.49869791666666663 0.013671875 0.0234375
0 0.58984375 0.509765625 0.01171875 0.01953125
0 0.42236328125 0.47330729166666663 0.0263671875 0.04036458333333333
0 0.38134765625 0.4934895833333333 0.0263671875 0.033854166666666664
0 0.3291015625 0.5052083333333333 0.015625 0.03125
0 0.287109375 0.49088541666666663 0.01953125 0.033854166666666664
0 0.26416015625 0.4993489583333333 0.0205078125 0.045572916666666664
0 0.22607421875 0.48893229166666663 0.0185546875 0.04036458333333333
0 0.10498046875 0.474609375 0.0205078125 0.04817708333333333
0 0.02197265625 0.4817708333333333 0.0283203125 0.04427083333333333
