0 0.0224609375 0.4243759177679882 0.03125 0.07048458149779735
0 0.0087890625 0.44273127753303965 0.017578125 0.08076358296622613
0 0.04736328125 0.37591776798825255 0.0205078125 0.032305433186490456
0 0.08447265625 0.32819383259911894 0.0146484375 0.016152716593245228
0 0.11767578125 0.41556534508076354 0.0517578125 0.08516886930983847
0 0.12890625 0.3751835535976505 0.0390625 0.08076358296622613
0 0.16357421875 0.4265785609397944 0.0537109375 0.08663729809104258
0 0.283203125 0.32378854625550657 0.05078125 0.16886930983847281
0 0.36572265625 0.3069016152716593 0.0537109375 0.09985315712187959
0 0.3046875 0.3355359765051395 0.041015625 0.0895741556534508
0 0.3759765625 0.26284875183553597 0.0390625 0.06461086637298091
0 0.31103515625 0.2408223201174743 0.0107421875 0.023494860499265784
0 0.38671875 0.24449339207048457 0.03125 0.06314243759177679
0 0.41552734375 0.23127753303964757 0.0224609375 0.03671071953010279
0 0.43310546875 0.3223201174743025 0.0400390625 0.07195301027900146
0 0.4482421875 0.2209985315712188 0.013671875 0.024963289280469897
0 0.4833984375 0.4596182085168869 0.048828125 0.0763582966226138
0 0.53466796875 0.1938325991189427 0.0400390625 0.08810572687224669
0 0.4931640625 0.22173274596182083 0.01171875 0.023494860499265784
0 0.73388671875 0.14243759177679882 0.0615234375 0.09397944199706314
0 0.654296875 0.12261380323054331 0.005859375 0.010279001468428781
0 0.8154296875 0.18061674008810572 0.029296875 0.05873715124816446
0 0.80029296875 0.1277533039647577 0.0166015625 0.023494860499265784
0 0.78369140625 0.11527165932452275 0.0087890625 0.016152716593245228
0 0.91845703125 0.23201174743024963 0.0693359375 0.12334801762114536
0 0.88818359375 0.31791483113069013 0.0498046875 0.10425844346549192
0 0.8447265625 0.18502202643171806 0.015625 0.032305433186490456
0 0.88427734375 0.1079295154185022 0.0087890625 0.02202643171806167
0 0.93359375 0.1079295154185022 0.021484375 0.04845814977973568
0 0.9755859375 0.14243759177679882 0.03125 0.05286343612334801
0 0.818359375 0.2393538913362702 0.03515625 0.07929515418502202
