0 0.27880859375 0.47135416666666663 0.0205078125 0.028645833333333332
0 0.2119140625 0.4192708333333333 0.0234375 0.03125
0 0.2451171875 0.45377604166666663 0.021484375 0.03515625
0 0.1416015625 0.43619791666666663 0.021484375 0.03645833333333333
0 0.1337890625 0.45182291666666663 0.0234375 0.03125
0 0.0888671875 0.44986979166666663 0.025390625 0.04036458333333333
0 0.03369140625 0.427734375 0.0244140625 0.04296875
0 0.009765625 0.39322916666666663 0.01953125 0.033854166666666664
0 0.455078125 0.47721354166666663 0.015625 0.024739583333333332
0 0.4404296875 0.46940104166666663 0.017578125 0.02734375
0 0.3876953125 0.4309895833333333 0.021484375 0.028645833333333332
0 0.33203125 0.4231770833333333 0.021484375 0.03125
0 0.6357421875 0.447265625 0.01953125 0.02734375
0 0.58447265625 0.47265625 0.0205078125 0.028645833333333332
0 0.53759765625 0.4759114583333333 0.0205078125 0.02734375
0 0.52197265625 0.45572916666666663 0.0166015625 0.0234375
0 0.4892578125 0.4622395833333333 0.01953125 0.028645833333333332
0 0.84716796875 0.5182291666666666 0.0126953125 0.0234375
0 0.78955078125 0.49479166666666663 0.0146484375 0.026041666666666664
0 0.77734375 0.494140625 0.017578125 0.02734375
0 0.744140625 0.46354166666666663 0.01953125 0.0234375
0 0.712890625 0.482421875 0.017578125 0.024739583333333332
0 0.68017578125 0.484375 0.0166015625 0.03125
0 0.79736328125 0.49609375 0.0146484375 0.026041666666666664
0 0.912109375 0.48893229166666663 0.015625 0.024739583333333332
0 0.89013671875 0.5071614583333333 0.0146484375 0.022135416666666664
0 0.86767578125 0.4934895833333333 0.0166015625 0.026041666666666664
0 0.84375 0.4973958333333333 0.017578125 0.026041666666666664
