0 0.03857421875 0.32268722466960353 0.0126953125 0.03744493392070485
0 0.08837890625 0.29625550660792954 0.0087890625 0.024229074889867842
0 0.1279296875 0.27753303964757714 0.0078125 0.030837004405286347
0 0.15283203125 0.27533039647577096 0.0087890625 0.030837004405286347
0 0.162109375 0.30947136563876654 0.009765625 0.02863436123348018
0 0.1259765625 0.3480176211453745 0.009765625 0.026431718061674013
0 0.11181640625 0.36784140969163 0.0087890625 0.026431718061674013
0 0.08740234375 0.40308370044052866 0.0146484375 0.048458149779735685
0 0.1513671875 0.4526431718061674 0.017578125 0.050660792951541855
0 0.20068359375 0.23568281938325994 0.0087890625 0.026431718061674013
0 0.22265625 0.28303964757709255 0.0078125 0.024229074889867842
0 0.2216796875 0.3127753303964758 0.01171875 0.026431718061674013
0 0.23388671875 0.32268722466960353 0.0126953125 0.03303964757709251
0 0.1923828125 0.30066079295154186 0.009765625 0.02863436123348018
0 0.1669921875 0.36343612334801767 0.015625 0.039647577092511016
0 0.20556640625 0.37004405286343617 0.0146484375 0.048458149779735685
0 0.24462890625 0.3755506607929516 0.0166015625 0.050660792951541855
0 0.23828125 0.24669603524229078 0.0078125 0.026431718061674013
0 0.23583984375 0.21365638766519826 0.0068359375 0.022026431718061675
0 0.224609375 0.23348017621145375 0.005859375 0.013215859030837006
0 0.27978515625 0.341409691629956 0.0146484375 0.039647577092511016
0 0.29833984375 0.39977973568281944 0.0146484375 0.04185022026431719
0 0.32080078125 0.3491189427312776 0.0107421875 0.03744493392070485
0 0.3193359375 0.22026431718061676 0.005859375 0.026431718061674013
0 0.36083984375 0.22907488986784144 0.0048828125 0.01762114537444934
0 0.34375 0.29625550660792954 0.005859375 0.019823788546255508
0 0.35400390625 0.2984581497797357 0.0087890625 0.024229074889867842
0 0.3515625 0.41299559471365643 0.015625 0.050660792951541855
0 0.3623046875 0.3050660792951542 0.0078125 0.019823788546255508
0 0.3740234375 0.30066079295154186 0.009765625 0.03303964757709251
0 0.36572265625 0.3491189427312776 0.0107421875 0.03744493392070485
0 0.3955078125 0.38656387665198244 0.013671875 0.04185022026431719
0 0.3857421875 0.3667400881057269 0.009765625 0.04185022026431719
0 0.44287109375 0.3667400881057269 0.0146484375 0.04625550660792952
0 0.44580078125 0.49339207048458156 0.0185546875 0.048458149779735685
0 0.46337890625 0.3469162995594714 0.0107421875 0.03744493392070485
0 0.486328125 0.27973568281938327 0.0078125 0.022026431718061675
0 0.501953125 0.27753303964757714 0.00390625 0.013215859030837006
0 0.490234375 0.328193832599119 0.0078125 0.030837004405286347
0 0.4990234375 0.38215859030837007 0.013671875 0.03744493392070485
0 0.47021484375 0.39096916299559475 0.0068359375 0.024229074889867842
0 0.31591796875 0.2455947136563877 0.0048828125 0.015418502202643174
0 0.4326171875 0.20044052863436126 0.0078125 0.022026431718061675
0 0.4130859375 0.18722466960352424 0.0078125 0.022026431718061675
0 0.46630859375 0.24889867841409694 0.0087890625 0.026431718061674013
0 0.47119140625 0.2246696035242291 0.0048828125 0.01762114537444934
0 0.53466796875 0.37004405286343617 0.0107421875 0.039647577092511016
0 0.57470703125 0.39317180616740094 0.0146484375 0.04185022026431719
0 0.59326171875 0.21255506607929517 0.0068359375 0.019823788546255508
0 0.6015625 0.20044052863436126 0.005859375 0.01762114537444934
0 0.5966796875 0.25 0.005859375 0.015418502202643174
0 0.60205078125 0.27312775330396477 0.0068359375 0.022026431718061675
0 0.58740234375 0.3403083700440529 0.0087890625 0.04625550660792952
0 0.61181640625 0.39207048458149785 0.0146484375 0.039647577092511016
0 0.62353515625 0.2455947136563877 0.0048828125 0.015418502202643174
0 0.62255859375 0.2995594713656388 0.0087890625 0.030837004405286347
0 0.6845703125 0.30066079295154186 0.005859375 0.019823788546255508
0 0.63818359375 0.28854625550660795 0.0048828125 0.013215859030837006
0 0.72021484375 0.39757709251101325 0.0146484375 0.04185022026431719
0 0.66455078125 0.3755506607929516 0.0126953125 0.02863436123348018
0 0.69140625 0.3535242290748899 0.0078125 0.024229074889867842
0 0.68994140625 0.27092511013215864 0.0068359375 0.022026431718061675
0 0.6748046875 0.26211453744493396 0.005859375 0.022026431718061675
0 0.791015625 0.3193832599118943 0.005859375 0.030837004405286347
0 0.7998046875 0.30286343612334804 0.0078125 0.03303964757709251
0 0.6435546875 0.3513215859030837 0.005859375 0.03303964757709251
0 0.76611328125 0.23458149779735685 0.0068359375 0.015418502202643174
0 0.734375 0.20154185022026433 0.005859375 0.015418502202643174
0 0.767578125 0.394273127753304 0.017578125 0.04405286343612335
0 0.83056640625 0.394273127753304 0.0146484375 0.048458149779735685
0 0.85888671875 0.3601321585903084 0.0146484375 0.03744493392070485
0 0.88916015625 0.3116740088105727 0.0126953125 0.02863436123348018
0 0.95458984375 0.3259911894273128 0.0126953125 0.039647577092511016
0 0.890625 0.3502202643171807 0.017578125 0.048458149779735685
0 0.96240234375 0.394273127753304 0.0166015625 0.048458149779735685
0 0.8369140625 0.29185022026431723 0.005859375 0.024229074889867842
0 0.890625 0.2511013215859031 0.0078125 0.026431718061674013
