0 0.06640625 0.7317708333333333 0.0546875 0.13020833333333331
0 0.11669921875 0.751736111111111 0.0400390625 0.09722222222222221
0 0.095703125 0.6770833333333333 0.044921875 0.09722222222222221
0 0.15478515625 0.6909722222222222 0.0341796875 0.0798611111111111
0 0.31298828125 0.6822916666666666 0.0556640625 0.12152777777777778
0 0.23583984375 0.6432291666666666 0.0244140625 0.06076388888888889
0 0.43603515625 0.6649305555555555 0.0478515625 0.12152777777777778
0 0.52294921875 0.7369791666666666 0.0595703125 0.11631944444444443
0 0.57373046875 0.7760416666666666 0.0478515625 0.1111111111111111
0 0.58447265625 0.6822916666666666 0.0322265625 0.0798611111111111
0 0.6201171875 0.697048611111111 0.033203125 0.08506944444444443
0 0.5224609375 0.6519097222222222 0.037109375 0.08854166666666666
0 0.65625 0.6753472222222222 0.037109375 0.0798611111111111
0 0.6875 0.8090277777777777 0.046875 0.08680555555555555
0 0.76318359375 0.6553819444444444 0.0263671875 0.05381944444444444
0 0.8154296875 0.71875 0.0390625 0.09375
0 0.83984375 0.6588541666666666 0.0546875 0.11979166666666666
0 0.9755859375 0.7013888888888888 0.046875 0.10763888888888888
0 0.93505859375 0.6475694444444444 0.0322265625 0.0625
0 0.2587890625 0.7335069444444444 0.044921875 0.10590277777777778
