0 0.2666015625 0.24452554744525545 0.0625 0.09781021897810219
0 0.11767578125 0.5145985401459854 0.0185546875 0.03941605839416058
0 0.048828125 0.5883211678832116 0.0234375 0.0437956204379562
0 0.015625 0.6321167883211678 0.02734375 0.05255474452554744
0 0.01318359375 0.5919708029197079 0.0224609375 0.04817518248175182
0 0.224609375 0.7233576642335766 0.03125 0.059854014598540145
0 0.38916015625 0.7175182481751824 0.0341796875 0.05693430656934306
0 0.33740234375 0.7094890510948905 0.0263671875 0.05255474452554744
0 0.33642578125 0.5737226277372263 0.0224609375 0.0437956204379562
0 0.40087890625 0.49343065693430654 0.0244140625 0.040875912408759124
0 0.50048828125 0.45912408759124085 0.0302734375 0.051094890510948905
0 0.32275390625 0.872992700729927 0.0361328125 0.04671532846715328
0 0.32666015625 0.8510948905109489 0.0302734375 0.06715328467153284
0 0.38232421875 0.8430656934306568 0.0341796875 0.06277372262773723
0 0.40673828125 0.8510948905109489 0.0361328125 0.06715328467153284
0 0.4267578125 0.7978102189781021 0.03125 0.05693430656934306
0 0.48046875 0.7992700729927007 0.03125 0.05693430656934306
0 0.35400390625 0.7832116788321167 0.0361328125 0.0656934306569343
0 0.29541015625 0.9766423357664233 0.0400390625 0.04671532846715328
0 0.642578125 0.7525547445255474 0.03515625 0.06277372262773723
0 0.9765625 0.6832116788321168 0.01953125 0.032116788321167884
0 0.98583984375 0.5547445255474452 0.0283203125 0.05255474452554744
0 0.94677734375 0.5547445255474452 0.0263671875 0.0437956204379562
0 0.81494140625 0.7270072992700729 0.0224609375 0.05255474452554744
0 0.8427734375 0.5978102189781022 0.021484375 0.03357664233576642
0 0.86181640625 0.5919708029197079 0.0166015625 0.024817518248175182
0 0.85498046875 0.5496350364963504 0.0185546875 0.03357664233576642
0 0.958984375 0.40802919708029195 0.017578125 0.03065693430656934
0 0.9951171875 0.4233576642335766 0.009765625 0.032116788321167884
0 0.96142578125 0.37445255474452555 0.0166015625 0.03357664233576642
0 0.93310546875 0.3708029197080292 0.0107421875 0.020437956204379562
0 0.59033203125 0.6445255474452555 0.0205078125 0.03941605839416058
0 0.57275390625 0.5854014598540146 0.0185546875 0.03503649635036496
0 0.28369140625 0.5452554744525547 0.0224609375 0.0364963503649635
0 0.32861328125 0.5021897810218978 0.0244140625 0.049635036496350364
0 0.36474609375 0.4547445255474452 0.0185546875 0.03357664233576642
0 0.40478515625 0.38102189781021895 0.0107421875 0.01751824817518248
0 0.43505859375 0.4452554744525547 0.0146484375 0.02627737226277372
0 0.2529296875 0.3686131386861314 0.013671875 0.0218978102189781
0 0.283203125 0.39343065693430657 0.009765625 0.01897810218978102
0 0.27685546875 0.4868613138686131 0.0146484375 0.03357664233576642
0 0.33935546875 0.3927007299270073 0.0126953125 0.020437956204379562
0 0.54443359375 0.5992700729927007 0.0224609375 0.04233576642335766
0 0.59765625 0.8357664233576642 0.02734375 0.05401459854014598
0 0.91455078125 0.7240875912408758 0.0380859375 0.072992700729927
0 0.07958984375 0.789051094890511 0.0400390625 0.08321167883211679
0 0.046875 0.47810218978102187 0.015625 0.0364963503649635
0 0.0703125 0.5934306569343065 0.021484375 0.051094890510948905
0 0.31494140625 0.42481751824817515 0.0087890625 0.01751824817518248
0 0.3681640625 0.3868613138686131 0.01171875 0.02335766423357664
0 0.2451171875 0.4284671532846715 0.009765625 0.024817518248175182
0 0.4560546875 0.5036496350364963 0.021484375 0.04671532846715328
