0 0.0927734375 0.4233576642335766 0.009765625 0.014598540145985401
0 0.103515625 0.4218978102189781 0.005859375 0.014598540145985401
0 0.10791015625 0.4211678832116788 0.0068359375 0.010218978102189781
0 0.13623046875 0.41751824817518246 0.0048828125 0.00875912408759124
0 0.1181640625 0.4094890510948905 0.0078125 0.010218978102189781
0 0.1162109375 0.42408759124087586 0.005859375 0.010218978102189781
0 0.462890625 0.4211678832116788 0.017578125 0.024817518248175182
0 0.4501953125 0.4094890510948905 0.015625 0.01897810218978102
0 0.42724609375 0.4357664233576642 0.0166015625 0.024817518248175182
0 0.4169921875 0.4029197080291971 0.015625 0.020437956204379562
0 0.37939453125 0.4116788321167883 0.0126953125 0.02335766423357664
0 0.359375 0.40583941605839413 0.013671875 0.01751824817518248
0 0.32666015625 0.41678832116788317 0.0107421875 0.016058394160583942
0 0.31689453125 0.4284671532846715 0.0107421875 0.016058394160583942
0 0.34814453125 0.4218978102189781 0.0068359375 0.01167883211678832
0 0.52392578125 0.4233576642335766 0.0224609375 0.032116788321167884
0 0.59130859375 0.40729927007299266 0.0263671875 0.0437956204379562
0 0.63134765625 0.4036496350364963 0.0205078125 0.03357664233576642
0 0.654296875 0.4313868613138686 0.009765625 0.01897810218978102
0 0.6796875 0.4408759124087591 0.0078125 0.014598540145985401
0 0.6953125 0.43941605839416054 0.0078125 0.014598540145985401
0 0.7255859375 0.4094890510948905 0.021484375 0.03357664233576642
0 0.75537109375 0.4364963503649635 0.0205078125 0.029197080291970802
0 0.80712890625 0.4313868613138686 0.0146484375 0.024817518248175182
0 0.8330078125 0.437956204379562 0.015625 0.02335766423357664
0 0.7890625 0.4357664233576642 0.005859375 0.01313868613138686
0 0.81884765625 0.4291970802919708 0.0068359375 0.014598540145985401
0 0.70849609375 0.43284671532846714 0.0068359375 0.01313868613138686
0 0.95068359375 0.45985401459854014 0.0048828125 0.00875912408759124
0 0.99267578125 0.454014598540146 0.0087890625 0.014598540145985401
0 0.97021484375 0.4408759124087591 0.0048828125 0.00875912408759124
0 0.9814453125 0.4437956204379562 0.00390625 0.00583941605839416
