0 0.1826171875 0.1834795321637427 0.009765625 0.027777777777777776
0 0.064453125 0.4583333333333333 0.005859375 0.01608187134502924
0 0.1015625 0.4919590643274854 0.0078125 0.024853801169590642
0 0.173828125 0.4788011695906432 0.005859375 0.013157894736842105
0 0.22021484375 0.4671052631578947 0.0068359375 0.01023391812865497
0 0.23974609375 0.4766081871345029 0.0048828125 0.008771929824561403
0 0.25830078125 0.4817251461988304 0.0048828125 0.01023391812865497
0 0.2841796875 0.48245614035087714 0.005859375 0.011695906432748537
0 0.4326171875 0.42543859649122806 0.009765625 0.023391812865497075
0 0.47509765625 0.4159356725146199 0.0126953125 0.03070175438596491
0 0.5087890625 0.4407894736842105 0.009765625 0.019005847953216373
0 0.482421875 0.4583333333333333 0.0078125 0.01608187134502924
0 0.52294921875 0.37938596491228066 0.0166015625 0.033625730994152045
0 0.58349609375 0.42470760233918126 0.0087890625 0.019005847953216373
0 0.60400390625 0.42105263157894735 0.0087890625 0.017543859649122806
0 0.626953125 0.4159356725146199 0.009765625 0.019005847953216373
0 0.6572265625 0.43128654970760233 0.0078125 0.014619883040935672
0 0.69677734375 0.43786549707602335 0.0087890625 0.019005847953216373
0 0.736328125 0.4049707602339181 0.013671875 0.023391812865497075
0 0.75439453125 0.41447368421052627 0.0126953125 0.021929824561403508
0 0.80322265625 0.27558479532163743 0.0224609375 0.06871345029239766
0 0.34130859375 0.7551169590643274 0.0615234375 0.08625730994152046
