0 0.9599609375 0.33164739884393063 0.021484375 0.04190751445086705
0 0.9443359375 0.3020231213872832 0.01953125 0.03468208092485549
0 0.86328125 0.3468208092485549 0.021484375 0.03757225433526011
0 0.8212890625 0.305635838150289 0.021484375 0.03901734104046243
0 0.78515625 0.35910404624277453 0.01953125 0.0361271676300578
0 0.736328125 0.3374277456647399 0.01953125 0.0361271676300578
0 0.69140625 0.37644508670520227 0.01953125 0.0361271676300578
0 0.79931640625 0.4465317919075144 0.0263671875 0.05202312138728323
0 0.693359375 0.43280346820809246 0.03125 0.06791907514450866
0 0.62109375 0.44436416184971095 0.025390625 0.044797687861271675
0 0.33935546875 0.43786127167630057 0.0322265625 0.06069364161849711
0 0.1953125 0.4190751445086705 0.025390625 0.04913294797687861
0 0.115234375 0.42991329479768786 0.029296875 0.05346820809248554
0 0.068359375 0.4140173410404624 0.029296875 0.05346820809248554
