0 0.078125 0.9159445407279029 0.0390625 0.09185441941074522
0 0.4423828125 0.9566724436741767 0.06640625 0.08318890814558058
0 0.53271484375 0.9306759098786828 0.0751953125 0.1317157712305026
0 0.8759765625 0.8102253032928942 0.03515625 0.08145580589254765
0 0.90625 0.91421143847487 0.046875 0.11958405545927209
0 0.927734375 0.9445407279029462 0.052734375 0.11091854419410745
0 0.97900390625 0.9679376083188908 0.0400390625 0.06412478336221837
0 0.55029296875 0.9792027729636048 0.0634765625 0.04159445407279029
0 0.41552734375 0.40814558058925476 0.0576171875 0.1265164644714038
0 0.79052734375 0.8388214904679375 0.0419921875 0.10051993067590988
0 0.7080078125 0.8188908145580589 0.037109375 0.08838821490467937
0 0.74609375 0.8708838821490468 0.048828125 0.1022530329289428
0 0.701171875 0.9679376083188908 0.060546875 0.06412478336221837
0 0.6328125 0.9818024263431542 0.046875 0.036395147313691506
0 0.634765625 0.9220103986135182 0.048828125 0.10051993067590988
0 0.7470703125 0.9653379549393414 0.048828125 0.06932409012131716
0 0.29541015625 0.8821490467937608 0.0654296875 0.14211438474870017
0 0.09423828125 0.8440207972270364 0.0244140625 0.0658578856152513
0 0.10888671875 0.8379549393414211 0.0302734375 0.0779896013864818
0 0.015625 0.91421143847487 0.029296875 0.07452339688041594
