0 0.07470703125 0.13544668587896252 0.0126953125 0.034582132564841495
0 0.107421875 0.13040345821325647 0.029296875 0.053314121037463975
0 0.150390625 0.1253602305475504 0.03125 0.04610951008645533
0 0.10107421875 0.3919308357348703 0.0556640625 0.09798270893371758
0 0.14990234375 0.39048991354466855 0.0341796875 0.08069164265129683
0 0.2109375 0.40057636887608067 0.068359375 0.09221902017291066
0 0.3076171875 0.35806916426512964 0.04296875 0.08789625360230546
0 0.38671875 0.33789625360230546 0.056640625 0.10806916426512968
0 0.49853515625 0.3025936599423631 0.0400390625 0.06340057636887608
0 0.58056640625 0.38040345821325644 0.0693359375 0.1440922190201729
0 0.33837890625 0.13832853025936598 0.0283203125 0.04899135446685879
0 0.48388671875 0.13328530259365992 0.0244140625 0.030259365994236308
0 0.55908203125 0.12031700288184437 0.0263671875 0.053314121037463975
0 0.64208984375 0.10230547550432276 0.0224609375 0.037463976945244955
0 0.60595703125 0.12031700288184437 0.0205078125 0.03890489913544668
0 0.37060546875 0.15922190201729106 0.0224609375 0.04178674351585014
0 0.02880859375 0.4265129682997118 0.0478515625 0.09221902017291066
0 0.05224609375 0.6311239193083573 0.1025390625 0.3919308357348703
0 0.01171875 0.13832853025936598 0.0234375 0.06628242074927954
0 0.68505859375 0.335014409221902 0.0458984375 0.09077809798270893
0 0.73193359375 0.08429394812680115 0.0263671875 0.053314121037463975
0 0.7978515625 0.10590778097982709 0.021484375 0.053314121037463975
0 0.859375 0.3249279538904899 0.04296875 0.08501440922190201
0 0.88720703125 0.2716138328530259 0.0283203125 0.050432276657060515
0 0.9482421875 0.2982708933717579 0.04296875 0.06916426512968299
0 0.94873046875 0.09293948126801152 0.0224609375 0.0446685878962536
0 0.9833984375 0.09005763688760807 0.0234375 0.0446685878962536
0 0.759765625 0.31123919308357345 0.029296875 0.07204610951008646
