0 0.8056640625 0.5124816446402349 0.046875 0.08516886930983847
0 0.6708984375 0.45741556534508077 0.095703125 0.15712187958883994
0 0.8564453125 0.5110132158590308 0.029296875 0.04698972099853157
0 0.4814453125 0.5425844346549192 0.04296875 0.06901615271659324
0 0.37255859375 0.8781204111600587 0.0205078125 0.035242290748898675
0 0.3388671875 0.7885462555066078 0.0234375 0.041116005873715125
0 0.27099609375 0.7584434654919237 0.0146484375 0.03083700440528634
0 0.2939453125 0.7474302496328927 0.01171875 0.026431718061674006
0 0.22900390625 0.7694566813509545 0.0166015625 0.02936857562408223
0 0.18408203125 0.737151248164464 0.0107421875 0.020558002936857563
0 0.1689453125 0.7430249632892805 0.01171875 0.020558002936857563
0 0.15625 0.7283406754772394 0.015625 0.023494860499265784
0 0.1533203125 0.6997063142437592 0.013671875 0.02202643171806167
0 0.36669921875 0.7334801762114537 0.0146484375 0.02790014684287812
0 0.337890625 0.7393538913362702 0.013671875 0.02202643171806167
0 0.31201171875 0.7063142437591776 0.0126953125 0.023494860499265784
0 0.2626953125 0.6754772393538913 0.009765625 0.020558002936857563
0 0.42724609375 0.7657856093979442 0.0166015625 0.033773861967694566
0 0.4052734375 0.7760646108663729 0.015625 0.024963289280469897
0 0.4296875 0.7298091042584435 0.01171875 0.020558002936857563
0 0.427734375 0.6798825256975036 0.009765625 0.014684287812041116
0 0.4267578125 0.9126284875183553 0.01953125 0.03083700440528634
0 0.31982421875 0.5543318649045521 0.0087890625 0.016152716593245228
0 0.3896484375 0.5491923641703377 0.009765625 0.017621145374449337
