0 0.3623046875 0.8315972222222222 0.03125 0.1111111111111111
0 0.283203125 0.7248263888888888 0.021484375 0.057291666666666664
0 0.2333984375 0.697048611111111 0.015625 0.03993055555555555
0 0.22119140625 0.6623263888888888 0.0185546875 0.03993055555555555
0 0.51611328125 0.49826388888888884 0.0302734375 0.08333333333333333
0 0.86962890625 0.8828125 0.0595703125 0.10243055555555555
0 0.57275390625 0.9869791666666666 0.0439453125 0.026041666666666664
0 0.72314453125 0.45138888888888884 0.0107421875 0.027777777777777776
0 0.6640625 0.4661458333333333 0.015625 0.03645833333333333
0 0.63671875 0.45920138888888884 0.01171875 0.029513888888888888
0 0.87939453125 0.4800347222222222 0.0205078125 0.03993055555555555
0 0.91748046875 0.4930555555555555 0.0087890625 0.017361111111111112
0 0.83349609375 0.5694444444444444 0.0087890625 0.020833333333333332
0 0.79736328125 0.5833333333333333 0.0068359375 0.017361111111111112
0 0.68359375 0.4704861111111111 0.01171875 0.024305555555555552
0 0.482421875 0.4444444444444444 0.005859375 0.010416666666666666
0 0.38720703125 0.5711805555555555 0.0107421875 0.024305555555555552
0 0.2451171875 0.5850694444444444 0.01171875 0.020833333333333332
0 0.29150390625 0.46354166666666663 0.0126953125 0.024305555555555552
0 0.2880859375 0.40885416666666663 0.0078125 0.01909722222222222
0 0.29833984375 0.4114583333333333 0.0068359375 0.013888888888888888
0 0.263671875 0.44791666666666663 0.0078125 0.024305555555555552
0 0.2578125 0.4505208333333333 0.009765625 0.022569444444444444
0 0.22705078125 0.4366319444444444 0.0068359375 0.01909722222222222
0 0.041015625 0.41666666666666663 0.009765625 0.020833333333333332
0 0.0576171875 0.4236111111111111 0.005859375 0.013888888888888888
0 0.208984375 0.4305555555555555 0.0078125 0.017361111111111112
0 0.0146484375 0.5182291666666666 0.0078125 0.015625
0 0.34765625 0.4444444444444444 0.005859375 0.013888888888888888
0 0.36328125 0.4366319444444444 0.0078125 0.015625
0 0.3388671875 0.4348958333333333 0.005859375 0.012152777777777776
