0 0.92724609375 0.25260416666666663 0.0986328125 0.14322916666666666
0 0.8095703125 0.208984375 0.09765625 0.14973958333333331
0 0.90576171875 0.020833333333333332 0.0478515625 0.041666666666666664
0 0.748046875 0.020182291666666664 0.046875 0.04036458333333333
0 0.40478515625 0.28971354166666663 0.1201171875 0.20963541666666666
0 0.5224609375 0.16080729166666666 0.0546875 0.08463541666666666
0 0.52099609375 0.039713541666666664 0.0341796875 0.061197916666666664
0 0.30029296875 0.14453125 0.0654296875 0.1015625
0 0.31591796875 0.28190104166666663 0.1064453125 0.16276041666666666
0 0.25439453125 0.05208333333333333 0.0302734375 0.049479166666666664
0 0.29345703125 0.03450520833333333 0.0244140625 0.04036458333333333
0 0.41455078125 0.03125 0.0166015625 0.026041666666666664
0 0.3720703125 0.0234375 0.017578125 0.028645833333333332
0 0.482421875 0.018229166666666664 0.0234375 0.03645833333333333
0 0.34375 0.04036458333333333 0.01953125 0.028645833333333332
0 0.140625 0.052734375 0.017578125 0.037760416666666664
0 0.07861328125 0.07877604166666666 0.0576171875 0.08984375
0 0.02197265625 0.296875 0.0439453125 0.140625
0 0.0244140625 0.18684895833333331 0.048828125 0.16015625
0 0.1689453125 0.02734375 0.013671875 0.020833333333333332
0 0.18505859375 0.03841145833333333 0.0146484375 0.024739583333333332
0 0.31298828125 0.03841145833333333 0.0185546875 0.03255208333333333
0 0.0361328125 0.041015625 0.017578125 0.03255208333333333
0 0.06640625 0.18359375 0.076171875 0.109375
