0 0.521484375 0.7048846675712347 0.021484375 0.025780189959294434
0 0.2626953125 0.4077340569877883 0.01171875 0.017639077340569877
0 0.30908203125 0.417910447761194 0.0087890625 0.016282225237449117
0 0.32177734375 0.41723202170963364 0.0087890625 0.014925373134328356
0 0.44677734375 0.40230664857530524 0.0126953125 0.025780189959294434
0 0.5478515625 0.40162822252374486 0.017578125 0.024423337856173677
0 0.56689453125 0.4029850746268656 0.0126953125 0.018995929443690635
0 0.65966796875 0.4145183175033921 0.0166015625 0.020352781546811395
0 0.9013671875 0.4043419267299864 0.01953125 0.018995929443690635
0 0.88623046875 0.4267299864314789 0.0166015625 0.033921302578018994
