0 0.9306640625 0.3116415958142577 0.0390625 0.030739045127534337
0 0.7890625 0.2877697841726619 0.048828125 0.03531720078482669
0 0.7685546875 0.21321124918247222 0.0390625 0.031393067364290386
0 0.72705078125 0.3008502289077829 0.0224609375 0.019620667102681493
0 0.62841796875 0.28580771746239375 0.0419921875 0.034009156311314584
0 0.65625 0.29071288423806413 0.033203125 0.02681491170699804
0 0.47314453125 0.3001962066710268 0.0322265625 0.024852844996729892
0 0.5048828125 0.3060824068018313 0.025390625 0.020928711576193592
0 0.4228515625 0.28221059516023544 0.041015625 0.029431000654022238
0 0.28857421875 0.2851536952256377 0.0517578125 0.03793328973185089
0 0.16259765625 0.262589928057554 0.0537109375 0.04381948986265533
0 0.0556640625 0.3172007848266841 0.033203125 0.032701111837802485
0 0.4853515625 0.4032047089601047 0.07421875 0.060824068018312624
0 0.77490234375 0.4676258992805756 0.0927734375 0.04839764551994768
