0 0.11669921875 0.8977864583333333 0.2119140625 0.20442708333333331
0 0.560546875 0.45182291666666663 0.193359375 0.2864583333333333
0 0.97509765625 0.7526041666666666 0.0498046875 0.26822916666666663
0 0.3603515625 0.466796875 0.048828125 0.07682291666666666
0 0.208984375 0.44140625 0.0625 0.1015625
0 0.431640625 0.4388020833333333 0.0546875 0.08854166666666666
0 0.1337890625 0.31705729166666663 0.01953125 0.02734375
0 0.234375 0.2845052083333333 0.015625 0.029947916666666664
0 0.3203125 0.400390625 0.01953125 0.037760416666666664
0 0.2568359375 0.40690104166666663 0.029296875 0.04296875
0 0.2275390625 0.47721354166666663 0.041015625 0.06380208333333333
0 0.07470703125 0.38541666666666663 0.0419921875 0.05989583333333333
0 0.78515625 0.4368489583333333 0.0546875 0.07682291666666666
0 0.67431640625 0.470703125 0.0419921875 0.05859375
0 0.71533203125 0.42447916666666663 0.0205078125 0.033854166666666664
0 0.12646484375 0.41015625 0.0322265625 0.0390625
