0 0.9755859375 0.445187165775401 0.0234375 0.0374331550802139
0 0.9677734375 0.4137700534759358 0.013671875 0.020053475935828877
0 0.90576171875 0.3836898395721925 0.0341796875 0.06149732620320855
0 0.81005859375 0.4331550802139037 0.0341796875 0.05614973262032085
0 0.86474609375 0.428475935828877 0.0068359375 0.017379679144385027
0 0.78369140625 0.4184491978609625 0.0068359375 0.013368983957219251
0 0.74169921875 0.42580213903743314 0.0263671875 0.04144385026737968
0 0.69970703125 0.43114973262032086 0.0361328125 0.06016042780748663
0 0.7021484375 0.3836898395721925 0.02734375 0.05080213903743315
0 0.623046875 0.43248663101604273 0.009765625 0.020053475935828877
0 0.57958984375 0.42780748663101603 0.0400390625 0.05614973262032085
