0 0.353515625 0.3862467866323907 0.015625 0.029562982005141385
0 0.32373046875 0.37532133676092544 0.0126953125 0.02056555269922879
0 0.39208984375 0.3695372750642673 0.0205078125 0.03470437017994858
0 0.38623046875 0.4209511568123393 0.0166015625 0.037275064267352186
0 0.39697265625 0.4190231362467866 0.0205078125 0.03598971722365038
0 0.43310546875 0.4042416452442159 0.0166015625 0.03470437017994858
0 0.42333984375 0.43508997429305907 0.0263671875 0.037275064267352186
0 0.4677734375 0.3811053984575835 0.017578125 0.029562982005141385
0 0.43603515625 0.48971722365038556 0.0263671875 0.051413881748071974
0 0.3408203125 0.45501285347043696 0.021484375 0.051413881748071974
0 0.32568359375 0.4543701799485861 0.0166015625 0.04241645244215938
0 0.591796875 0.44987146529562977 0.033203125 0.051413881748071974
0 0.90625 0.3682519280205655 0.01171875 0.019280205655526992
0 0.79931640625 0.3991002570694087 0.0126953125 0.02185089974293059
0 0.927734375 0.397172236503856 0.013671875 0.02313624678663239
0 0.96875 0.3894601542416452 0.021484375 0.038560411311053984
0 0.984375 0.36053984575835474 0.009765625 0.016709511568123392
0 0.94189453125 0.4595115681233933 0.0244140625 0.037275064267352186
0 0.796875 0.4363753213367609 0.0234375 0.04241645244215938
0 0.2724609375 0.43830334190231357 0.03515625 0.056555269922879174
0 0.251953125 0.4562982005141388 0.025390625 0.04370179948586118
0 0.201171875 0.46658097686375316 0.03515625 0.05912596401028277
0 0.0869140625 0.46015424164524416 0.02734375 0.04627249357326478
0 0.06787109375 0.4755784061696658 0.0302734375 0.061696658097686374
0 0.17333984375 0.6561696658097685 0.0283203125 0.04755784061696658
