0 0.9833984375 0.28983516483516486 0.017578125 0.030219780219780223
0 0.951171875 0.3035714285714286 0.017578125 0.027472527472527476
0 0.923828125 0.3042582417582418 0.015625 0.028846153846153848
0 0.97607421875 0.23351648351648355 0.0087890625 0.013736263736263738
0 0.8876953125 0.345467032967033 0.021484375 0.03708791208791209
0 0.830078125 0.39491758241758246 0.01953125 0.028846153846153848
0 0.8232421875 0.4285714285714286 0.025390625 0.049450549450549455
0 0.7666015625 0.4127747252747253 0.02734375 0.045329670329670335
0 0.89990234375 0.41964285714285715 0.0185546875 0.034340659340659344
0 0.82470703125 0.3001373626373627 0.0068359375 0.015109890109890112
0 0.79931640625 0.2884615384615385 0.0087890625 0.013736263736263738
0 0.83349609375 0.2767857142857143 0.0068359375 0.009615384615384616
0 0.78466796875 0.30563186813186816 0.0068359375 0.012362637362637364
0 0.75634765625 0.3193681318681319 0.0087890625 0.01785714285714286
0 0.7314453125 0.33241758241758246 0.009765625 0.013736263736263738
0 0.72119140625 0.33310439560439564 0.0087890625 0.015109890109890112
0 0.70361328125 0.4127747252747253 0.0361328125 0.05631868131868132
0 0.69287109375 0.34409340659340665 0.0087890625 0.015109890109890112
0 0.65087890625 0.44299450549450553 0.0166015625 0.028846153846153848
0 0.63671875 0.3873626373626374 0.017578125 0.027472527472527476
0 0.67236328125 0.35714285714285715 0.0107421875 0.016483516483516484
0 0.6787109375 0.3392857142857143 0.0078125 0.013736263736263738
0 0.607421875 0.40315934065934067 0.013671875 0.01785714285714286
0 0.58935546875 0.38873626373626374 0.0087890625 0.01098901098901099
0 0.640625 0.4862637362637363 0.025390625 0.038461538461538464
0 0.6064453125 0.44711538461538464 0.021484375 0.034340659340659344
0 0.59033203125 0.44230769230769235 0.0146484375 0.024725274725274728
0 0.541015625 0.4759615384615385 0.03125 0.05082417582417583
0 0.51318359375 0.4979395604395605 0.0224609375 0.034340659340659344
0 0.5068359375 0.44642857142857145 0.01953125 0.03296703296703297
0 0.47265625 0.4546703296703297 0.013671875 0.030219780219780223
0 0.484375 0.451923076923077 0.009765625 0.019230769230769232
0 0.53759765625 0.4120879120879121 0.0166015625 0.02197802197802198
0 0.5478515625 0.3962912087912088 0.0078125 0.01785714285714286
0 0.56591796875 0.38804945054945056 0.0107421875 0.023351648351648352
0 0.56396484375 0.37293956043956045 0.0087890625 0.012362637362637364
0 0.46044921875 0.5178571428571429 0.0263671875 0.046703296703296704
0 0.4345703125 0.5315934065934066 0.03125 0.05494505494505495
0 0.42431640625 0.4711538461538462 0.0166015625 0.03296703296703297
0 0.39453125 0.46909340659340665 0.013671875 0.020604395604395608
0 0.40673828125 0.448489010989011 0.0126953125 0.023351648351648352
0 0.3759765625 0.44642857142857145 0.01171875 0.024725274725274728
0 0.38232421875 0.48489010989010994 0.0166015625 0.027472527472527476
0 0.38134765625 0.5467032967032968 0.0205078125 0.03571428571428572
0 0.3447265625 0.5405219780219781 0.029296875 0.04807692307692308
0 0.3544921875 0.4979395604395605 0.015625 0.034340659340659344
0 0.3359375 0.6057692307692308 0.03125 0.049450549450549455
0 0.251953125 0.639423076923077 0.025390625 0.05631868131868132
0 0.275390625 0.5418956043956045 0.021484375 0.03708791208791209
0 0.24755859375 0.5714285714285715 0.0244140625 0.046703296703296704
0 0.21826171875 0.5728021978021979 0.0185546875 0.03571428571428572
0 0.2451171875 0.5254120879120879 0.015625 0.023351648351648352
0 0.21240234375 0.5240384615384616 0.0166015625 0.0260989010989011
0 0.22998046875 0.5048076923076924 0.0126953125 0.020604395604395608
0 0.2744140625 0.5075549450549451 0.0234375 0.03708791208791209
0 0.30126953125 0.4951923076923077 0.0166015625 0.028846153846153848
0 0.16943359375 0.5384615384615385 0.0146484375 0.02197802197802198
0 0.1650390625 0.5824175824175825 0.025390625 0.041208791208791215
0 0.150390625 0.5487637362637363 0.013671875 0.01785714285714286
0 0.13720703125 0.6112637362637363 0.0302734375 0.049450549450549455
0 0.0693359375 0.6023351648351649 0.044921875 0.06730769230769232
0 0.1005859375 0.5652472527472527 0.01953125 0.034340659340659344
0 0.08251953125 0.5542582417582418 0.0107421875 0.020604395604395608
0 0.126953125 0.5467032967032968 0.013671875 0.027472527472527476
0 0.0205078125 0.592032967032967 0.0234375 0.04395604395604396
0 0.00732421875 0.6160714285714286 0.0146484375 0.01785714285714286
0 0.28125 0.4752747252747253 0.013671875 0.019230769230769232
0 0.39794921875 0.43750000000000006 0.0107421875 0.01785714285714286
0 0.388671875 0.44230769230769235 0.0078125 0.013736263736263738
