0 0.96484375 0.7364963503649634 0.048828125 0.08905109489051094
0 0.97705078125 0.8467153284671532 0.0361328125 0.07591240875912408
0 0.8427734375 0.8678832116788321 0.041015625 0.07737226277372262
0 0.75732421875 0.7102189781021897 0.0341796875 0.07153284671532846
0 0.77734375 0.7459854014598539 0.029296875 0.05547445255474452
0 0.7294921875 0.7547445255474452 0.033203125 0.058394160583941604
0 0.67529296875 0.7058394160583941 0.0283203125 0.05693430656934306
0 0.73291015625 0.6627737226277371 0.0341796875 0.058394160583941604
0 0.6728515625 0.6321167883211678 0.03515625 0.06131386861313868
0 0.86474609375 0.6817518248175182 0.0361328125 0.058394160583941604
0 0.89404296875 0.6197080291970802 0.0419921875 0.07445255474452554
0 0.689453125 0.975912408759124 0.060546875 0.04817518248175182
0 0.4990234375 0.6912408759124087 0.033203125 0.06277372262773723
0 0.4619140625 0.7481751824817517 0.029296875 0.07737226277372262
0 0.08203125 0.8985401459854014 0.04296875 0.07445255474452554
0 0.19384765625 0.8678832116788321 0.0400390625 0.07445255474452554
0 0.228515625 0.7671532846715328 0.046875 0.07445255474452554
0 0.298828125 0.8423357664233576 0.03515625 0.07883211678832117
0 0.9052734375 0.4722627737226277 0.025390625 0.04817518248175182
0 0.8369140625 0.4481751824817518 0.015625 0.029197080291970802
0 0.857421875 0.45182481751824816 0.017578125 0.0364963503649635
0 0.8564453125 0.42554744525547444 0.017578125 0.02773722627737226
0 0.80029296875 0.3802919708029197 0.0224609375 0.0364963503649635
0 0.87646484375 0.3773722627737226 0.0224609375 0.04525547445255474
0 0.7568359375 0.5861313868613138 0.033203125 0.06277372262773723
0 0.72900390625 0.5817518248175182 0.0283203125 0.04817518248175182
0 0.6904296875 0.5416058394160583 0.03125 0.05547445255474452
0 0.6728515625 0.5372262773722627 0.0234375 0.0437956204379562
0 0.861328125 0.567883211678832 0.021484375 0.0437956204379562
0 0.4609375 0.6197080291970802 0.025390625 0.06277372262773723
0 0.42578125 0.5875912408759124 0.03515625 0.059854014598540145
0 0.34814453125 0.6408759124087591 0.0283203125 0.05255474452554744
0 0.029296875 0.6386861313868613 0.025390625 0.059854014598540145
0 0.3037109375 0.5204379562043795 0.02734375 0.05401459854014598
0 0.26611328125 0.5102189781021897 0.0283203125 0.05401459854014598
0 0.28125 0.46642335766423354 0.03125 0.051094890510948905
0 0.16650390625 0.44452554744525546 0.0224609375 0.04525547445255474
0 0.10791015625 0.44233576642335765 0.0244140625 0.040875912408759124
0 0.02734375 0.3430656934306569 0.025390625 0.040875912408759124
0 0.1142578125 0.3065693430656934 0.01953125 0.032116788321167884
0 0.07470703125 0.31313868613138685 0.0185546875 0.03065693430656934
0 0.0986328125 0.3751824817518248 0.021484375 0.040875912408759124
0 0.11279296875 0.8591240875912408 0.0400390625 0.08029197080291971
0 0.1318359375 0.34890510948905107 0.013671875 0.032116788321167884
0 0.2900390625 0.3437956204379562 0.01171875 0.0218978102189781
0 0.2275390625 0.33722627737226274 0.01953125 0.03795620437956204
0 0.302734375 0.4262773722627737 0.0234375 0.0437956204379562
0 0.67529296875 0.10656934306569342 0.0126953125 0.020437956204379562
0 0.65673828125 0.02700729927007299 0.0087890625 0.016058394160583942
0 0.60986328125 0.0218978102189781 0.0107421875 0.01751824817518248
0 0.798828125 0.11240875912408758 0.01171875 0.020437956204379562
0 0.75341796875 0.11094890510948904 0.0107421875 0.020437956204379562
0 0.8515625 0.020437956204379562 0.009765625 0.020437956204379562
0 0.7490234375 0.3313868613138686 0.009765625 0.01751824817518248
0 0.7724609375 0.4029197080291971 0.029296875 0.058394160583941604
0 0.44189453125 0.856934306569343 0.0263671875 0.0875912408759124
