0 0.74951171875 0.3082489146164978 0.0283203125 0.03762662807525325
0 0.51416015625 0.4073806078147612 0.0244140625 0.04486251808972503
0 0.498046875 0.414616497829233 0.01953125 0.04196816208393632
0 0.4404296875 0.4356005788712011 0.025390625 0.04052098408104197
0 0.421875 0.46454413892908825 0.02734375 0.04630969609261939
0 0.39208984375 0.4167872648335745 0.0224609375 0.03473227206946454
0 0.361328125 0.42547033285094066 0.029296875 0.05209840810419681
0 0.33349609375 0.3784370477568741 0.0439453125 0.07380607814761216
0 0.212890625 0.28292329956584655 0.03125 0.05933429811866859
0 0.10546875 0.21852387843704774 0.03515625 0.06657018813314038
0 0.02734375 0.17583212735166423 0.021484375 0.04775687409551375
