0 0.4248046875 0.32109375 0.013671875 0.026562500000000003
0 0.396484375 0.31796875 0.01171875 0.029687500000000002
0 0.36865234375 0.41484375 0.0185546875 0.026562500000000003
0 0.357421875 0.3796875 0.013671875 0.028125
0 0.3173828125 0.33203125 0.01953125 0.029687500000000002
0 0.28955078125 0.31875000000000003 0.0146484375 0.03125
0 0.3330078125 0.4 0.015625 0.037500000000000006
0 0.22607421875 0.31953125000000004 0.0166015625 0.0234375
0 0.18896484375 0.29921875000000003 0.0146484375 0.029687500000000002
0 0.19677734375 0.3875 0.0185546875 0.03125
0 0.24169921875 0.403125 0.0166015625 0.034375
0 0.1142578125 0.35703125 0.021484375 0.035937500000000004
0 0.13623046875 0.28515625 0.0166015625 0.0328125
0 0.0869140625 0.30859375 0.015625 0.0234375
0 0.0126953125 0.31562500000000004 0.025390625 0.053125000000000006
0 0.0390625 0.32421875 0.015625 0.029687500000000002
0 0.8623046875 0.18203125 0.03125 0.0421875
0 0.47607421875 0.32343750000000004 0.0126953125 0.018750000000000003
