0 0.0888671875 0.4622395833333333 0.01171875 0.015625
0 0.08984375 0.5247395833333333 0.015625 0.026041666666666664
0 0.10498046875 0.517578125 0.0244140625 0.037760416666666664
0 0.15478515625 0.5494791666666666 0.0849609375 0.1484375
0 0.20947265625 0.4759114583333333 0.0087890625 0.014322916666666666
0 0.24853515625 0.44596354166666663 0.0419921875 0.07421875
0 0.32861328125 0.494140625 0.0166015625 0.029947916666666664
0 0.33935546875 0.49479166666666663 0.0087890625 0.015625
0 0.13720703125 0.7024739583333333 0.0810546875 0.14973958333333331
0 0.44140625 0.7278645833333333 0.0234375 0.0390625
0 0.49365234375 0.693359375 0.0263671875 0.045572916666666664
0 0.3955078125 0.6940104166666666 0.01953125 0.020833333333333332
0 0.4638671875 0.5384114583333333 0.009765625 0.016927083333333332
0 0.51123046875 0.494140625 0.0068359375 0.009114583333333332
0 0.65966796875 0.5826822916666666 0.1279296875 0.14713541666666666
0 0.75244140625 0.4251302083333333 0.0107421875 0.016927083333333332
0 0.72412109375 0.435546875 0.0107421875 0.014322916666666666
0 0.82666015625 0.48893229166666663 0.0205078125 0.03515625
0 0.859375 0.40885416666666663 0.01171875 0.018229166666666664
0 0.94580078125 0.41666666666666663 0.0107421875 0.018229166666666664
0 0.96337890625 0.46940104166666663 0.0556640625 0.07161458333333333
