0 0.6982421875 0.23372395833333331 0.05078125 0.08463541666666666
0 0.65771484375 0.23958333333333331 0.0224609375 0.03645833333333333
0 0.62744140625 0.21223958333333331 0.0126953125 0.020833333333333332
0 0.57763671875 0.18880208333333331 0.0185546875 0.03125
0 0.54345703125 0.24283854166666666 0.0517578125 0.07682291666666666
0 0.37939453125 0.16080729166666666 0.0458984375 0.07161458333333333
0 0.2666015625 0.22786458333333331 0.046875 0.07552083333333333
0 0.13623046875 0.23372395833333331 0.0556640625 0.08203125
0 0.04052734375 0.20833333333333331 0.0556640625 0.11197916666666666
0 0.935546875 0.22786458333333331 0.01171875 0.020833333333333332
0 0.98388671875 0.2610677083333333 0.0322265625 0.13151041666666666
