0 0.21923828125 0.259946949602122 0.0283203125 0.04509283819628647
0 0.32080078125 0.2619363395225464 0.0322265625 0.05172413793103448
0 0.49609375 0.27519893899204245 0.02734375 0.04376657824933687
0 0.5625 0.30503978779840846 0.021484375 0.03978779840848806
0 0.93115234375 0.29045092838196285 0.0263671875 0.03978779840848806
0 0.90673828125 0.276525198938992 0.0166015625 0.04111405835543766
0 0.8232421875 0.25397877984084877 0.0234375 0.054376657824933686
0 0.58837890625 0.2519893899204244 0.0185546875 0.03978779840848806
0 0.61376953125 0.28580901856763924 0.0205078125 0.05702917771883289
0 0.7138671875 0.2725464190981432 0.0234375 0.046419098143236075
0 0.39111328125 0.2586206896551724 0.0126953125 0.029177718832891244
0 0.37744140625 0.28315649867374004 0.0185546875 0.03846153846153846
0 0.47509765625 0.2559681697612732 0.0185546875 0.029177718832891244
0 0.513671875 0.263262599469496 0.017578125 0.03315649867374005
0 0.54150390625 0.269893899204244 0.0107421875 0.017241379310344827
0 0.5673828125 0.2679045092838196 0.021484375 0.03183023872679045
0 0.10302734375 0.20954907161803712 0.0263671875 0.06896551724137931
0 0.1474609375 0.2480106100795756 0.015625 0.023872679045092837
0 0.76025390625 0.27785145888594165 0.0244140625 0.04907161803713528
0 0.662109375 0.286472148541114 0.01953125 0.034482758620689655
0 0.68017578125 0.29973474801061006 0.0263671875 0.03713527851458886
0 0.28466796875 0.24403183023872677 0.0185546875 0.03713527851458886
0 0.10791015625 0.26856763925729443 0.0205078125 0.03315649867374005
0 0.1220703125 0.2645888594164456 0.009765625 0.022546419098143235
0 0.1337890625 0.2546419098143236 0.0078125 0.01856763925729443
