0 0.26611328125 0.3381962864721485 0.0341796875 0.04509283819628647
0 0.4072265625 0.28580901856763924 0.033203125 0.05172413793103448
0 0.50927734375 0.3017241379310345 0.0341796875 0.054376657824933686
0 0.6142578125 0.3521220159151193 0.04296875 0.05968169761273209
0 0.6064453125 0.27851458885941643 0.0390625 0.06100795755968169
0 0.00390625 0.3309018567639257 0.005859375 0.014588859416445622
0 0.15576171875 0.29774535809018565 0.0166015625 0.02519893899204244
0 0.1796875 0.3395225464190981 0.009765625 0.01326259946949602
0 0.31494140625 0.3269230769230769 0.0068359375 0.009283819628647215
0 0.28955078125 0.3275862068965517 0.0068359375 0.01326259946949602
0 0.244140625 0.3103448275862069 0.0078125 0.010610079575596816
0 0.4951171875 0.3216180371352785 0.00390625 0.00663129973474801
0 0.5048828125 0.43899204244031825 0.01953125 0.042440318302387266
