0 0.025390625 0.35211267605633806 0.01953125 0.04507042253521127
0 0.0546875 0.3387323943661972 0.02734375 0.054929577464788736
0 0.166015625 0.3119718309859155 0.0546875 0.0971830985915493
0 0.22607421875 0.35563380281690143 0.0205078125 0.06901408450704226
0 0.33154296875 0.38521126760563384 0.0205078125 0.03802816901408451
0 0.359375 0.3711267605633803 0.015625 0.06056338028169014
0 0.419921875 0.347887323943662 0.02734375 0.05070422535211268
0 0.509765625 0.36126760563380284 0.015625 0.029577464788732397
0 0.5966796875 0.36056338028169016 0.015625 0.028169014084507043
0 0.67041015625 0.3330985915492958 0.0224609375 0.06619718309859156
0 0.81396484375 0.3542253521126761 0.0126953125 0.02394366197183099
0 0.8125 0.3063380281690141 0.00390625 0.01267605633802817
0 0.83251953125 0.35563380281690143 0.0185546875 0.035211267605633804
0 0.9384765625 0.35000000000000003 0.015625 0.029577464788732397
0 0.970703125 0.36901408450704226 0.0078125 0.030985915492957747
