0 0.91015625 0.28810408921933084 0.0390625 0.0966542750929368
0 0.79345703125 0.3187732342007435 0.0341796875 0.0762081784386617
0 0.76708984375 0.08550185873605948 0.0087890625 0.018587360594795536
0 0.70849609375 0.30297397769516726 0.0419921875 0.08550185873605948
0 0.61181640625 0.2620817843866171 0.0302734375 0.05947955390334572
0 0.5810546875 0.34293680297397766 0.041015625 0.08736059479553902
0 0.57470703125 0.2128252788104089 0.0224609375 0.05762081784386617
0 0.548828125 0.24256505576208176 0.025390625 0.0724907063197026
0 0.51171875 0.20724907063197026 0.0234375 0.05018587360594795
0 0.51318359375 0.3643122676579926 0.0302734375 0.05947955390334572
0 0.4716796875 0.24442379182156132 0.02734375 0.06505576208178439
0 0.396484375 0.28345724907063197 0.0390625 0.08364312267657992
0 0.4375 0.22862453531598512 0.025390625 0.05204460966542751
0 0.35400390625 0.3020446096654275 0.0302734375 0.061338289962825275
0 0.255859375 0.40055762081784385 0.02734375 0.05018587360594795
0 0.27734375 0.38104089219330856 0.025390625 0.055762081784386616
0 0.14111328125 0.5148698884758364 0.0478515625 0.08921933085501858
0 0.03857421875 0.3856877323420074 0.0458984375 0.08736059479553902
0 0.67724609375 0.26765799256505574 0.0224609375 0.055762081784386616
0 0.64599609375 0.27416356877323417 0.0263671875 0.061338289962825275
