0 0.52001953125 0.671033478893741 0.0927734375 0.17467248908296945
0 0.2861328125 0.7692867540029112 0.056640625 0.12663755458515286
0 0.2666015625 0.678311499272198 0.0234375 0.046579330422125184
0 0.208984375 0.690684133915575 0.015625 0.030567685589519653
0 0.0888671875 0.7292576419213974 0.029296875 0.052401746724890834
0 0.6240234375 0.660844250363901 0.04296875 0.08151382823871907
0 0.6962890625 0.5756914119359534 0.021484375 0.048034934497816595
0 0.7392578125 0.6819505094614265 0.044921875 0.0975254730713246
0 0.76025390625 0.6186317321688501 0.0361328125 0.06404657933042213
0 0.72412109375 0.5793304221251819 0.0166015625 0.04366812227074236
0 0.8095703125 0.5451237263464338 0.0234375 0.042212518195050945
0 0.3291015625 0.6928675400291121 0.017578125 0.03784570596797671
0 0.3896484375 0.6390101892285299 0.017578125 0.040756914119359534
0 0.92578125 0.5866084425036391 0.03515625 0.07860262008733625
0 0.89990234375 0.4883551673944687 0.0166015625 0.030567685589519653
0 0.97802734375 0.5946142649199418 0.0439453125 0.11208151382823872
