0 0.27392578125 0.19380403458213255 0.1123046875 0.17146974063400575
0 0.09765625 0.3285302593659942 0.02734375 0.0547550432276657
0 0.12060546875 0.32348703170028814 0.0224609375 0.047550432276657055
0 0.41943359375 0.22190201729106626 0.0830078125 0.12968299711815562
0 0.4873046875 0.38256484149855907 0.083984375 0.15706051873198845
0 0.6455078125 0.25936599423631124 0.033203125 0.07780979827089336
0 0.7421875 0.3249279538904899 0.03515625 0.08789625360230546
0 0.77734375 0.3494236311239193 0.0234375 0.050432276657060515
0 0.77685546875 0.2759365994236311 0.0244140625 0.050432276657060515
0 0.85888671875 0.2723342939481268 0.0380859375 0.06628242074927954
0 0.93359375 0.32708933717579247 0.0546875 0.0893371757925072
