0 0.0205078125 0.5239327296248384 0.03125 0.04915912031047866
0 0.0458984375 0.5239327296248384 0.021484375 0.03363518758085382
0 0.21630859375 0.4210866752910738 0.0322265625 0.05562742561448901
0 0.3603515625 0.4592496765847348 0.08984375 0.19922380336351878
0 0.431640625 0.5517464424320828 0.029296875 0.037516170763260026
0 0.50927734375 0.5226390685640363 0.0126953125 0.01552393272962484
0 0.53271484375 0.5291073738680466 0.0146484375 0.028460543337645538
0 0.57861328125 0.5310478654592498 0.0107421875 0.02457956015523933
0 0.59375 0.5278137128072445 0.0078125 0.01552393272962484
0 0.64453125 0.5530401034928849 0.021484375 0.03492884864165589
0 0.6279296875 0.6901681759379044 0.046875 0.08667529107373868
0 0.46630859375 0.6733505821474774 0.0400390625 0.06597671410090557
0 0.51123046875 0.7554980595084089 0.0302734375 0.04657179818887452
0 0.67138671875 0.5569210866752912 0.0146484375 0.029754204398447608
0 0.69580078125 0.5407503234152653 0.0146484375 0.02328589909443726
0 0.70703125 0.592496765847348 0.025390625 0.04398447606727038
0 0.6884765625 0.6558861578266495 0.01953125 0.054333764553686936
0 0.77001953125 0.5278137128072445 0.0185546875 0.03104786545924968
0 0.80859375 0.5381630012936611 0.01171875 0.03104786545924968
0 0.822265625 0.5304010349288487 0.01171875 0.02328589909443726
0 0.8369140625 0.5316946959896508 0.009765625 0.01811125485122898
0 0.87646484375 0.5446313065976714 0.0263671875 0.03622250970245796
0 0.94873046875 0.5653298835705046 0.0224609375 0.04398447606727038
0 0.55859375 0.9773609314359638 0.0546875 0.04527813712807245
0 0.85888671875 0.8835705045278138 0.0673828125 0.13712807244501943
