0 0.77978515625 0.31497797356828194 0.0244140625 0.0513950073421439
0 0.8330078125 0.40748898678414097 0.048828125 0.07195301027900146
0 0.88427734375 0.3729809104258443 0.0283203125 0.049926578560939794
0 0.94482421875 0.46549192364170333 0.0615234375 0.10572687224669602
0 0.962890625 0.3355359765051395 0.044921875 0.057268722466960346
0 0.900390625 0.33627019089574156 0.017578125 0.041116005873715125
0 0.85546875 0.32819383259911894 0.025390625 0.042584434654919234
0 0.8837890625 0.2723935389133627 0.017578125 0.033773861967694566
0 0.43798828125 0.46035242290748896 0.0556640625 0.11894273127753303
0 0.384765625 0.45227606461086634 0.03125 0.049926578560939794
0 0.265625 0.36123348017621143 0.029296875 0.0381791483113069
0 0.29052734375 0.28928046989720996 0.0224609375 0.0381791483113069
0 0.30078125 0.2643171806167401 0.013671875 0.026431718061674006
0 0.2626953125 0.263582966226138 0.01171875 0.01908957415565345
0 0.24755859375 0.23861967694566813 0.0068359375 0.016152716593245228
0 0.41015625 0.2533039647577092 0.01171875 0.02202643171806167
0 0.4375 0.2841409691629956 0.013671875 0.033773861967694566
0 0.4873046875 0.29148311306901614 0.015625 0.03671071953010279
0 0.45751953125 0.3634361233480176 0.0185546875 0.042584434654919234
0 0.5029296875 0.26138032305433184 0.009765625 0.026431718061674006
0 0.56494140625 0.27165932452276065 0.0126953125 0.02936857562408223
0 0.5849609375 0.28120411160058734 0.01953125 0.03964757709251101
0 0.62060546875 0.28634361233480177 0.0185546875 0.0381791483113069
0 0.669921875 0.25624082232011747 0.01171875 0.024963289280469897
0 0.13623046875 0.3223201174743025 0.0283203125 0.04845814977973568
0 0.02099609375 0.3355359765051395 0.0419921875 0.057268722466960346
0 0.0810546875 0.3010279001468429 0.01953125 0.026431718061674006
0 0.13330078125 0.24816446402349485 0.0224609375 0.0381791483113069
0 0.1796875 0.31791483113069013 0.033203125 0.04845814977973568
0 0.1904296875 0.4728340675477239 0.072265625 0.11747430249632893
0 0.36474609375 0.3355359765051395 0.0244140625 0.03964757709251101
0 0.2119140625 0.3010279001468429 0.017578125 0.032305433186490456
0 0.18701171875 0.24963289280469897 0.0107421875 0.017621145374449337
0 0.21240234375 0.2342143906020558 0.0107421875 0.016152716593245228
0 0.1083984375 0.24522760646108663 0.009765625 0.014684287812041116
0 0.08447265625 0.23788546255506607 0.0087890625 0.014684287812041116
0 0.55029296875 0.32819383259911894 0.0439453125 0.08663729809104258
