0 0.05615234375 0.36328125 0.0205078125 0.03125
0 0.1103515625 0.29296875 0.01953125 0.028645833333333332
0 0.19189453125 0.3125 0.0224609375 0.028645833333333332
0 0.24072265625 0.3411458333333333 0.0478515625 0.05208333333333333
0 0.27490234375 0.404296875 0.0302734375 0.045572916666666664
0 0.33544921875 0.369140625 0.0185546875 0.03255208333333333
0 0.38525390625 0.39127604166666663 0.0205078125 0.029947916666666664
0 0.392578125 0.357421875 0.015625 0.024739583333333332
0 0.45068359375 0.458984375 0.0341796875 0.04817708333333333
0 0.42041015625 0.4055989583333333 0.0302734375 0.05078125
0 0.490234375 0.40690104166666663 0.02734375 0.045572916666666664
0 0.5283203125 0.283203125 0.017578125 0.02734375
0 0.57763671875 0.35026041666666663 0.0205078125 0.033854166666666664
0 0.5966796875 0.353515625 0.01171875 0.024739583333333332
0 0.6865234375 0.3359375 0.015625 0.0234375
0 0.7939453125 0.3704427083333333 0.013671875 0.03255208333333333
0 0.89013671875 0.365234375 0.0224609375 0.03515625
