0 0.99267578125 0.9375 0.0146484375 0.046875
0 0.9619140625 0.9070312500000001 0.01953125 0.045312500000000006
0 0.88330078125 0.875 0.0224609375 0.046875
0 0.8447265625 0.9632812500000001 0.025390625 0.045312500000000006
0 0.85400390625 0.9281250000000001 0.0224609375 0.05
0 0.92578125 0.96796875 0.025390625 0.0546875
0 0.7119140625 0.9070312500000001 0.029296875 0.0578125
0 0.67236328125 0.8375 0.0244140625 0.053125000000000006
0 0.646484375 0.76328125 0.025390625 0.0546875
0 0.74609375 0.74140625 0.021484375 0.0484375
0 0.80517578125 0.7679687500000001 0.0205078125 0.051562500000000004
0 0.8681640625 0.7375 0.025390625 0.05
0 0.83544921875 0.6742187500000001 0.0322265625 0.0546875
0 0.84326171875 0.571875 0.0244140625 0.053125000000000006
0 0.951171875 0.58046875 0.025390625 0.045312500000000006
0 0.9189453125 0.70234375 0.0234375 0.051562500000000004
0 0.53515625 0.8445312500000001 0.029296875 0.06406250000000001
0 0.58837890625 0.79296875 0.0224609375 0.0546875
0 0.61181640625 0.8835937500000001 0.0224609375 0.051562500000000004
0 0.4287109375 0.87265625 0.02734375 0.0578125
0 0.4951171875 0.9671875000000001 0.033203125 0.065625
0 0.32177734375 0.9265625000000001 0.0283203125 0.053125000000000006
0 0.32763671875 0.8765625 0.0283203125 0.053125000000000006
0 0.25732421875 0.84296875 0.0283203125 0.0484375
0 0.22802734375 0.9226562500000001 0.0224609375 0.051562500000000004
0 0.169921875 0.9015625 0.025390625 0.059375000000000004
0 0.1982421875 0.7601562500000001 0.025390625 0.045312500000000006
0 0.3076171875 0.671875 0.025390625 0.046875
0 0.3291015625 0.6664062500000001 0.021484375 0.0421875
0 0.4716796875 0.73828125 0.025390625 0.045312500000000006
0 0.3916015625 0.7429687500000001 0.02734375 0.0484375
0 0.6220703125 0.6890625 0.025390625 0.053125000000000006
0 0.4814453125 0.6265625 0.0234375 0.040625
0 0.44921875 0.6390625000000001 0.021484375 0.046875
0 0.298828125 0.76953125 0.025390625 0.045312500000000006
0 0.361328125 0.82734375 0.029296875 0.0546875
0 0.244140625 0.6257812500000001 0.025390625 0.0546875
0 0.36083984375 0.6414062500000001 0.0244140625 0.0578125
0 0.3359375 0.6078125000000001 0.02734375 0.05625
0 0.4033203125 0.59609375 0.021484375 0.045312500000000006
0 0.44140625 0.58203125 0.01953125 0.0484375
0 0.486328125 0.6078125000000001 0.0234375 0.046875
0 0.1728515625 0.6898437500000001 0.025390625 0.0546875
0 0.18994140625 0.59296875 0.0244140625 0.0484375
0 0.208984375 0.5710937500000001 0.0234375 0.045312500000000006
0 0.841796875 0.5085937500000001 0.021484375 0.0421875
0 0.86962890625 0.48984375 0.0185546875 0.0390625
0 0.9501953125 0.48750000000000004 0.01953125 0.043750000000000004
0 0.78857421875 0.46406250000000004 0.0205078125 0.037500000000000006
0 0.81787109375 0.42265625 0.0224609375 0.0421875
0 0.85205078125 0.44296875 0.0205078125 0.0421875
0 0.7236328125 0.36796875 0.01953125 0.0390625
0 0.68701171875 0.42265625 0.0205078125 0.0421875
0 0.65625 0.37343750000000003 0.01953125 0.040625
0 0.63720703125 0.34765625 0.0205078125 0.0390625
0 0.65283203125 0.31562500000000004 0.0185546875 0.034375
0 0.66650390625 0.31875000000000003 0.0146484375 0.03125
0 0.66552734375 0.27578125000000003 0.0185546875 0.035937500000000004
0 0.728515625 0.3296875 0.01953125 0.040625
0 0.73974609375 0.29531250000000003 0.0146484375 0.03125
0 0.759765625 0.27421875 0.01953125 0.0421875
0 0.78125 0.28359375000000003 0.01953125 0.0421875
0 0.7939453125 0.38203125000000004 0.01953125 0.0421875
0 0.603515625 0.30234375 0.013671875 0.026562500000000003
0 0.92919921875 0.27109375 0.0205078125 0.045312500000000006
0 0.95263671875 0.3046875 0.0185546875 0.037500000000000006
0 0.943359375 0.26484375 0.017578125 0.035937500000000004
0 0.73583984375 0.5593750000000001 0.0224609375 0.043750000000000004
0 0.6220703125 0.5 0.021484375 0.053125000000000006
0 0.5478515625 0.54296875 0.025390625 0.0421875
0 0.57958984375 0.6023437500000001 0.0205078125 0.045312500000000006
0 0.5517578125 0.6039062500000001 0.021484375 0.0484375
0 0.59619140625 0.45859375 0.0224609375 0.0421875
0 0.501953125 0.43125 0.0234375 0.046875
0 0.54833984375 0.48515625 0.0224609375 0.045312500000000006
0 0.46630859375 0.42500000000000004 0.0185546875 0.037500000000000006
0 0.54833984375 0.35781250000000003 0.0185546875 0.037500000000000006
0 0.5927734375 0.35078125000000004 0.01953125 0.0390625
0 0.58447265625 0.28046875 0.0185546875 0.035937500000000004
0 0.466796875 0.37343750000000003 0.017578125 0.037500000000000006
0 0.55712890625 0.24921875000000002 0.0185546875 0.0390625
0 0.61572265625 0.24140625000000002 0.0166015625 0.0328125
0 0.82421875 0.6218750000000001 0.0234375 0.046875
0 0.4423828125 0.47578125000000004 0.01953125 0.045312500000000006
0 0.3857421875 0.40234375 0.021484375 0.0421875
0 0.39208984375 0.4578125 0.0185546875 0.040625
0 0.251953125 0.49453125000000003 0.01953125 0.0421875
0 0.27685546875 0.42578125 0.0205078125 0.0421875
0 0.298828125 0.4140625 0.015625 0.037500000000000006
0 0.3369140625 0.35781250000000003 0.01953125 0.040625
0 0.20751953125 0.43671875000000004 0.0205078125 0.035937500000000004
0 0.17431640625 0.5453125 0.0224609375 0.043750000000000004
0 0.3232421875 0.4609375 0.017578125 0.040625
0 0.25634765625 0.33046875000000003 0.0205078125 0.035937500000000004
0 0.18994140625 0.31562500000000004 0.0224609375 0.040625
0 0.22314453125 0.31875000000000003 0.0166015625 0.037500000000000006
0 0.1162109375 0.496875 0.021484375 0.037500000000000006
0 0.13427734375 0.46406250000000004 0.0185546875 0.040625
0 0.09130859375 0.41484375 0.0185546875 0.035937500000000004
0 0.033203125 0.43515625 0.021484375 0.0421875
0 0.06005859375 0.5 0.0185546875 0.037500000000000006
0 0.0771484375 0.37343750000000003 0.01953125 0.040625
0 0.10009765625 0.29609375 0.0224609375 0.0421875
0 0.17041015625 0.2671875 0.0166015625 0.034375
0 0.19287109375 0.26953125 0.0146484375 0.0328125
0 0.21630859375 0.22421875000000002 0.0166015625 0.035937500000000004
0 0.1904296875 0.38515625000000003 0.01953125 0.035937500000000004
0 0.0400390625 0.34687500000000004 0.017578125 0.040625
0 0.05859375 0.30234375 0.017578125 0.0390625
0 0.04296875 0.31562500000000004 0.017578125 0.034375
0 0.0078125 0.30000000000000004 0.013671875 0.037500000000000006
0 0.076171875 0.23984375000000002 0.015625 0.0328125
0 0.0654296875 0.27890625 0.015625 0.035937500000000004
0 0.044921875 0.25078125 0.017578125 0.035937500000000004
0 0.05517578125 0.22968750000000002 0.0126953125 0.03125
0 0.02978515625 0.253125 0.0166015625 0.037500000000000006
0 0.03125 0.20703125 0.01953125 0.0390625
0 0.10400390625 0.21015625000000002 0.0146484375 0.0328125
0 0.18701171875 0.18906250000000002 0.0166015625 0.037500000000000006
0 0.1435546875 0.18203125 0.017578125 0.0328125
0 0.2099609375 0.1921875 0.013671875 0.028125
0 0.1142578125 0.8453125 0.02734375 0.059375000000000004
0 0.06591796875 0.8171875000000001 0.0244140625 0.05
0 0.07861328125 0.7359375 0.0244140625 0.05
0 0.0751953125 0.6531250000000001 0.021484375 0.05
0 0.11669921875 0.6000000000000001 0.0205078125 0.05
0 0.12353515625 0.55 0.0224609375 0.043750000000000004
0 0.00634765625 0.44453125000000004 0.0126953125 0.0421875
0 0.1259765625 0.3296875 0.015625 0.046875
0 0.16552734375 0.31640625 0.0166015625 0.035937500000000004
0 0.30517578125 0.309375 0.0205078125 0.037500000000000006
0 0.28662109375 0.34375 0.0166015625 0.040625
0 0.2578125 0.37890625 0.017578125 0.0421875
0 0.25048828125 0.43515625 0.0185546875 0.0421875
0 0.11328125 0.17265625 0.013671875 0.029687500000000002
0 0.11669921875 0.1375 0.0166015625 0.03125
0 0.0927734375 0.12578125 0.017578125 0.035937500000000004
0 0.076171875 0.1375 0.017578125 0.037500000000000006
0 0.04638671875 0.12734375 0.0166015625 0.029687500000000002
0 0.06201171875 0.0890625 0.0107421875 0.03125
0 0.0751953125 0.060937500000000006 0.015625 0.03125
0 0.01416015625 0.18906250000000002 0.0146484375 0.034375
0 0.0078125 0.14609375 0.015625 0.035937500000000004
0 0.01318359375 0.125 0.0166015625 0.034375
0 0.01708984375 0.06171875 0.0322265625 0.0328125
0 0.06201171875 0.03828125 0.0146484375 0.029687500000000002
0 0.046875 0.02421875 0.01171875 0.0328125
0 0.0087890625 0.01640625 0.013671875 0.026562500000000003
0 0.16015625 0.1609375 0.013671875 0.025
0 0.22216796875 0.15937500000000002 0.0166015625 0.025
0 0.23876953125 0.10390625 0.0146484375 0.029687500000000002
0 0.16064453125 0.1328125 0.0146484375 0.028125
0 0.1298828125 0.1234375 0.013671875 0.03125
0 0.169921875 0.09843750000000001 0.015625 0.034375
0 0.14892578125 0.08750000000000001 0.0146484375 0.028125
0 0.15771484375 0.07265625 0.0146484375 0.029687500000000002
0 0.20166015625 0.0703125 0.0126953125 0.028125
0 0.22216796875 0.07734375 0.0146484375 0.0328125
0 0.25146484375 0.05390625 0.0166015625 0.0328125
0 0.22802734375 0.047656250000000004 0.0146484375 0.029687500000000002
0 0.18408203125 0.053125000000000006 0.0146484375 0.03125
0 0.20849609375 0.0171875 0.0146484375 0.028125
0 0.1123046875 0.08125 0.013671875 0.025
0 0.08544921875 0.013281250000000001 0.0107421875 0.0234375
0 0.2900390625 0.09765625 0.013671875 0.026562500000000003
0 0.306640625 0.07265625 0.013671875 0.0328125
0 0.32275390625 0.07578125000000001 0.0146484375 0.026562500000000003
0 0.31787109375 0.039843750000000004 0.0146484375 0.026562500000000003
0 0.28662109375 0.03359375 0.0146484375 0.026562500000000003
0 0.2734375 0.022656250000000003 0.01171875 0.0234375
0 0.24072265625 0.01953125 0.0166015625 0.026562500000000003
0 0.3701171875 0.0171875 0.01171875 0.025
0 0.318359375 0.25546875 0.015625 0.035937500000000004
0 0.30517578125 0.21796875000000002 0.0166015625 0.035937500000000004
0 0.35205078125 0.21171875 0.0166015625 0.035937500000000004
0 0.38330078125 0.20859375000000002 0.0185546875 0.0390625
0 0.25439453125 0.1421875 0.0166015625 0.037500000000000006
0 0.28369140625 0.15078125 0.0146484375 0.0328125
0 0.29931640625 0.13828125 0.0146484375 0.035937500000000004
0 0.3095703125 0.13203125000000002 0.01171875 0.029687500000000002
0 0.32958984375 0.18046875 0.0126953125 0.035937500000000004
0 0.345703125 0.16718750000000002 0.01171875 0.028125
0 0.34130859375 0.05234375 0.0126953125 0.029687500000000002
0 0.39306640625 0.1484375 0.0126953125 0.03125
0 0.390625 0.1203125 0.01171875 0.028125
0 0.4970703125 0.23984375000000002 0.01953125 0.035937500000000004
0 0.51953125 0.1875 0.015625 0.03125
0 0.48486328125 0.18359375 0.0166015625 0.035937500000000004
0 0.4775390625 0.21953125 0.017578125 0.035937500000000004
0 0.3681640625 0.27187500000000003 0.015625 0.034375
0 0.5869140625 0.2328125 0.015625 0.034375
0 0.611328125 0.1953125 0.015625 0.03125
0 0.6494140625 0.2328125 0.015625 0.028125
0 0.57080078125 0.20703125 0.0146484375 0.029687500000000002
0 0.55419921875 0.19843750000000002 0.0146484375 0.037500000000000006
0 0.697265625 0.17109375000000002 0.015625 0.035937500000000004
0 0.7294921875 0.19843750000000002 0.017578125 0.037500000000000006
0 0.72705078125 0.14140625 0.0166015625 0.0390625
0 0.740234375 0.11015625000000001 0.015625 0.0328125
0 0.76025390625 0.06328125 0.0146484375 0.035937500000000004
0 0.712890625 0.02890625 0.015625 0.026562500000000003
0 0.65771484375 0.1234375 0.0166015625 0.037500000000000006
0 0.63525390625 0.09843750000000001 0.0146484375 0.034375
0 0.69287109375 0.11953125 0.0146484375 0.029687500000000002
0 0.70361328125 0.09609375 0.0146484375 0.035937500000000004
0 0.654296875 0.059375000000000004 0.017578125 0.034375
0 0.63671875 0.04609375 0.013671875 0.029687500000000002
0 0.55517578125 0.06796875000000001 0.0146484375 0.029687500000000002
0 0.53271484375 0.07500000000000001 0.0166015625 0.03125
0 0.45556640625 0.07109375 0.0146484375 0.029687500000000002
0 0.42724609375 0.33984375 0.0244140625 0.0421875
0 0.75 0.037500000000000006 0.015625 0.037500000000000006
0 0.58935546875 0.421875 0.0185546875 0.034375
0 0.77294921875 0.17109375000000002 0.0185546875 0.035937500000000004
0 0.77783203125 0.14296875 0.0166015625 0.0328125
0 0.7861328125 0.109375 0.015625 0.028125
0 0.83642578125 0.10390625 0.0146484375 0.029687500000000002
0 0.8564453125 0.08359375000000001 0.013671875 0.029687500000000002
0 0.89697265625 0.09531250000000001 0.0166015625 0.034375
0 0.94482421875 0.026562500000000003 0.0126953125 0.028125
0 0.9013671875 0.021875000000000002 0.015625 0.028125
0 0.853515625 0.034375 0.01171875 0.03125
0 0.8740234375 0.0390625 0.009765625 0.025
0 0.80908203125 0.0203125 0.0126953125 0.025
0 0.77880859375 0.05078125 0.0126953125 0.026562500000000003
0 0.81640625 0.0578125 0.013671875 0.028125
0 0.8251953125 0.1859375 0.017578125 0.034375
0 0.85400390625 0.225 0.0185546875 0.037500000000000006
0 0.88720703125 0.23046875 0.0205078125 0.0421875
0 0.908203125 0.2171875 0.017578125 0.034375
0 0.9306640625 0.22734375 0.01953125 0.0421875
0 0.89013671875 0.18906250000000002 0.0166015625 0.034375
0 0.880859375 0.14375000000000002 0.015625 0.03125
0 0.92138671875 0.15859375 0.0126953125 0.035937500000000004
0 0.9072265625 0.14453125 0.01171875 0.029687500000000002
0 0.99365234375 0.27578125000000003 0.0126953125 0.035937500000000004
0 0.95263671875 0.23671875 0.0126953125 0.0328125
0 0.95654296875 0.21250000000000002 0.0126953125 0.034375
0 0.84033203125 0.36015625 0.0185546875 0.0421875
0 0.61669921875 0.45 0.0224609375 0.040625
0 0.64013671875 0.5750000000000001 0.0224609375 0.046875
0 0.76220703125 0.35859375000000004 0.0185546875 0.045312500000000006
0 0.74853515625 0.7140625 0.0185546875 0.05
0 0.93505859375 0.84765625 0.0224609375 0.045312500000000006
0 0.26171875 0.2171875 0.01171875 0.028125
0 0.197265625 0.13984375000000002 0.013671875 0.026562500000000003
0 0.20458984375 0.13984375000000002 0.0126953125 0.0328125
0 0.22314453125 0.12890625 0.0126953125 0.029687500000000002
0 0.1435546875 0.16015625 0.013671875 0.029687500000000002
0 0.0517578125 0.18125000000000002 0.015625 0.034375
0 0.1611328125 0.23125 0.017578125 0.03125
0 0.39111328125 0.26171875 0.0185546875 0.0390625
0 0.154296875 0.9789062500000001 0.0234375 0.0421875
0 0.04736328125 0.7171875000000001 0.0205078125 0.053125000000000006
0 0.0439453125 0.6453125000000001 0.021484375 0.05625
0 0.994140625 0.52265625 0.01171875 0.0421875
0 0.39208984375 0.534375 0.0205078125 0.040625
0 0.1650390625 0.3796875 0.01953125 0.040625
0 0.3662109375 0.340625 0.017578125 0.043750000000000004
0 0.40185546875 0.3359375 0.0166015625 0.034375
0 0.4697265625 0.33203125 0.017578125 0.035937500000000004
0 0.99609375 0.22421875000000002 0.0078125 0.0390625
0 0.27734375 0.09921875000000001 0.015625 0.0328125
0 0.3076171875 0.01953125 0.01171875 0.026562500000000003
0 0.13427734375 0.05 0.0126953125 0.03125
0 0.86962890625 0.18828125 0.0166015625 0.0328125
0 0.81201171875 0.17578125 0.0146484375 0.029687500000000002
0 0.81884765625 0.11328125 0.0146484375 0.026562500000000003
0 0.82666015625 0.13515625 0.0146484375 0.029687500000000002
0 0.97021484375 0.6937500000000001 0.0205078125 0.034375
0 0.72216796875 0.6359375 0.0224609375 0.040625
0 0.638671875 0.92109375 0.03125 0.060937500000000006
0 0.54638671875 0.6898437500000001 0.0224609375 0.045312500000000006
0 0.58984375 0.68671875 0.0234375 0.0484375
0 0.25830078125 0.5625 0.0166015625 0.040625
0 0.27587890625 0.584375 0.0185546875 0.034375
0 0.26513671875 0.73828125 0.0244140625 0.045312500000000006
0 0.12353515625 0.80390625 0.0302734375 0.06406250000000001
0 0.13916015625 0.7953125000000001 0.0244140625 0.05
0 0.14501953125 0.6531250000000001 0.0224609375 0.043750000000000004
0 0.08984375 0.58125 0.021484375 0.053125000000000006
0 0.10791015625 0.25 0.0166015625 0.03125
0 0.1240234375 0.27421875 0.0234375 0.0390625
0 0.25341796875 0.28046875 0.0126953125 0.029687500000000002
0 0.49951171875 0.359375 0.0166015625 0.037500000000000006
0 0.58251953125 0.08046875 0.0146484375 0.029687500000000002
0 0.3642578125 0.1015625 0.017578125 0.034375
0 0.4970703125 0.31484375000000003 0.017578125 0.029687500000000002
0 0.0185546875 0.9796875 0.025390625 0.040625
