0 0.8916015625 0.5616319444444444 0.0546875 0.12326388888888888
0 0.740234375 0.5460069444444444 0.06640625 0.12326388888888888
0 0.8525390625 0.41840277777777773 0.044921875 0.09027777777777778
0 0.787109375 0.40885416666666663 0.037109375 0.07465277777777778
0 0.72509765625 0.4331597222222222 0.0576171875 0.10243055555555555
0 0.6552734375 0.4097222222222222 0.046875 0.09027777777777778
0 0.97216796875 0.21875 0.0244140625 0.059027777777777776
0 0.68310546875 0.2552083333333333 0.0302734375 0.0625
0 0.59765625 0.29340277777777773 0.02734375 0.04513888888888889
0 0.751953125 0.2647569444444444 0.015625 0.05034722222222222
0 0.86181640625 0.24739583333333331 0.0146484375 0.046875
0 0.4765625 0.548611111111111 0.072265625 0.17708333333333331
0 0.59521484375 0.48090277777777773 0.0595703125 0.1284722222222222
0 0.537109375 0.4288194444444444 0.041015625 0.0798611111111111
0 0.51806640625 0.3359375 0.0380859375 0.08159722222222222
0 0.40771484375 0.39496527777777773 0.0380859375 0.08159722222222222
0 0.4462890625 0.3255208333333333 0.033203125 0.078125
0 0.46240234375 0.24652777777777776 0.0224609375 0.059027777777777776
0 0.544921875 0.2543402777777778 0.025390625 0.057291666666666664
0 0.27392578125 0.4331597222222222 0.0419921875 0.08854166666666666
0 0.10791015625 0.6119791666666666 0.0771484375 0.140625
0 0.21533203125 0.6041666666666666 0.0654296875 0.12152777777777778
0 0.173828125 0.4071180555555555 0.04296875 0.07465277777777778
0 0.16552734375 0.3046875 0.0263671875 0.05381944444444444
0 0.251953125 0.2873263888888889 0.029296875 0.06076388888888889
0 0.31982421875 0.2621527777777778 0.0263671875 0.05208333333333333
0 0.39697265625 0.2734375 0.0244140625 0.05034722222222222
0 0.02880859375 0.5399305555555556 0.0517578125 0.11458333333333333
0 0.34814453125 0.40451388888888884 0.0595703125 0.1388888888888889
0 0.2607421875 0.20746527777777776 0.01953125 0.03993055555555555
0 0.37548828125 0.2560763888888889 0.0185546875 0.03645833333333333
0 0.95556640625 0.681423611111111 0.0654296875 0.16493055555555555
0 0.02734375 0.3359375 0.0234375 0.057291666666666664
