0 0.9384765625 0.39127604166666663 0.044921875 0.06640625
0 0.892578125 0.4095052083333333 0.01171875 0.01953125
0 0.8740234375 0.43033854166666663 0.01953125 0.02734375
0 0.8623046875 0.39518229166666663 0.013671875 0.02734375
0 0.79736328125 0.43815104166666663 0.0166015625 0.02734375
0 0.82666015625 0.416015625 0.0107421875 0.016927083333333332
0 0.8173828125 0.42838541666666663 0.0078125 0.013020833333333332
0 0.83984375 0.3626302083333333 0.009765625 0.014322916666666666
0 0.890625 0.3723958333333333 0.005859375 0.010416666666666666
0 0.8134765625 0.4134114583333333 0.009765625 0.016927083333333332
0 0.80029296875 0.4016927083333333 0.0087890625 0.014322916666666666
0 0.80029296875 0.3821614583333333 0.0068359375 0.01171875
0 0.77734375 0.39908854166666663 0.0078125 0.014322916666666666
0 0.76025390625 0.4329427083333333 0.0166015625 0.024739583333333332
0 0.7294921875 0.408203125 0.017578125 0.022135416666666664
0 0.658203125 0.41276041666666663 0.017578125 0.026041666666666664
0 0.681640625 0.39127604166666663 0.009765625 0.014322916666666666
0 0.74755859375 0.42447916666666663 0.0087890625 0.015625
0 0.75390625 0.4140625 0.0078125 0.013020833333333332
0 0.7001953125 0.41666666666666663 0.0078125 0.013020833333333332
0 0.68505859375 0.43424479166666663 0.0126953125 0.01953125
0 0.6787109375 0.42643229166666663 0.01171875 0.01953125
0 0.6669921875 0.40234375 0.005859375 0.010416666666666666
0 0.5927734375 0.431640625 0.015625 0.01953125
0 0.64501953125 0.4192708333333333 0.0087890625 0.015625
0 0.63427734375 0.43033854166666663 0.0107421875 0.016927083333333332
0 0.62548828125 0.42057291666666663 0.0107421875 0.015625
0 0.6259765625 0.41015625 0.009765625 0.015625
0 0.59326171875 0.41080729166666663 0.0126953125 0.016927083333333332
0 0.58349609375 0.41276041666666663 0.0107421875 0.018229166666666664
0 0.56201171875 0.43619791666666663 0.0166015625 0.0234375
0 0.56884765625 0.41861979166666663 0.0126953125 0.01953125
0 0.54541015625 0.42057291666666663 0.0107421875 0.015625
0 0.51123046875 0.41861979166666663 0.0146484375 0.016927083333333332
0 0.498046875 0.427734375 0.009765625 0.014322916666666666
0 0.48876953125 0.43359375 0.0146484375 0.0234375
0 0.44140625 0.43359375 0.017578125 0.026041666666666664
0 0.43017578125 0.42838541666666663 0.0107421875 0.015625
0 0.4208984375 0.421875 0.009765625 0.015625
0 0.3916015625 0.4270833333333333 0.009765625 0.015625
0 0.38671875 0.431640625 0.009765625 0.014322916666666666
0 0.37060546875 0.4375 0.0146484375 0.0234375
0 0.3427734375 0.44140625 0.009765625 0.013020833333333332
0 0.33642578125 0.4309895833333333 0.0107421875 0.015625
0 0.34765625 0.431640625 0.005859375 0.009114583333333332
0 0.27685546875 0.4583333333333333 0.0146484375 0.026041666666666664
0 0.263671875 0.439453125 0.013671875 0.01953125
0 0.275390625 0.43359375 0.009765625 0.015625
0 0.2138671875 0.45377604166666663 0.013671875 0.01953125
0 0.24951171875 0.44401041666666663 0.0107421875 0.018229166666666664
0 0.22412109375 0.443359375 0.0126953125 0.024739583333333332
0 0.13525390625 0.556640625 0.0517578125 0.06380208333333333
0 0.181640625 0.4446614583333333 0.0234375 0.037760416666666664
0 0.14404296875 0.4296875 0.0068359375 0.013020833333333332
0 0.15771484375 0.416015625 0.0068359375 0.009114583333333332
0 0.15478515625 0.47721354166666663 0.0068359375 0.01171875
0 0.09033203125 0.4609375 0.0107421875 0.015625
0 0.1259765625 0.4563802083333333 0.009765625 0.01953125
0 0.13134765625 0.419921875 0.0087890625 0.01171875
0 0.154296875 0.40234375 0.005859375 0.010416666666666666
0 0.1103515625 0.38346354166666663 0.005859375 0.01171875
0 0.091796875 0.439453125 0.0078125 0.016927083333333332
0 0.07470703125 0.4446614583333333 0.0107421875 0.014322916666666666
0 0.0478515625 0.46354166666666663 0.015625 0.026041666666666664
0 0.01953125 0.4485677083333333 0.009765625 0.014322916666666666
0 0.05517578125 0.44010416666666663 0.0087890625 0.013020833333333332
0 0.02294921875 0.4798177083333333 0.0107421875 0.016927083333333332
