0 0.97509765625 0.7865707434052758 0.0185546875 0.026378896882494004
0 0.810546875 0.8357314148681054 0.005859375 0.02398081534772182
0 0.865234375 0.8231414868105515 0.009765625 0.029976019184652276
0 0.96923828125 0.7080335731414867 0.0048828125 0.010791366906474819
0 0.76220703125 0.7254196642685851 0.0087890625 0.016786570743405275
0 0.8701171875 0.697242206235012 0.0078125 0.013189448441247002
0 0.958984375 0.6918465227817745 0.00390625 0.007194244604316546
0 0.9482421875 0.6756594724220623 0.00390625 0.008393285371702638
0 0.87060546875 0.7206235011990407 0.0087890625 0.014388489208633093
0 0.8759765625 0.6504796163069544 0.00390625 0.005995203836930455
0 0.9287109375 0.6570743405275778 0.00390625 0.007194244604316546
0 0.8427734375 0.6768585131894483 0.00390625 0.005995203836930455
0 0.98388671875 0.697841726618705 0.0087890625 0.01199040767386091
0 0.74072265625 0.6888489208633093 0.0048828125 0.008393285371702638
0 0.7763671875 0.6912470023980815 0.005859375 0.008393285371702638
0 0.791015625 0.6906474820143884 0.005859375 0.009592326139088728
0 0.697265625 0.7104316546762589 0.0078125 0.010791366906474819
0 0.671875 0.7026378896882494 0.005859375 0.009592326139088728
0 0.66015625 0.7308153477218224 0.009765625 0.013189448441247002
0 0.5888671875 0.7272182254196642 0.005859375 0.015587529976019183
0 0.65966796875 0.7008393285371702 0.0048828125 0.008393285371702638
0 0.58447265625 0.6996402877697842 0.0048828125 0.008393285371702638
0 0.53955078125 0.7452038369304556 0.0087890625 0.013189448441247002
0 0.5029296875 0.7811750599520383 0.009765625 0.015587529976019183
0 0.50146484375 0.6942446043165467 0.0048828125 0.007194244604316546
0 0.4814453125 0.7236211031175059 0.005859375 0.008393285371702638
0 0.4638671875 0.7062350119904076 0.0078125 0.009592326139088728
0 0.4384765625 0.7092326139088728 0.005859375 0.008393285371702638
0 0.486328125 0.6888489208633093 0.00390625 0.005995203836930455
0 0.5439453125 0.7044364508393285 0.0078125 0.010791366906474819
0 0.41259765625 0.7571942446043165 0.0087890625 0.02278177458033573
0 0.3583984375 0.7589928057553956 0.015625 0.02398081534772182
0 0.3857421875 0.7362110311750599 0.01171875 0.014388489208633093
0 0.31640625 0.7104316546762589 0.0078125 0.010791366906474819
0 0.283203125 0.7356115107913669 0.01171875 0.017985611510791366
0 0.267578125 0.6828537170263789 0.0078125 0.015587529976019183
0 0.25439453125 0.6864508393285371 0.0029296875 0.015587529976019183
0 0.38134765625 0.711630695443645 0.0068359375 0.010791366906474819
0 0.57958984375 0.7236211031175059 0.0068359375 0.010791366906474819
0 0.58544921875 0.7104316546762589 0.0087890625 0.013189448441247002
0 0.56640625 0.6924460431654675 0.005859375 0.010791366906474819
0 0.11572265625 0.6822541966426858 0.0048828125 0.009592326139088728
0 0.1005859375 0.6792565947242206 0.005859375 0.008393285371702638
0 0.08984375 0.6936450839328536 0.00390625 0.005995203836930455
0 0.42919921875 0.6912470023980815 0.0048828125 0.008393285371702638
0 0.40478515625 0.7134292565947242 0.0068359375 0.009592326139088728
0 0.3017578125 0.6942446043165467 0.005859375 0.007194244604316546
0 0.37744140625 0.6966426858513189 0.0048828125 0.007194244604316546
0 0.36474609375 0.6948441247002397 0.0068359375 0.010791366906474819
0 0.35791015625 0.6834532374100719 0.0048828125 0.007194244604316546
0 0.8212890625 0.7074340527577937 0.005859375 0.01199040767386091
0 0.82177734375 0.6798561151079137 0.0029296875 0.007194244604316546
0 0.72216796875 0.6924460431654675 0.0048828125 0.005995203836930455
0 0.79736328125 0.7158273381294964 0.0087890625 0.01199040767386091
0 0.70751953125 0.6990407673860911 0.0068359375 0.009592326139088728
0 0.701171875 0.6696642685851318 0.00390625 0.005995203836930455
0 0.7607421875 0.6708633093525179 0.00390625 0.005995203836930455
0 0.96142578125 0.6870503597122302 0.0048828125 0.007194244604316546
0 0.89208984375 0.6948441247002397 0.0048828125 0.010791366906474819
0 0.890625 0.6750599520383692 0.0078125 0.009592326139088728
0 0.9658203125 0.6750599520383692 0.005859375 0.007194244604316546
0 0.9716796875 0.6798561151079137 0.005859375 0.004796163069544364
0 0.96484375 0.6828537170263789 0.00390625 0.005995203836930455
0 0.62939453125 0.738009592326139 0.0068359375 0.013189448441247002
0 0.64990234375 0.7260191846522781 0.0107421875 0.013189448441247002
0 0.56640625 0.7134292565947242 0.0078125 0.009592326139088728
0 0.5751953125 0.7020383693045563 0.005859375 0.008393285371702638
0 0.69482421875 0.685251798561151 0.0048828125 0.008393285371702638
0 0.6240234375 0.685251798561151 0.005859375 0.005995203836930455
0 0.43017578125 0.7212230215827338 0.0048828125 0.013189448441247002
0 0.45166015625 0.7577937649880095 0.0068359375 0.016786570743405275
0 0.7314453125 0.7074340527577937 0.005859375 0.009592326139088728
0 0.9150390625 0.6960431654676259 0.005859375 0.008393285371702638
0 0.91943359375 0.7194244604316546 0.0068359375 0.014388489208633093
0 0.6884765625 0.6690647482014388 0.00390625 0.004796163069544364
