0 0.0361328125 0.4567375886524823 0.01171875 0.02269503546099291
0 0.08154296875 0.4468085106382979 0.0107421875 0.014184397163120569
0 0.1181640625 0.4390070921985816 0.01171875 0.03262411347517731
0 0.17529296875 0.449645390070922 0.0205078125 0.03687943262411348
0 0.19921875 0.46241134751773055 0.01953125 0.028368794326241138
0 0.29345703125 0.4567375886524823 0.0185546875 0.03687943262411348
0 0.37548828125 0.4673758865248227 0.0205078125 0.04397163120567376
0 0.4130859375 0.45957446808510644 0.017578125 0.04255319148936171
0 0.46435546875 0.4510638297872341 0.0126953125 0.028368794326241138
0 0.482421875 0.47375886524822697 0.017578125 0.03404255319148936
0 0.54443359375 0.4375886524822695 0.0166015625 0.029787234042553193
0 0.5927734375 0.4560283687943263 0.0234375 0.04964539007092199
0 0.67919921875 0.47304964539007094 0.0146484375 0.03262411347517731
0 0.720703125 0.4567375886524823 0.01953125 0.03404255319148936
0 0.75146484375 0.49290780141843976 0.0224609375 0.03829787234042553
0 0.82421875 0.47801418439716314 0.015625 0.03687943262411348
0 0.8701171875 0.4269503546099291 0.009765625 0.019858156028368795
0 0.962890625 0.43546099290780144 0.021484375 0.03971631205673759
0 0.84814453125 0.4042553191489362 0.0068359375 0.011347517730496455
0 0.6259765625 0.44326241134751776 0.013671875 0.03546099290780142
0 0.6103515625 0.4375886524822695 0.01171875 0.03546099290780142
0 0.55517578125 0.448936170212766 0.0126953125 0.01843971631205674
0 0.5732421875 0.44042553191489364 0.013671875 0.024113475177304965
0 0.5068359375 0.4468085106382979 0.009765625 0.02269503546099291
0 0.51806640625 0.449645390070922 0.0068359375 0.014184397163120569
0 0.48681640625 0.4326241134751773 0.0107421875 0.01702127659574468
0 0.47998046875 0.4269503546099291 0.0087890625 0.014184397163120569
0 0.43798828125 0.4439716312056738 0.0087890625 0.01702127659574468
0 0.3994140625 0.4326241134751773 0.01171875 0.019858156028368795
0 0.37109375 0.4319148936170213 0.013671875 0.021276595744680854
0 0.3408203125 0.4631205673758866 0.0078125 0.01843971631205674
0 0.32763671875 0.4673758865248227 0.0087890625 0.021276595744680854
0 0.34033203125 0.4326241134751773 0.0087890625 0.011347517730496455
0 0.3056640625 0.42411347517730497 0.0078125 0.011347517730496455
0 0.296875 0.4205673758865249 0.005859375 0.009929078014184398
0 0.267578125 0.44326241134751776 0.01171875 0.021276595744680854
0 0.248046875 0.4517730496453901 0.009765625 0.012765957446808512
0 0.2275390625 0.45744680851063835 0.0078125 0.012765957446808512
0 0.22216796875 0.4276595744680851 0.0087890625 0.012765957446808512
0 0.1396484375 0.4390070921985816 0.009765625 0.015602836879432626
0 0.06396484375 0.43049645390070923 0.0048828125 0.009929078014184398
0 0.14794921875 0.4297872340425532 0.0068359375 0.01702127659574468
0 0.19140625 0.4390070921985816 0.0078125 0.009929078014184398
0 0.2294921875 0.4460992907801419 0.005859375 0.012765957446808512
0 0.15478515625 0.43049645390070923 0.0068359375 0.012765957446808512
0 0.32666015625 0.423404255319149 0.0068359375 0.009929078014184398
0 0.28271484375 0.4163120567375887 0.0068359375 0.009929078014184398
