0 0.31298828125 0.533179012345679 0.0458984375 0.10956790123456789
0 0.296875 0.4567901234567901 0.05078125 0.07407407407407407
0 0.25341796875 0.5054012345679012 0.0322265625 0.07870370370370369
0 0.20263671875 0.5424382716049383 0.0185546875 0.035493827160493825
0 0.10595703125 0.6844135802469136 0.0458984375 0.09104938271604937
0 0.05419921875 0.8433641975308641 0.1083984375 0.18364197530864196
0 0.08642578125 0.6033950617283951 0.0244140625 0.046296296296296294
0 0.14404296875 0.5617283950617283 0.0107421875 0.015432098765432098
0 0.20947265625 0.529320987654321 0.0166015625 0.027777777777777776
0 0.12109375 0.5709876543209876 0.013671875 0.021604938271604937
0 0.10205078125 0.591820987654321 0.0126953125 0.020061728395061727
0 0.0654296875 0.6118827160493827 0.013671875 0.035493827160493825
0 0.0517578125 0.6211419753086419 0.009765625 0.016975308641975308
0 0.03173828125 0.6273148148148148 0.0087890625 0.020061728395061727
0 0.01318359375 0.6466049382716049 0.0107421875 0.015432098765432098
0 0.201171875 0.4884259259259259 0.009765625 0.016975308641975308
0 0.19287109375 0.4907407407407407 0.0087890625 0.021604938271604937
0 0.185546875 0.48070987654320985 0.009765625 0.016975308641975308
0 0.15478515625 0.5493827160493827 0.0126953125 0.024691358024691357
0 0.1484375 0.375 0.052734375 0.09567901234567901
0 0.22705078125 0.4637345679012345 0.0166015625 0.023148148148148147
0 0.2451171875 0.44907407407407407 0.009765625 0.012345679012345678
0 0.181640625 0.5084876543209876 0.01171875 0.016975308641975308
0 0.373046875 0.38425925925925924 0.009765625 0.021604938271604937
0 0.37109375 0.41203703703703703 0.015625 0.024691358024691357
0 0.39208984375 0.3040123456790123 0.0068359375 0.015432098765432098
0 0.39501953125 0.3294753086419753 0.0087890625 0.016975308641975308
0 0.39990234375 0.30709876543209874 0.0068359375 0.012345679012345678
0 0.3408203125 0.46141975308641975 0.009765625 0.015432098765432098
0 0.36181640625 0.4567901234567901 0.0087890625 0.015432098765432098
0 0.38134765625 0.45216049382716045 0.0087890625 0.018518518518518517
0 0.35693359375 0.39043209876543206 0.0087890625 0.018518518518518517
0 0.7939453125 0.2646604938271605 0.052734375 0.10956790123456789
0 0.83984375 0.2183641975308642 0.05078125 0.09104938271604937
0 0.69873046875 0.20833333333333331 0.0146484375 0.037037037037037035
0 0.6640625 0.22839506172839505 0.01171875 0.027777777777777776
0 0.65771484375 0.24305555555555555 0.0107421875 0.023148148148148147
0 0.67041015625 0.1905864197530864 0.0146484375 0.032407407407407406
0 0.69091796875 0.2368827160493827 0.0126953125 0.023148148148148147
0 0.751953125 0.17129629629629628 0.021484375 0.033950617283950615
0 0.8095703125 0.14969135802469136 0.017578125 0.030864197530864196
0 0.7138671875 0.19212962962962962 0.017578125 0.035493827160493825
0 0.73388671875 0.1905864197530864 0.0087890625 0.023148148148148147
0 0.74560546875 0.18595679012345678 0.0107421875 0.020061728395061727
0 0.70654296875 0.16203703703703703 0.0087890625 0.018518518518518517
0 0.7138671875 0.27314814814814814 0.033203125 0.05555555555555555
0 0.81689453125 0.09259259259259259 0.0185546875 0.046296296296296294
0 0.87744140625 0.08179012345679013 0.0205078125 0.037037037037037035
0 0.94970703125 0.17901234567901234 0.0771484375 0.16358024691358025
0 0.98193359375 0.25308641975308643 0.0361328125 0.10802469135802469
0 0.64306640625 0.4645061728395061 0.2509765625 0.47530864197530864
0 0.39208984375 0.6381172839506173 0.0849609375 0.16820987654320987
