0 0.10009765625 0.412109375 0.0244140625 0.05078125
0 0.1953125 0.408203125 0.025390625 0.04817708333333333
0 0.28955078125 0.421875 0.0146484375 0.033854166666666664
0 0.32421875 0.4192708333333333 0.01953125 0.0390625
0 0.361328125 0.46158854166666663 0.01953125 0.04817708333333333
0 0.51171875 0.4309895833333333 0.021484375 0.041666666666666664
0 0.55078125 0.443359375 0.015625 0.037760416666666664
0 0.56103515625 0.44791666666666663 0.0224609375 0.057291666666666664
0 0.57958984375 0.412109375 0.0205078125 0.06640625
0 0.69580078125 0.43229166666666663 0.0537109375 0.10416666666666666
0 0.76318359375 0.4212239583333333 0.0205078125 0.04036458333333333
0 0.8212890625 0.283203125 0.11328125 0.17578125
0 0.9697265625 0.3899739583333333 0.02734375 0.07161458333333333
0 0.673828125 0.412109375 0.015625 0.022135416666666664
