0 0.875 0.7660818713450293 0.017578125 0.03216374269005848
0 0.744140625 0.7909356725146198 0.021484375 0.04093567251461988
0 0.96533203125 0.8830409356725146 0.0224609375 0.043859649122807015
0 0.96533203125 0.8070175438596491 0.0263671875 0.04093567251461988
0 0.90380859375 0.7280701754385964 0.0166015625 0.03216374269005848
0 0.7587890625 0.7141812865497076 0.017578125 0.03070175438596491
0 0.681640625 0.6769005847953216 0.015625 0.03216374269005848
0 0.86376953125 0.560672514619883 0.0126953125 0.024853801169590642
0 0.90087890625 0.5497076023391813 0.0126953125 0.023391812865497075
0 0.9501953125 0.577485380116959 0.015625 0.02631578947368421
0 0.9560546875 0.6557017543859649 0.017578125 0.033625730994152045
0 0.84765625 0.6447368421052632 0.015625 0.03216374269005848
0 0.884765625 0.6257309941520468 0.013671875 0.02631578947368421
0 0.828125 0.6659356725146198 0.015625 0.03070175438596491
0 0.58740234375 0.6454678362573099 0.0146484375 0.021929824561403508
0 0.58349609375 0.6812865497076023 0.0126953125 0.02046783625730994
0 0.67333984375 0.597953216374269 0.0126953125 0.023391812865497075
0 0.71484375 0.5372807017543859 0.01171875 0.021929824561403508
0 0.80078125 0.5321637426900585 0.01171875 0.023391812865497075
0 0.81640625 0.5482456140350876 0.01171875 0.023391812865497075
0 0.81982421875 0.5087719298245614 0.0087890625 0.02046783625730994
0 0.77783203125 0.9057017543859649 0.0126953125 0.033625730994152045
0 0.71337890625 0.9437134502923976 0.0244140625 0.04824561403508772
0 0.8330078125 0.8333333333333333 0.017578125 0.029239766081871343
0 0.880859375 0.9846491228070174 0.025390625 0.03070175438596491
0 0.74755859375 0.6067251461988303 0.0166015625 0.023391812865497075
0 0.67626953125 0.48026315789473684 0.0087890625 0.01608187134502924
0 0.564453125 0.4861111111111111 0.0078125 0.01608187134502924
0 0.70703125 0.49122807017543857 0.0078125 0.023391812865497075
0 0.748046875 0.5650584795321637 0.01171875 0.021929824561403508
0 0.9619140625 0.4809941520467836 0.009765625 0.02046783625730994
0 0.99560546875 0.5818713450292398 0.0087890625 0.02631578947368421
0 0.86083984375 0.5233918128654971 0.0087890625 0.017543859649122806
0 0.28857421875 0.8479532163742689 0.0224609375 0.04093567251461988
0 0.3193359375 0.8684210526315789 0.01953125 0.04093567251461988
0 0.27685546875 0.7521929824561403 0.0205078125 0.033625730994152045
0 0.38818359375 0.5548245614035088 0.0107421875 0.021929824561403508
0 0.28955078125 0.6023391812865497 0.0146484375 0.02631578947368421
0 0.27392578125 0.5913742690058479 0.0126953125 0.024853801169590642
0 0.34716796875 0.5723684210526315 0.0107421875 0.01608187134502924
0 0.39599609375 0.5197368421052632 0.0107421875 0.019005847953216373
0 0.42041015625 0.5109649122807017 0.0087890625 0.01608187134502924
0 0.4677734375 0.48318713450292394 0.0078125 0.01608187134502924
0 0.3544921875 0.5058479532163742 0.0078125 0.014619883040935672
0 0.29443359375 0.5467836257309941 0.0107421875 0.023391812865497075
0 0.30419921875 0.513157894736842 0.0107421875 0.017543859649122806
0 0.44873046875 0.5548245614035088 0.0087890625 0.019005847953216373
0 0.5087890625 0.5899122807017544 0.01171875 0.021929824561403508
0 0.51513671875 0.7017543859649122 0.0166015625 0.02631578947368421
0 0.515625 0.7529239766081871 0.013671875 0.02631578947368421
0 0.51025390625 0.6637426900584795 0.0126953125 0.02046783625730994
0 0.5537109375 0.5694444444444444 0.013671875 0.024853801169590642
0 0.47119140625 0.5899122807017544 0.0146484375 0.027777777777777776
0 0.37109375 0.47953216374269003 0.0078125 0.02046783625730994
0 0.3447265625 0.4751461988304093 0.0078125 0.017543859649122806
0 0.32763671875 0.5694444444444444 0.0107421875 0.021929824561403508
0 0.41455078125 0.45687134502923976 0.0068359375 0.01608187134502924
0 0.5908203125 0.4773391812865497 0.0078125 0.021929824561403508
0 0.45947265625 0.527046783625731 0.0087890625 0.021929824561403508
0 0.4541015625 0.5043859649122807 0.0078125 0.017543859649122806
0 0.01513671875 0.7945906432748537 0.0166015625 0.033625730994152045
0 0.06005859375 0.9130116959064327 0.0146484375 0.027777777777777776
0 0.015625 0.9729532163742689 0.01953125 0.03654970760233918
0 0.14453125 0.9327485380116959 0.0234375 0.03508771929824561
0 0.22998046875 0.9722222222222222 0.0185546875 0.043859649122807015
0 0.2216796875 0.7989766081871345 0.017578125 0.03070175438596491
0 0.197265625 0.7156432748538011 0.015625 0.027777777777777776
0 0.11767578125 0.702485380116959 0.0166015625 0.03070175438596491
0 0.0888671875 0.6476608187134503 0.015625 0.02631578947368421
0 0.1767578125 0.6747076023391813 0.013671875 0.024853801169590642
0 0.23779296875 0.6374269005847952 0.0126953125 0.02631578947368421
0 0.1357421875 0.611111111111111 0.013671875 0.023391812865497075
0 0.1513671875 0.5752923976608186 0.01171875 0.024853801169590642
0 0.20263671875 0.5818713450292398 0.0107421875 0.023391812865497075
0 0.19482421875 0.611111111111111 0.0126953125 0.02046783625730994
0 0.255859375 0.5299707602339181 0.009765625 0.019005847953216373
0 0.255859375 0.6703216374269005 0.01171875 0.024853801169590642
0 0.03857421875 0.7733918128654971 0.0146484375 0.02046783625730994
0 0.09814453125 0.695906432748538 0.0126953125 0.023391812865497075
0 0.21044921875 0.5416666666666666 0.0107421875 0.019005847953216373
0 0.31591796875 0.7828947368421052 0.0146484375 0.027777777777777776
0 0.1865234375 0.4773391812865497 0.009765625 0.019005847953216373
0 0.17626953125 0.4276315789473684 0.0087890625 0.01608187134502924
0 0.91796875 0.3786549707602339 0.009765625 0.023391812865497075
0 0.93212890625 0.4583333333333333 0.0087890625 0.019005847953216373
0 0.70654296875 0.45979532163742687 0.0087890625 0.01608187134502924
0 0.8740234375 0.44225146198830406 0.009765625 0.01608187134502924
0 0.92138671875 0.43932748538011696 0.0087890625 0.019005847953216373
0 0.70068359375 0.3823099415204678 0.0087890625 0.01608187134502924
0 0.74755859375 0.3611111111111111 0.0068359375 0.014619883040935672
0 0.72412109375 0.4225146198830409 0.0087890625 0.017543859649122806
0 0.87939453125 0.37646198830409355 0.0068359375 0.01608187134502924
0 0.55126953125 0.3684210526315789 0.0048828125 0.011695906432748537
0 0.4814453125 0.39473684210526316 0.005859375 0.011695906432748537
0 0.4833984375 0.4400584795321637 0.005859375 0.011695906432748537
0 0.44873046875 0.4437134502923976 0.0068359375 0.013157894736842105
0 0.49609375 0.3954678362573099 0.005859375 0.013157894736842105
0 0.53369140625 0.3676900584795321 0.0048828125 0.01023391812865497
0 0.5615234375 0.42836257309941517 0.0078125 0.017543859649122806
0 0.59814453125 0.44225146198830406 0.0087890625 0.01608187134502924
0 0.49267578125 0.38084795321637427 0.0068359375 0.01023391812865497
0 0.46630859375 0.375 0.0048828125 0.01023391812865497
0 0.451171875 0.375 0.005859375 0.013157894736842105
0 0.423828125 0.3830409356725146 0.005859375 0.011695906432748537
0 0.33642578125 0.4605263157894737 0.0068359375 0.014619883040935672
0 0.20703125 0.48830409356725146 0.0078125 0.014619883040935672
0 0.220703125 0.391812865497076 0.005859375 0.011695906432748537
0 0.369140625 0.42397660818713445 0.0078125 0.014619883040935672
0 0.0478515625 0.5533625730994152 0.009765625 0.021929824561403508
0 0.09423828125 0.5921052631578947 0.0126953125 0.023391812865497075
0 0.02294921875 0.6732456140350876 0.0146484375 0.021929824561403508
0 0.15673828125 0.6432748538011696 0.0107421875 0.02046783625730994
0 0.81982421875 0.4539473684210526 0.0087890625 0.019005847953216373
0 0.24755859375 0.4583333333333333 0.0087890625 0.013157894736842105
0 0.1962890625 0.44298245614035087 0.0078125 0.014619883040935672
0 0.193359375 0.41812865497076024 0.005859375 0.011695906432748537
0 0.18603515625 0.4225146198830409 0.0068359375 0.011695906432748537
0 0.326171875 0.3713450292397661 0.005859375 0.011695906432748537
0 0.3095703125 0.38523391812865493 0.005859375 0.013157894736842105
0 0.30224609375 0.3830409356725146 0.0048828125 0.011695906432748537
0 0.33154296875 0.44225146198830406 0.0048828125 0.013157894736842105
0 0.37548828125 0.3845029239766082 0.0048828125 0.011695906432748537
0 0.35498046875 0.40716374269005845 0.0068359375 0.013157894736842105
0 0.28271484375 0.3823099415204678 0.0048828125 0.01023391812865497
0 0.27294921875 0.3706140350877193 0.0048828125 0.01023391812865497
0 0.40771484375 0.34576023391812866 0.0048828125 0.01023391812865497
0 0.23583984375 0.36330409356725146 0.0048828125 0.01023391812865497
0 0.19921875 0.3961988304093567 0.005859375 0.008771929824561403
0 0.337890625 0.42543859649122806 0.005859375 0.008771929824561403
0 0.30419921875 0.3676900584795321 0.0048828125 0.007309941520467836
0 0.26220703125 0.3530701754385965 0.0048828125 0.007309941520467836
0 0.36474609375 0.3735380116959064 0.0048828125 0.01023391812865497
0 0.748046875 0.4407894736842105 0.0078125 0.01608187134502924
0 0.83447265625 0.37573099415204675 0.0087890625 0.014619883040935672
0 0.79638671875 0.48318713450292394 0.0087890625 0.019005847953216373
0 0.78515625 0.4013157894736842 0.0078125 0.01608187134502924
0 0.14599609375 0.46929824561403505 0.0068359375 0.014619883040935672
0 0.2275390625 0.37938596491228066 0.005859375 0.01023391812865497
0 0.49267578125 0.34576023391812866 0.0048828125 0.01023391812865497
0 0.51513671875 0.3501461988304093 0.0048828125 0.01023391812865497
0 0.51611328125 0.3355263157894737 0.0048828125 0.01023391812865497
0 0.55419921875 0.34064327485380114 0.0048828125 0.008771929824561403
0 0.57470703125 0.35526315789473684 0.0048828125 0.011695906432748537
0 0.5615234375 0.36549707602339176 0.005859375 0.011695906432748537
0 0.59716796875 0.3669590643274854 0.0048828125 0.011695906432748537
0 0.60888671875 0.3472222222222222 0.0048828125 0.01023391812865497
0 0.67431640625 0.3391812865497076 0.0048828125 0.008771929824561403
0 0.56396484375 0.3340643274853801 0.0048828125 0.01023391812865497
0 0.5322265625 0.34502923976608185 0.00390625 0.008771929824561403
0 0.4794921875 0.3501461988304093 0.00390625 0.01023391812865497
0 0.1298828125 0.7441520467836257 0.021484375 0.03216374269005848
0 0.10302734375 0.8428362573099415 0.0146484375 0.03070175438596491
0 0.03466796875 0.7353801169590642 0.0166015625 0.023391812865497075
0 0.1162109375 0.5730994152046783 0.01171875 0.023391812865497075
0 0.97705078125 0.4583333333333333 0.0107421875 0.019005847953216373
0 0.986328125 0.4861111111111111 0.009765625 0.019005847953216373
0 0.75146484375 0.418859649122807 0.0068359375 0.013157894736842105
0 0.4111328125 0.4941520467836257 0.0078125 0.014619883040935672
0 0.5107421875 0.4298245614035088 0.0078125 0.011695906432748537
0 0.1669921875 0.5643274853801169 0.009765625 0.017543859649122806
