0 0.24658203125 0.3970802919708029 0.0322265625 0.049635036496350364
0 0.20361328125 0.391970802919708 0.0205078125 0.04233576642335766
0 0.1181640625 0.3941605839416058 0.0234375 0.04671532846715328
0 0.11572265625 0.34744525547445254 0.0205078125 0.0437956204379562
0 0.15673828125 0.35620437956204376 0.0166015625 0.032116788321167884
0 0.1943359375 0.3481751824817518 0.017578125 0.02773722627737226
0 0.17236328125 0.3313868613138686 0.0166015625 0.029197080291970802
0 0.18408203125 0.3072992700729927 0.0126953125 0.01897810218978102
0 0.0576171875 0.34963503649635036 0.015625 0.03357664233576642
0 0.5068359375 0.45109489051094886 0.029296875 0.05547445255474452
0 0.6611328125 0.41532846715328464 0.021484375 0.05401459854014598
0 0.55615234375 0.3481751824817518 0.0146484375 0.03065693430656934
0 0.50830078125 0.36642335766423356 0.0263671875 0.06423357664233577
0 0.72607421875 0.3160583941605839 0.0224609375 0.03941605839416058
0 0.423828125 0.32773722627737223 0.01953125 0.03065693430656934
0 0.9677734375 0.3605839416058394 0.025390625 0.040875912408759124
0 0.56103515625 0.30583941605839415 0.0146484375 0.02773722627737226
0 0.7412109375 0.3364963503649635 0.009765625 0.0218978102189781
0 0.6552734375 0.34233576642335767 0.01171875 0.0218978102189781
0 0.7578125 0.34452554744525543 0.009765625 0.02335766423357664
0 0.8115234375 0.3175182481751825 0.01171875 0.0218978102189781
0 0.82470703125 0.3248175182481752 0.0146484375 0.02773722627737226
0 0.79345703125 0.3686131386861314 0.0166015625 0.03065693430656934
0 0.85107421875 0.3583941605839416 0.0087890625 0.01897810218978102
0 0.8857421875 0.38832116788321164 0.01953125 0.029197080291970802
0 0.91064453125 0.36642335766423356 0.0166015625 0.029197080291970802
0 0.716796875 0.43284671532846714 0.01953125 0.04525547445255474
0 0.0517578125 0.3167883211678832 0.015625 0.032116788321167884
0 0.1533203125 0.32262773722627736 0.015625 0.032116788321167884
