0 0.02197265625 0.21143473570658033 0.0224609375 0.02804746494066882
0 0.0322265625 0.24919093851132684 0.025390625 0.036677454153182305
0 0.08447265625 0.2292340884573894 0.0205078125 0.026968716289104636
0 0.0927734375 0.25620280474649404 0.015625 0.024811218985976265
0 0.12939453125 0.24056094929881336 0.0185546875 0.030204962243797193
0 0.1689453125 0.26051779935275077 0.0234375 0.03344120819848975
0 0.1552734375 0.27831715210355984 0.017578125 0.030204962243797193
0 0.12353515625 0.2810140237324703 0.0205078125 0.03991370010787486
0 0.1064453125 0.3284789644012945 0.025390625 0.026968716289104636
0 0.01318359375 0.3069039913700108 0.0224609375 0.0442286947141316
0 0.0546875 0.3279395900755124 0.0234375 0.038834951456310676
0 0.07666015625 0.3425026968716289 0.0146484375 0.03344120819848975
0 0.06494140625 0.3770226537216828 0.0224609375 0.03344120819848975
0 0.19580078125 0.37378640776699024 0.0263671875 0.0442286947141316
0 0.1640625 0.3398058252427184 0.01953125 0.04962243797195253
0 0.19580078125 0.2815533980582524 0.0107421875 0.017259978425026967
0 0.232421875 0.29018338727076587 0.015625 0.034519956850053934
0 0.2568359375 0.2696871628910464 0.021484375 0.038834951456310676
0 0.2880859375 0.2831715210355987 0.025390625 0.035598705501618116
0 0.2705078125 0.2513484358144552 0.017578125 0.02588996763754045
0 0.306640625 0.331715210355987 0.0234375 0.03991370010787486
0 0.2900390625 0.3613807982740021 0.025390625 0.04099244875943905
0 0.22705078125 0.4374325782092772 0.0498046875 0.06580366774541531
0 0.3505859375 0.273462783171521 0.015625 0.03344120819848975
0 0.39306640625 0.3274002157497303 0.0302734375 0.06796116504854369
0 0.5048828125 0.3932038834951456 0.048828125 0.0593311758360302
0 0.91845703125 0.424487594390507 0.0458984375 0.06148867313915857
0 0.42041015625 0.2874865156418554 0.0126953125 0.018338727076591153
0 0.9833984375 0.4088457389428263 0.01171875 0.02373247033441208
0 0.85888671875 0.3807982740021575 0.0283203125 0.05609492988133764
0 0.0068359375 0.3613807982740021 0.01171875 0.04314994606256742
0 0.40234375 0.36839266450916935 0.015625 0.035598705501618116
0 0.45703125 0.2993527508090615 0.01953125 0.020496224379719524
