0 0.22998046875 0.18741109530583216 0.0361328125 0.032005689900426744
0 0.255859375 0.1500711237553343 0.037109375 0.03271692745376956
0 0.18115234375 0.21230440967283074 0.0380859375 0.030583214793741112
0 0.080078125 0.19274537695590327 0.04296875 0.034139402560455195
0 0.728515625 0.18172119487908964 0.017578125 0.03627311522048364
0 0.5615234375 0.21230440967283074 0.052734375 0.04623044096728308
0 0.4560546875 0.19559032716927455 0.03515625 0.03271692745376956
0 0.40576171875 0.1500711237553343 0.0400390625 0.03982930298719772
0 0.12548828125 0.17105263157894737 0.0400390625 0.032005689900426744
0 0.48046875 0.9000711237553344 0.01953125 0.024893314366998577
0 0.9765625 0.19701280227596019 0.03125 0.02702702702702703
