0 0.09765625 0.5513626834381552 0.193359375 0.2138364779874214
0 0.48974609375 0.59958071278826 0.0126953125 0.016771488469601678
0 0.51806640625 0.5906708595387841 0.0107421875 0.013626834381551364
0 0.62890625 0.6022012578616353 0.015625 0.017819706498951784
0 0.67041015625 0.6074423480083858 0.0126953125 0.013626834381551364
0 0.689453125 0.6048218029350105 0.009765625 0.016771488469601678
0 0.7744140625 0.6132075471698114 0.013671875 0.016771488469601678
0 0.8828125 0.5969601677148847 0.013671875 0.017819706498951784
0 0.79052734375 0.5587002096436059 0.0126953125 0.012578616352201259
0 0.8349609375 0.6200209643605871 0.01953125 0.019916142557651992
0 0.90771484375 0.5990566037735849 0.0166015625 0.019916142557651992
0 0.92626953125 0.5911949685534591 0.0107421875 0.014675052410901468
0 0.935546875 0.6079664570230608 0.015625 0.020964360587002098
0 0.99365234375 0.6079664570230608 0.0126953125 0.020964360587002098
0 0.23046875 0.5822851153039833 0.021484375 0.02410901467505241
0 0.75390625 0.6032494758909853 0.013671875 0.017819706498951784
0 0.79443359375 0.6147798742138365 0.0126953125 0.017819706498951784
0 0.822265625 0.6042976939203355 0.009765625 0.015723270440251572
0 0.9775390625 0.6058700209643606 0.009765625 0.016771488469601678
