0 0.0625 0.5046801872074883 0.029296875 0.0670826833073323
0 0.10107421875 0.47347893915756634 0.0341796875 0.0670826833073323
0 0.46484375 0.3135725429017161 0.033203125 0.0499219968798752
0 0.513671875 0.30343213728549145 0.03125 0.060842433697347896
0 0.595703125 0.2761310452418097 0.01953125 0.0499219968798752
0 0.7177734375 0.2511700468018721 0.021484375 0.0436817472698908
0 0.84423828125 0.30577223088923555 0.0185546875 0.0499219968798752
0 0.80712890625 0.31045241809672386 0.0166015625 0.0374414976599064
0 0.96728515625 0.2792511700468019 0.0283203125 0.056162246489859596
0 0.8583984375 0.23790951638065524 0.015625 0.0390015600624025
