0 0.94970703125 0.5072992700729927 0.0302734375 0.04817518248175182
0 0.90283203125 0.5145985401459854 0.0302734375 0.051094890510948905
0 0.990234375 0.5357664233576642 0.01953125 0.058394160583941604
0 0.90478515625 0.754014598540146 0.0341796875 0.059854014598540145
0 0.86279296875 0.5729927007299269 0.0302734375 0.05693430656934306
0 0.755859375 0.7313868613138685 0.0390625 0.06131386861313868
0 0.7451171875 0.5722627737226277 0.03125 0.05255474452554744
0 0.7080078125 0.5503649635036496 0.02734375 0.049635036496350364
0 0.92626953125 0.9189781021897809 0.0478515625 0.08029197080291971
0 0.78515625 0.810948905109489 0.033203125 0.0656934306569343
0 0.82470703125 0.9678832116788321 0.0419921875 0.06423357664233577
0 0.44189453125 0.864963503649635 0.0615234375 0.09197080291970802
0 0.3369140625 0.8474452554744525 0.046875 0.07445255474452554
0 0.2421875 0.8583941605839416 0.052734375 0.09051094890510948
0 0.55029296875 0.7321167883211679 0.0498046875 0.08613138686131386
0 0.18408203125 0.7153284671532846 0.0478515625 0.07883211678832117
0 0.11181640625 0.8255474452554744 0.0615234375 0.10072992700729927
0 0.34619140625 0.6145985401459854 0.0419921875 0.072992700729927
0 0.39208984375 0.6547445255474452 0.0400390625 0.07445255474452554
0 0.388671875 0.5700729927007299 0.033203125 0.0656934306569343
0 0.2021484375 0.5781021897810219 0.033203125 0.05547445255474452
0 0.12646484375 0.6051094890510949 0.0380859375 0.051094890510948905
0 0.1015625 0.5598540145985401 0.02734375 0.04525547445255474
0 0.01708984375 0.7328467153284671 0.0322265625 0.07591240875912408
0 0.08056640625 0.4029197080291971 0.0224609375 0.032116788321167884
0 0.201171875 0.43941605839416054 0.015625 0.02335766423357664
0 0.23876953125 0.4306569343065693 0.0166015625 0.029197080291970802
0 0.23828125 0.3795620437956204 0.013671875 0.02627737226277372
0 0.03857421875 0.38832116788321164 0.0185546875 0.029197080291970802
0 0.05712890625 0.49270072992700725 0.0283203125 0.05401459854014598
0 0.01513671875 0.44160583941605835 0.0205078125 0.03941605839416058
0 0.05712890625 0.32116788321167883 0.0107421875 0.01751824817518248
0 0.109375 0.32262773722627736 0.01171875 0.02335766423357664
0 0.96533203125 0.45036496350364963 0.0205078125 0.03357664233576642
0 0.93505859375 0.42408759124087586 0.0224609375 0.03941605839416058
0 0.90234375 0.3284671532846715 0.01171875 0.02335766423357664
0 0.85546875 0.33941605839416056 0.005859375 0.016058394160583942
0 0.83056640625 0.3313868613138686 0.0126953125 0.020437956204379562
0 0.8779296875 0.36350364963503645 0.013671875 0.020437956204379562
0 0.53955078125 0.5583941605839415 0.0244140625 0.04233576642335766
0 0.35986328125 0.4656934306569343 0.0166015625 0.032116788321167884
0 0.32568359375 0.4474452554744525 0.0166015625 0.03065693430656934
0 0.46142578125 0.454014598540146 0.0224609375 0.0437956204379562
0 0.1923828125 0.40510948905109484 0.013671875 0.0218978102189781
0 0.55224609375 0.6364963503649634 0.0283203125 0.08467153284671532
0 0.17822265625 0.9423357664233576 0.0458984375 0.09781021897810219
