0 0.09375 0.3242705570291777 0.033203125 0.04376657824933687
0 0.21484375 0.31697612732095487 0.017578125 0.029177718832891244
0 0.27734375 0.3090185676392573 0.02734375 0.04774535809018567
0 0.310546875 0.2725464190981432 0.021484375 0.03580901856763925
0 0.013671875 0.42838196286472147 0.015625 0.02652519893899204
0 0.392578125 0.3156498673740053 0.015625 0.02652519893899204
0 0.40771484375 0.2559681697612732 0.0146484375 0.021220159151193633
0 0.470703125 0.3236074270557029 0.013671875 0.023872679045092837
0 0.57861328125 0.3083554376657825 0.0380859375 0.05702917771883289
0 0.62353515625 0.29111405835543763 0.0263671875 0.04907161803713528
0 0.765625 0.2526525198938992 0.03125 0.05172413793103448
0 0.8125 0.28315649867374004 0.03515625 0.07029177718832891
0 0.74072265625 0.259946949602122 0.0166015625 0.029177718832891244
0 0.876953125 0.26591511936339524 0.017578125 0.03580901856763925
0 0.91064453125 0.25 0.0166015625 0.03315649867374005
0 0.9912109375 0.2612732095490716 0.015625 0.02652519893899204
0 0.99072265625 0.29442970822281167 0.0146484375 0.02652519893899204
