0 0.91650390625 0.48823529411764705 0.1162109375 0.22875816993464052
0 0.84130859375 0.34705882352941175 0.0146484375 0.03006535947712418
0 0.79052734375 0.3483660130718954 0.0146484375 0.0196078431372549
0 0.72509765625 0.3156862745098039 0.0126953125 0.02222222222222222
0 0.64208984375 0.3156862745098039 0.0146484375 0.02222222222222222
0 0.65673828125 0.3222222222222222 0.0126953125 0.0196078431372549
0 0.57958984375 0.3333333333333333 0.0146484375 0.01568627450980392
0 0.59228515625 0.330718954248366 0.0087890625 0.01568627450980392
0 0.65869140625 0.41960784313725485 0.0322265625 0.08888888888888888
0 0.517578125 0.3372549019607843 0.01171875 0.02091503267973856
0 0.4765625 0.3431372549019608 0.01171875 0.02483660130718954
0 0.4736328125 0.3130718954248366 0.0078125 0.01699346405228758
0 0.38134765625 0.33921568627450976 0.0107421875 0.02222222222222222
0 0.36572265625 0.3359477124183006 0.0244140625 0.047058823529411764
0 0.2666015625 0.36666666666666664 0.017578125 0.027450980392156862
0 0.263671875 0.33921568627450976 0.015625 0.02222222222222222
0 0.15087890625 0.36209150326797385 0.0205078125 0.02875816993464052
