0 0.93896484375 0.3788903924221922 0.0361328125 0.056833558863328824
0 0.90380859375 0.39174560216508797 0.0439453125 0.07442489851150204
0 0.8984375 0.26860622462787553 0.025390625 0.036535859269282815
0 0.81884765625 0.2692828146143437 0.0244140625 0.04059539918809202
0 0.82568359375 0.1982408660351827 0.0185546875 0.031123139377537214
0 0.837890625 0.33964817320703655 0.021484375 0.04600811907983762
0 0.8134765625 0.39851150202977 0.037109375 0.06089309878213803
0 0.759765625 0.29431664411366715 0.02734375 0.03382949932341001
0 0.78125 0.3416779431664412 0.033203125 0.05548037889039242
0 0.76171875 0.415426251691475 0.041015625 0.06495263870094722
0 0.76953125 0.2117726657645467 0.0234375 0.028416779431664412
0 0.740234375 0.2523680649526387 0.025390625 0.03924221921515562
0 0.7158203125 0.2219215155615697 0.013671875 0.018944519621109608
0 0.68115234375 0.29161028416779433 0.0322265625 0.050067658998646826
0 0.6748046875 0.2090663058186739 0.0234375 0.03924221921515562
0 0.74169921875 0.2029769959404601 0.0185546875 0.024357239512855212
0 0.64013671875 0.25710419485791614 0.0263671875 0.04059539918809202
0 0.6533203125 0.24424898511502033 0.017578125 0.03924221921515562
0 0.63818359375 0.1894451962110961 0.0166015625 0.029769959404600813
0 0.689453125 0.36468200270636 0.037109375 0.06359945872801083
0 0.646484375 0.33558863328822736 0.03125 0.05142083897158323
0 0.61865234375 0.3897158322056834 0.0419921875 0.07307171853856563
0 0.576171875 0.30311231393775373 0.037109375 0.05412719891745603
0 0.60009765625 0.2510148849797023 0.0244140625 0.04465493910690122
0 0.578125 0.2002706359945873 0.01953125 0.03247631935047361
0 0.560546875 0.22801082543978352 0.015625 0.03382949932341001
0 0.541015625 0.39918809201623817 0.03125 0.05953991880920163
0 0.53759765625 0.2598105548037889 0.0244140625 0.04330175913396482
0 0.52001953125 0.2293640054127199 0.0166015625 0.036535859269282815
0 0.48779296875 0.2056833558863329 0.0205078125 0.029769959404600813
0 0.49462890625 0.2956698240866035 0.0283203125 0.03382949932341001
0 0.46240234375 0.3261163734776725 0.0361328125 0.05953991880920163
0 0.439453125 0.4127198917456022 0.04296875 0.06765899864682003
0 0.42724609375 0.33491204330175917 0.0263671875 0.04194857916102842
0 0.40771484375 0.2706359945872801 0.0205078125 0.03247631935047361
0 0.37646484375 0.29161028416779433 0.0283203125 0.047361299052774024
0 0.33740234375 0.3484438430311232 0.0283203125 0.050067658998646826
0 0.32470703125 0.3971583220568336 0.0322265625 0.05548037889039242
0 0.30224609375 0.3558863328822734 0.0205078125 0.048714479025710425
0 0.2529296875 0.33288227334235454 0.046875 0.07307171853856563
0 0.1962890625 0.34641407307171856 0.029296875 0.04330175913396482
0 0.126953125 0.3484438430311232 0.044921875 0.07713125845737484
0 0.00537109375 0.3673883626522328 0.0107421875 0.058186738836265225
0 0.97412109375 0.341001353179973 0.0302734375 0.04600811907983762
0 0.869140625 0.3491204330175914 0.013671875 0.02165087956698241
