0 0.51806640625 0.5098920863309353 0.0771484375 0.19964028776978418
0 0.64794921875 0.5269784172661871 0.0380859375 0.08992805755395684
0 0.701171875 0.6214028776978417 0.0546875 0.12050359712230216
0 0.74755859375 0.4838129496402878 0.0166015625 0.05035971223021583
0 0.8037109375 0.5026978417266187 0.017578125 0.0341726618705036
0 0.3310546875 0.4865107913669065 0.037109375 0.08453237410071943
0 0.4228515625 0.5404676258992807 0.025390625 0.06654676258992806
0 0.2568359375 0.6187050359712231 0.052734375 0.1474820143884892
0 0.1748046875 0.6151079136690648 0.046875 0.09352517985611511
0 0.90234375 0.5368705035971223 0.021484375 0.04496402877697842
0 0.962890625 0.5197841726618705 0.013671875 0.02877697841726619
0 0.93896484375 0.5134892086330936 0.0107421875 0.023381294964028777
0 0.984375 0.525179856115108 0.01171875 0.02158273381294964
0 0.99560546875 0.49910071942446044 0.0087890625 0.019784172661870505
0 0.47509765625 0.6232014388489209 0.0400390625 0.131294964028777
0 0.564453125 0.564748201438849 0.015625 0.04316546762589928
