0 0.65087890625 0.0940934065934066 0.0966796875 0.1881868131868132
0 0.369140625 0.6710164835164836 0.021484375 0.07005494505494506
0 0.0458984375 0.933379120879121 0.091796875 0.13324175824175824
0 0.32861328125 0.4340659340659341 0.0283203125 0.046703296703296704
0 0.52294921875 0.5384615384615385 0.0224609375 0.024725274725274728
0 0.47998046875 0.4835164835164836 0.0146484375 0.024725274725274728
0 0.58349609375 0.43681318681318687 0.0166015625 0.030219780219780223
0 0.54443359375 0.24656593406593408 0.0166015625 0.0315934065934066
0 0.49658203125 0.2259615384615385 0.0126953125 0.0260989010989011
0 0.33251953125 0.36469780219780223 0.0107421875 0.0260989010989011
0 0.1650390625 0.38873626373626374 0.0234375 0.04395604395604396
0 0.0693359375 0.20810439560439561 0.0234375 0.061813186813186816
0 0.47265625 0.23351648351648355 0.009765625 0.027472527472527476
0 0.39208984375 0.23695054945054947 0.0146484375 0.028846153846153848
0 0.42333984375 0.24381868131868134 0.0087890625 0.020604395604395608
0 0.357421875 0.24862637362637366 0.01171875 0.019230769230769232
0 0.3349609375 0.24313186813186816 0.015625 0.027472527472527476
0 0.3154296875 0.2355769230769231 0.013671875 0.020604395604395608
0 0.25341796875 0.23832417582417584 0.0126953125 0.0260989010989011
0 0.18115234375 0.2603021978021978 0.0087890625 0.015109890109890112
0 0.169921875 0.23076923076923078 0.01171875 0.024725274725274728
0 0.130859375 0.25206043956043955 0.0078125 0.015109890109890112
