0 0.89013671875 0.78125 0.0205078125 0.03869047619047619
0 0.93017578125 0.6175595238095237 0.0166015625 0.03869047619047619
0 0.8974609375 0.5915178571428571 0.013671875 0.02827380952380952
0 0.84033203125 0.6339285714285714 0.0107421875 0.02976190476190476
0 0.82373046875 0.6078869047619048 0.0205078125 0.03720238095238095
0 0.962890625 0.369047619047619 0.015625 0.03273809523809523
0 0.93017578125 0.45610119047619047 0.0107421875 0.03422619047619047
0 0.787109375 0.650297619047619 0.013671875 0.03869047619047619
0 0.7158203125 0.6473214285714285 0.017578125 0.03571428571428571
0 0.75830078125 0.6116071428571428 0.0146484375 0.02976190476190476
0 0.70068359375 0.6034226190476191 0.0166015625 0.03125
0 0.64501953125 0.6279761904761905 0.0185546875 0.03571428571428571
0 0.63525390625 0.609375 0.0205078125 0.03422619047619047
0 0.53759765625 0.5595238095238095 0.0166015625 0.03273809523809523
0 0.513671875 0.6324404761904762 0.01953125 0.03273809523809523
0 0.4375 0.6049107142857143 0.021484375 0.043154761904761904
0 0.439453125 0.5431547619047619 0.0078125 0.026785714285714284
0 0.3994140625 0.640625 0.017578125 0.03125
0 0.3408203125 0.6011904761904762 0.017578125 0.03273809523809523
0 0.3046875 0.6011904761904762 0.017578125 0.03571428571428571
0 0.3388671875 0.566220238095238 0.017578125 0.03125
0 0.26123046875 0.6607142857142857 0.0224609375 0.02976190476190476
0 0.21875 0.6837797619047619 0.017578125 0.03125
0 0.1806640625 0.6227678571428571 0.017578125 0.03422619047619047
0 0.17333984375 0.6458333333333333 0.0146484375 0.03571428571428571
0 0.1005859375 0.6354166666666666 0.01953125 0.03869047619047619
0 0.0751953125 0.5907738095238095 0.01953125 0.03273809523809523
0 0.0654296875 0.5290178571428571 0.017578125 0.03422619047619047
0 0.0068359375 0.5654761904761905 0.009765625 0.03571428571428571
0 0.0458984375 0.4821428571428571 0.015625 0.02976190476190476
0 0.2744140625 0.4933035714285714 0.017578125 0.03125
0 0.197265625 0.4880952380952381 0.015625 0.03273809523809523
0 0.15966796875 0.5186011904761905 0.0166015625 0.03720238095238095
0 0.13623046875 0.415922619047619 0.0146484375 0.02827380952380952
0 0.11083984375 0.4382440476190476 0.0146484375 0.02827380952380952
0 0.1884765625 0.42857142857142855 0.013671875 0.023809523809523808
0 0.248046875 0.4151785714285714 0.01171875 0.026785714285714284
0 0.31494140625 0.43229166666666663 0.0146484375 0.02827380952380952
0 0.28369140625 0.453125 0.0126953125 0.025297619047619048
0 0.35107421875 0.40848214285714285 0.0146484375 0.019345238095238096
0 0.294921875 0.3802083333333333 0.017578125 0.03125
0 0.26904296875 0.3794642857142857 0.0166015625 0.03571428571428571
0 0.296875 0.3526785714285714 0.015625 0.02976190476190476
0 0.19189453125 0.3630952380952381 0.0146484375 0.03273809523809523
0 0.1259765625 0.37127976190476186 0.013671875 0.02827380952380952
0 0.01708984375 0.19270833333333331 0.0166015625 0.02827380952380952
0 0.0146484375 0.2269345238095238 0.013671875 0.025297619047619048
0 0.1103515625 0.1450892857142857 0.01171875 0.02232142857142857
0 0.4345703125 0.4308035714285714 0.015625 0.03125
0 0.40380859375 0.3586309523809524 0.0146484375 0.026785714285714284
0 0.42724609375 0.4776785714285714 0.0146484375 0.017857142857142856
0 0.37841796875 0.32589285714285715 0.0107421875 0.02976190476190476
0 0.0634765625 0.06101190476190476 0.01171875 0.023809523809523808
0 0.0966796875 0.03720238095238095 0.01171875 0.026785714285714284
0 0.2724609375 0.06026785714285714 0.013671875 0.02827380952380952
0 0.26220703125 0.040178571428571425 0.0087890625 0.020833333333333332
0 0.20166015625 0.047619047619047616 0.0126953125 0.026785714285714284
0 0.1328125 0.040178571428571425 0.01171875 0.023809523809523808
0 0.29443359375 0.02827380952380952 0.0126953125 0.023809523809523808
0 0.39208984375 0.10863095238095237 0.0126953125 0.02976190476190476
0 0.505859375 0.25669642857142855 0.013671875 0.03125
0 0.49072265625 0.2961309523809524 0.0166015625 0.02976190476190476
0 0.5087890625 0.29910714285714285 0.015625 0.02976190476190476
0 0.5263671875 0.2738095238095238 0.01171875 0.023809523809523808
0 0.56689453125 0.28869047619047616 0.0126953125 0.023809523809523808
0 0.6005859375 0.25595238095238093 0.015625 0.02976190476190476
0 0.48974609375 0.2113095238095238 0.0166015625 0.03869047619047619
0 0.49658203125 0.1949404761904762 0.0126953125 0.02976190476190476
0 0.52392578125 0.18229166666666666 0.0107421875 0.016369047619047616
0 0.51171875 0.19345238095238093 0.009765625 0.017857142857142856
0 0.59619140625 0.1488095238095238 0.0126953125 0.023809523809523808
0 0.5703125 0.13913690476190477 0.009765625 0.02232142857142857
0 0.5595703125 0.11160714285714285 0.013671875 0.023809523809523808
0 0.5166015625 0.06696428571428571 0.013671875 0.023809523809523808
0 0.4921875 0.07366071428571429 0.01171875 0.02232142857142857
0 0.51123046875 0.043154761904761904 0.0126953125 0.023809523809523808
0 0.51953125 0.020833333333333332 0.01171875 0.023809523809523808
0 0.552734375 0.011160714285714284 0.01171875 0.02232142857142857
0 0.52294921875 0.11383928571428571 0.0126953125 0.02232142857142857
0 0.6005859375 0.1956845238095238 0.01171875 0.025297619047619048
0 0.53076171875 0.15699404761904762 0.0126953125 0.025297619047619048
0 0.73046875 0.049107142857142856 0.01171875 0.026785714285714284
0 0.71630859375 0.06101190476190476 0.0107421875 0.020833333333333332
0 0.82373046875 0.05208333333333333 0.0126953125 0.023809523809523808
0 0.85009765625 0.03571428571428571 0.0146484375 0.023809523809523808
0 0.8681640625 0.05357142857142857 0.009765625 0.023809523809523808
0 0.935546875 0.14136904761904762 0.013671875 0.020833333333333332
0 0.95263671875 0.11235119047619047 0.0126953125 0.025297619047619048
0 0.92431640625 0.09375 0.0146484375 0.026785714285714284
0 0.9130859375 0.08630952380952381 0.01171875 0.023809523809523808
0 0.95068359375 0.17782738095238093 0.0126953125 0.02827380952380952
0 0.8935546875 0.09672619047619047 0.01171875 0.02976190476190476
0 0.8408203125 0.17336309523809523 0.013671875 0.02827380952380952
0 0.82275390625 0.22544642857142855 0.0146484375 0.03125
0 0.80908203125 0.24181547619047616 0.0166015625 0.03125
0 0.8291015625 0.27678571428571425 0.015625 0.03273809523809523
0 0.78125 0.2708333333333333 0.015625 0.03273809523809523
0 0.76318359375 0.20982142857142855 0.0107421875 0.026785714285714284
0 0.6953125 0.26711309523809523 0.015625 0.02827380952380952
0 0.66455078125 0.33035714285714285 0.0146484375 0.02976190476190476
0 0.6796875 0.30431547619047616 0.015625 0.02827380952380952
0 0.7548828125 0.34151785714285715 0.015625 0.03125
0 0.45458984375 0.20238095238095238 0.0107421875 0.020833333333333332
0 0.8125 0.4040178571428571 0.015625 0.03125
0 0.7490234375 0.41666666666666663 0.017578125 0.03571428571428571
0 0.73779296875 0.38169642857142855 0.0166015625 0.03125
0 0.78955078125 0.4665178571428571 0.0146484375 0.03720238095238095
0 0.7822265625 0.431547619047619 0.01171875 0.026785714285714284
0 0.72265625 0.4732142857142857 0.015625 0.03273809523809523
0 0.82763671875 0.35491071428571425 0.0166015625 0.02827380952380952
0 0.87353515625 0.2901785714285714 0.0166015625 0.03571428571428571
0 0.85546875 0.4226190476190476 0.013671875 0.02976190476190476
0 0.65478515625 0.46800595238095233 0.0166015625 0.03422619047619047
0 0.71240234375 0.3995535714285714 0.0107421875 0.02827380952380952
0 0.5751953125 0.18675595238095238 0.015625 0.03125
0 0.8935546875 0.015625 0.01171875 0.019345238095238096
0 0.0185546875 0.4055059523809524 0.013671875 0.02827380952380952
0 0.00439453125 0.4880952380952381 0.0087890625 0.02976190476190476
0 0.94140625 0.5386904761904762 0.0078125 0.01488095238095238
0 0.95263671875 0.5245535714285714 0.0087890625 0.016369047619047616
0 0.98974609375 0.4925595238095238 0.0185546875 0.02976190476190476
