0 0.39013671875 0.43202614379084964 0.0947265625 0.15555555555555556
0 0.59912109375 0.6241830065359477 0.0849609375 0.1477124183006536
0 0.04345703125 0.3810457516339869 0.0107421875 0.01699346405228758
0 0.162109375 0.4111111111111111 0.009765625 0.0196078431372549
0 0.17822265625 0.4660130718954248 0.0107421875 0.01699346405228758
0 0.09716796875 0.39281045751633986 0.0126953125 0.02222222222222222
0 0.640625 0.41764705882352937 0.009765625 0.01699346405228758
0 0.61474609375 0.41241830065359475 0.0146484375 0.027450980392156862
0 0.8525390625 0.492156862745098 0.03125 0.058823529411764705
0 0.68359375 0.4352941176470588 0.009765625 0.01830065359477124
0 0.99560546875 0.4392156862745098 0.0087890625 0.01568627450980392
0 0.94775390625 0.44509803921568625 0.0087890625 0.01437908496732026
0 0.015625 0.4006535947712418 0.009765625 0.01699346405228758
0 0.00732421875 0.36666666666666664 0.0087890625 0.01437908496732026
0 0.19921875 0.3980392156862745 0.005859375 0.00915032679738562
0 0.4775390625 0.418954248366013 0.01171875 0.01437908496732026
0 0.48095703125 0.4137254901960784 0.0087890625 0.02483660130718954
