0 0.03125 0.34635416666666663 0.0078125 0.010416666666666666
0 0.00244140625 0.359375 0.0048828125 0.0234375
0 0.0146484375 0.4348958333333333 0.029296875 0.05989583333333333
0 0.07470703125 0.484375 0.0478515625 0.08072916666666666
0 0.08447265625 0.392578125 0.0107421875 0.022135416666666664
0 0.1357421875 0.4798177083333333 0.02734375 0.04296875
0 0.173828125 0.35807291666666663 0.01953125 0.03125
0 0.1787109375 0.3841145833333333 0.01171875 0.03125
0 0.20703125 0.39518229166666663 0.029296875 0.02734375
0 0.2060546875 0.4375 0.033203125 0.06510416666666666
0 0.24853515625 0.35611979166666663 0.0263671875 0.04036458333333333
0 0.4013671875 0.642578125 0.08984375 0.15234375
0 0.55712890625 0.20377604166666666 0.0380859375 0.04817708333333333
0 0.45068359375 0.12825520833333331 0.0400390625 0.07421875
0 0.349609375 0.18033854166666666 0.03515625 0.061197916666666664
0 0.6650390625 0.22200520833333331 0.048828125 0.06901041666666666
0 0.89208984375 0.20247395833333331 0.0595703125 0.08723958333333333
0 0.76318359375 0.5390625 0.0595703125 0.13020833333333331
