0 0.03173828125 0.19577874818049493 0.0068359375 0.010189228529839884
0 0.0439453125 0.17758369723435227 0.005859375 0.008733624454148471
0 0.0771484375 0.18340611353711792 0.005859375 0.008733624454148471
0 0.0966796875 0.17176128093158663 0.005859375 0.011644832605531296
0 0.05517578125 0.1695778748180495 0.0048828125 0.010189228529839884
0 0.1396484375 0.17394468704512372 0.00390625 0.0072780203784570605
0 0.1513671875 0.17248908296943233 0.00390625 0.010189228529839884
0 0.1708984375 0.17394468704512372 0.00390625 0.010189228529839884
0 0.18896484375 0.17758369723435227 0.0048828125 0.008733624454148471
0 0.21923828125 0.17903930131004367 0.0048828125 0.011644832605531296
0 0.18359375 0.22998544395924309 0.00390625 0.008733624454148471
0 0.2744140625 0.16302765647743814 0.005859375 0.008733624454148471
0 0.3076171875 0.16666666666666669 0.00390625 0.0072780203784570605
0 0.31396484375 0.16302765647743814 0.0029296875 0.005822416302765648
0 0.32958984375 0.1841339155749636 0.0029296875 0.0072780203784570605
0 0.322265625 0.18340611353711792 0.00390625 0.005822416302765648
0 0.38330078125 0.17176128093158663 0.0029296875 0.005822416302765648
0 0.4580078125 0.19213973799126638 0.00390625 0.008733624454148471
0 0.50830078125 0.18704512372634644 0.0048828125 0.010189228529839884
0 0.1650390625 0.32387190684133915 0.01953125 0.048034934497816595
0 0.32861328125 0.29548762736535666 0.0224609375 0.049490538573508006
0 0.43359375 0.2991266375545852 0.021484375 0.048034934497816595
0 0.52001953125 0.3005822416302766 0.0205078125 0.048034934497816595
0 0.5546875 0.29621542940320233 0.01953125 0.039301310043668124
0 0.609375 0.3056768558951965 0.025390625 0.04366812227074236
0 0.72021484375 0.29767103347889373 0.0263671875 0.042212518195050945
0 0.82763671875 0.32387190684133915 0.0224609375 0.048034934497816595
0 0.4287109375 0.264919941775837 0.01953125 0.03784570596797671
0 0.08642578125 0.1579330422125182 0.0048828125 0.010189228529839884
0 0.11962890625 0.16666666666666669 0.0048828125 0.010189228529839884
0 0.11181640625 0.17394468704512372 0.0048828125 0.010189228529839884
0 0.08203125 0.17176128093158663 0.005859375 0.011644832605531296
0 0.1962890625 0.17394468704512372 0.00390625 0.010189228529839884
0 0.2119140625 0.16812227074235808 0.00390625 0.0072780203784570605
0 0.34912109375 0.17612809315866085 0.0029296875 0.005822416302765648
