0 0.69921875 0.3188908145580589 0.0546875 0.12478336221837087
0 0.771484375 0.13778162911611785 0.05859375 0.15771230502599654
0 0.5849609375 0.3388214904679376 0.0390625 0.09185441941074522
0 0.51611328125 0.3596187175043327 0.0283203125 0.08492201039861351
0 0.47900390625 0.45320623916811087 0.0302734375 0.07105719237435008
0 0.3857421875 0.4168110918544194 0.037109375 0.053726169844020795
0 0.27294921875 0.49306759098786823 0.0263671875 0.053726169844020795
0 0.2216796875 0.5615251299826689 0.015625 0.024263431542461005
0 0.13232421875 0.6525129982668977 0.0126953125 0.025996533795493933
0 0.84716796875 0.032062391681109186 0.0791015625 0.06412478336221837
