0 0.8037109375 0.375 0.064453125 0.14930555555555555
0 0.52880859375 0.47135416666666663 0.0732421875 0.16145833333333331
0 0.4365234375 0.4036458333333333 0.048828125 0.109375
0 0.56494140625 0.29340277777777773 0.0419921875 0.09375
0 0.82373046875 0.829861111111111 0.1025390625 0.2569444444444444
0 0.9248046875 0.3958333333333333 0.0390625 0.0798611111111111
0 0.95751953125 0.32465277777777773 0.0302734375 0.05208333333333333
0 0.255859375 0.2300347222222222 0.052734375 0.09895833333333333
0 0.330078125 0.5069444444444444 0.068359375 0.18402777777777776
0 0.6884765625 0.2708333333333333 0.029296875 0.06944444444444445
0 0.15478515625 0.796875 0.1435546875 0.3159722222222222
