0 0.759765625 0.6292217327459618 0.0625 0.11013215859030837
0 0.6083984375 0.6872246696035242 0.046875 0.09104258443465492
0 0.54833984375 0.6130690161527166 0.0263671875 0.06020558002936857
0 0.6494140625 0.5499265785609397 0.029296875 0.05433186490455213
0 0.6796875 0.5146842878120411 0.021484375 0.04552129221732746
0 0.67333984375 0.48237885462555063 0.0166015625 0.024963289280469897
0 0.5419921875 0.5279001468428781 0.01953125 0.03671071953010279
0 0.41796875 0.6475770925110131 0.0390625 0.07342143906020558
0 0.4892578125 0.4765051395007342 0.017578125 0.033773861967694566
0 0.5185546875 0.46696035242290745 0.015625 0.026431718061674006
0 0.5400390625 0.447870778267254 0.01171875 0.023494860499265784
0 0.49755859375 0.4331864904552129 0.0107421875 0.020558002936857563
0 0.42578125 0.4486049926578561 0.015625 0.033773861967694566
0 0.4072265625 0.5066079295154184 0.01953125 0.04405286343612334
0 0.36962890625 0.41556534508076354 0.0107421875 0.023494860499265784
0 0.3427734375 0.45374449339207046 0.013671875 0.02936857562408223
0 0.33935546875 0.4265785609397944 0.0107421875 0.01908957415565345
0 0.32568359375 0.41923641703377384 0.0107421875 0.02202643171806167
0 0.4560546875 0.4486049926578561 0.009765625 0.024963289280469897
0 0.46728515625 0.42364170337738616 0.0087890625 0.016152716593245228
0 0.453125 0.4177679882525697 0.005859375 0.01908957415565345
0 0.4453125 0.39720998531571217 0.0078125 0.013215859030837003
0 0.2822265625 0.4809104258443465 0.021484375 0.042584434654919234
0 0.27001953125 0.5491923641703377 0.0302734375 0.04698972099853157
0 0.19921875 0.5146842878120411 0.021484375 0.0513950073421439
0 0.22802734375 0.44346549192364165 0.0166015625 0.02936857562408223
0 0.25048828125 0.43392070484581496 0.0146484375 0.02790014684287812
0 0.20849609375 0.381791483113069 0.0087890625 0.023494860499265784
0 0.08251953125 0.6967694566813509 0.0615234375 0.11013215859030837
0 0.24609375 0.6387665198237885 0.033203125 0.07048458149779735
0 0.12158203125 0.5580029368575624 0.0302734375 0.05580029368575624
0 0.1689453125 0.4280469897209985 0.015625 0.03083700440528634
0 0.0966796875 0.4177679882525697 0.015625 0.03083700440528634
0 0.10009765625 0.36049926578560937 0.0126953125 0.02202643171806167
0 0.1328125 0.342143906020558 0.01171875 0.020558002936857563
0 0.20263671875 0.3399412628487518 0.0068359375 0.016152716593245228
0 0.0517578125 0.3171806167400881 0.009765625 0.020558002936857563
0 0.0166015625 0.3568281938325991 0.015625 0.02936857562408223
0 0.0234375 0.1908957415565345 0.015625 0.026431718061674006
0 0.0498046875 0.21071953010279001 0.009765625 0.01908957415565345
0 0.08349609375 0.22173274596182083 0.0126953125 0.017621145374449337
0 0.14501953125 0.20337738619676946 0.0107421875 0.02202643171806167
0 0.1181640625 0.22834067547723935 0.0078125 0.01908957415565345
0 0.09912109375 0.23274596182085167 0.0087890625 0.016152716593245228
0 0.2119140625 0.2356828193832599 0.01171875 0.016152716593245228
0 0.23095703125 0.22907488986784139 0.0087890625 0.017621145374449337
0 0.25244140625 0.2393538913362702 0.0166015625 0.026431718061674006
0 0.18310546875 0.2408223201174743 0.0107421875 0.020558002936857563
0 0.26611328125 0.22980910425844345 0.0107421875 0.01908957415565345
0 0.29931640625 0.2606461086637298 0.0107421875 0.01908957415565345
0 0.2861328125 0.2488986784140969 0.0078125 0.016152716593245228
0 0.32080078125 0.25624082232011747 0.0068359375 0.013215859030837003
0 0.3095703125 0.27165932452276065 0.005859375 0.008810572687224669
0 0.36328125 0.26505139500734215 0.0078125 0.013215859030837003
0 0.3486328125 0.28487518355359764 0.0078125 0.020558002936857563
0 0.37255859375 0.2731277533039647 0.0068359375 0.011747430249632892
0 0.4013671875 0.27459618208516884 0.0078125 0.017621145374449337
0 0.42236328125 0.2834067547723935 0.0068359375 0.014684287812041116
0 0.40673828125 0.26798825256975034 0.0068359375 0.013215859030837003
0 0.39208984375 0.3039647577092511 0.0087890625 0.020558002936857563
0 0.462890625 0.3054331864904552 0.009765625 0.020558002936857563
0 0.470703125 0.2804698972099853 0.005859375 0.011747430249632892
0 0.4853515625 0.2951541850220264 0.0078125 0.014684287812041116
0 0.517578125 0.2966226138032305 0.01171875 0.020558002936857563
0 0.548828125 0.3105726872246696 0.009765625 0.01908957415565345
0 0.5419921875 0.3069016152716593 0.005859375 0.014684287812041116
0 0.5390625 0.29295154185022027 0.005859375 0.013215859030837003
0 0.5048828125 0.2973568281938326 0.009765625 0.01908957415565345
0 0.4931640625 0.3069016152716593 0.009765625 0.017621145374449337
0 0.662109375 0.30910425844346545 0.009765625 0.02202643171806167
0 0.6728515625 0.32599118942731276 0.005859375 0.011747430249632892
0 0.6171875 0.3002936857562408 0.0078125 0.01908957415565345
0 0.62353515625 0.39060205580029367 0.0107421875 0.020558002936857563
0 0.59326171875 0.4162995594713656 0.0087890625 0.01908957415565345
0 0.0126953125 0.4713656387665198 0.015625 0.0381791483113069
