0 0.14404296875 0.3060029282576867 0.0302734375 0.04685212298682284
0 0.03955078125 0.3103953147877013 0.0283203125 0.040995607613469986
0 0.2744140625 0.1471449487554905 0.029296875 0.04538799414348463
0 0.28369140625 0.212298682284041 0.0322265625 0.055636896046852125
0 0.39111328125 0.1676427525622255 0.0224609375 0.036603221083455345
0 0.3994140625 0.335285505124451 0.0625 0.1054172767203514
0 0.29638671875 0.40556368960468525 0.0341796875 0.07320644216691069
0 0.3623046875 0.3601756954612006 0.0390625 0.08784773060029283
0 0.0791015625 0.6046852122986823 0.025390625 0.07320644216691069
0 0.1806640625 0.5417276720351392 0.052734375 0.0849194729136164
0 0.212890625 0.5812591508052709 0.046875 0.1054172767203514
0 0.46044921875 0.04685212298682284 0.0263671875 0.055636896046852125
0 0.52001953125 0.048316251830161056 0.0302734375 0.04978038067349927
