0 0.22998046875 0.3470052083333333 0.0146484375 0.024739583333333332
0 0.2763671875 0.35026041666666663 0.013671875 0.0234375
0 0.31005859375 0.3372395833333333 0.0146484375 0.0234375
0 0.150390625 0.43229166666666663 0.015625 0.026041666666666664
0 0.3466796875 0.3919270833333333 0.013671875 0.020833333333333332
0 0.4775390625 0.3671875 0.01953125 0.03125
0 0.51904296875 0.408203125 0.0302734375 0.03255208333333333
0 0.53076171875 0.3743489583333333 0.0185546875 0.029947916666666664
0 0.63232421875 0.41796875 0.0185546875 0.026041666666666664
0 0.6318359375 0.45963541666666663 0.017578125 0.03125
0 0.40283203125 0.529296875 0.0166015625 0.03255208333333333
0 0.5234375 0.5110677083333333 0.0234375 0.037760416666666664
0 0.28125 0.482421875 0.017578125 0.02734375
0 0.736328125 0.380859375 0.005859375 0.009114583333333332
0 0.68017578125 0.39518229166666663 0.0048828125 0.009114583333333332
0 0.6123046875 0.421875 0.0078125 0.010416666666666666
