0 0.02490234375 0.6314623338257017 0.0478515625 0.11078286558345643
0 0.0537109375 0.6683899556868538 0.05078125 0.0930576070901034
0 0.12451171875 0.5805022156573117 0.0439453125 0.09158050221565732
0 0.20361328125 0.6514032496307238 0.0693359375 0.15066469719350076
0 0.27685546875 0.638109305760709 0.0517578125 0.12703101920236337
0 0.37060546875 0.6691285081240769 0.0400390625 0.07680945347119646
0 0.40966796875 0.619645494830133 0.0537109375 0.12259970457902512
0 0.37158203125 0.8456425406203841 0.0615234375 0.11669128508124077
0 0.42529296875 0.7193500738552437 0.0517578125 0.103397341211226
0 0.48779296875 0.7385524372230429 0.0615234375 0.12703101920236337
0 0.447265625 0.5864106351550961 0.029296875 0.05612998522895126
0 0.49365234375 0.6240768094534712 0.0439453125 0.08124076809453472
0 0.55859375 0.670605612998523 0.046875 0.14475627769571642
0 0.65478515625 0.6004431314623339 0.0556640625 0.12259970457902512
0 0.68994140625 0.6506646971935007 0.0244140625 0.057607090103397346
0 0.76806640625 0.45199409158050224 0.0986328125 0.19497784342688332
