0 0.86328125 0.46646341463414637 0.0234375 0.06300813008130082
0 0.845703125 0.4044715447154472 0.01953125 0.04878048780487805
0 0.93310546875 0.5447154471544716 0.0224609375 0.052845528455284556
0 0.904296875 0.5172764227642277 0.021484375 0.05081300813008131
0 0.802734375 0.47967479674796754 0.01953125 0.03658536585365854
0 0.70263671875 0.49593495934959353 0.0224609375 0.04471544715447155
0 0.77978515625 0.44613821138211385 0.0185546875 0.0467479674796748
0 0.79736328125 0.41361788617886186 0.0166015625 0.03861788617886179
0 0.9580078125 0.358739837398374 0.017578125 0.042682926829268296
0 0.53466796875 0.8160569105691058 0.0341796875 0.07520325203252033
0 0.60595703125 0.7215447154471546 0.0068359375 0.016260162601626018
0 0.55029296875 0.6808943089430896 0.0302734375 0.07723577235772358
0 0.50927734375 0.6808943089430896 0.0322265625 0.07723577235772358
0 0.40966796875 0.4939024390243903 0.0205078125 0.052845528455284556
0 0.4033203125 0.42276422764227645 0.01953125 0.052845528455284556
0 0.2958984375 0.37601626016260165 0.021484375 0.06097560975609757
0 0.4375 0.6463414634146342 0.02734375 0.06097560975609757
0 0.6669921875 0.5071138211382115 0.0234375 0.07113821138211383
