0 0.1533203125 0.47222222222222227 0.03125 0.060723514211886306
0 0.130859375 0.518733850129199 0.03515625 0.06330749354005168
0 0.2412109375 0.48255813953488375 0.03515625 0.05813953488372093
0 0.30615234375 0.5329457364341086 0.0185546875 0.02454780361757106
0 0.32421875 0.47545219638242897 0.015625 0.043927648578811374
0 0.45068359375 0.458656330749354 0.0341796875 0.06459948320413438
0 0.5224609375 0.48837209302325585 0.03515625 0.056847545219638244
0 0.59765625 0.42506459948320413 0.03125 0.06459948320413438
0 0.73388671875 0.46640826873385016 0.0322265625 0.05426356589147287
0 0.81591796875 0.4644702842377261 0.0380859375 0.047803617571059435
0 0.9033203125 0.4211886304909561 0.03515625 0.0516795865633075
