0 0.38330078125 0.3662873399715505 0.0908203125 0.1635846372688478
0 0.12255859375 0.38193456614509247 0.0556640625 0.10953058321479375
0 0.0400390625 0.17780938833570414 0.046875 0.25604551920341395
0 0.525390625 0.3584637268847795 0.04296875 0.08250355618776672
0 0.67333984375 0.40256045519203415 0.0517578125 0.09672830725462304
0 0.619140625 0.3385490753911807 0.048828125 0.08819345661450925
0 0.5615234375 0.33214793741109533 0.03125 0.05547652916073969
0 0.74658203125 0.3079658605974396 0.1103515625 0.24039829302987198
0 0.89404296875 0.12660028449502134 0.0283203125 0.05405405405405406
0 0.91943359375 0.3477951635846373 0.0751953125 0.11237553342816502
