0 0.92919921875 0.4216467463479415 0.0302734375 0.0650730411686587
0 0.90087890625 0.4083665338645418 0.0283203125 0.0650730411686587
0 0.81396484375 0.4727755644090305 0.0439453125 0.07171314741035856
0 0.73681640625 0.4037184594953519 0.0400390625 0.06905710491367861
0 0.61669921875 0.4369189907038512 0.0537109375 0.09296148738379813
0 0.529296875 0.4282868525896414 0.0390625 0.0650730411686587
0 0.47900390625 0.41567065073041165 0.0341796875 0.06374501992031872
0 0.36767578125 0.43957503320053115 0.0302734375 0.05312084993359893
0 0.41015625 0.38247011952191234 0.021484375 0.04249667994687915
0 0.25048828125 0.3857901726427623 0.0205078125 0.027888446215139442
0 0.2431640625 0.3399734395750332 0.015625 0.026560424966799466
0 0.29833984375 0.3539176626826029 0.0126953125 0.030544488711819386
0 0.36328125 0.3426294820717131 0.013671875 0.02390438247011952
0 0.423828125 0.3426294820717131 0.015625 0.02390438247011952
0 0.56494140625 0.3784860557768924 0.0224609375 0.03718459495351925
0 0.0751953125 0.2875166002656042 0.009765625 0.022576361221779546
0 0.8408203125 0.4176626826029216 0.0234375 0.041168658698539175
0 0.7021484375 0.4083665338645418 0.02734375 0.046480743691899064
0 0.31640625 0.32204515272244355 0.013671875 0.017264276228419653
0 0.2861328125 0.3247011952191235 0.01171875 0.0199203187250996
0 0.3837890625 0.4043824701195219 0.025390625 0.046480743691899064
0 0.21240234375 0.3426294820717131 0.0107421875 0.018592297476759626
0 0.64404296875 0.40172642762284194 0.0322265625 0.062416998671978745
0 0.322265625 0.37383798140770247 0.01953125 0.033200531208499334
0 0.34716796875 0.3333333333333333 0.0146484375 0.02390438247011952
0 0.44384765625 0.33200531208499334 0.0087890625 0.013280212483399733
