0 0.60888671875 0.34140969162995594 0.0693359375 0.1659324522760646
0 0.7998046875 0.36270190895741555 0.060546875 0.12334801762114536
0 0.39208984375 0.4486049926578561 0.0380859375 0.0895741556534508
0 0.4716796875 0.3810572687224669 0.04296875 0.1013215859030837
0 0.171875 0.35609397944199705 0.10546875 0.16299559471365638
0 0.3291015625 0.4500734214390602 0.07421875 0.13069016152716592
0 0.71875 0.4544787077826725 0.048828125 0.08370044052863436
0 0.64453125 0.40381791483113066 0.017578125 0.041116005873715125
0 0.6689453125 0.3986784140969163 0.01953125 0.04552129221732746
0 0.697265625 0.41042584434654916 0.015625 0.03671071953010279
0 0.75830078125 0.395007342143906 0.0185546875 0.0381791483113069
0 0.755859375 0.42070484581497797 0.015625 0.03083700440528634
0 0.98193359375 0.4162995594713656 0.0205078125 0.033773861967694566
