0 0.0458984375 0.29310344827586204 0.015625 0.02652519893899204
0 0.09765625 0.29045092838196285 0.015625 0.023872679045092837
0 0.140625 0.2838196286472148 0.017578125 0.021220159151193633
0 0.18310546875 0.2917771883289125 0.0126953125 0.01856763925729443
0 0.05126953125 0.2493368700265252 0.0048828125 0.010610079575596816
0 0.037109375 0.246684350132626 0.005859375 0.010610079575596816
0 0.20751953125 0.28978779840848806 0.0166015625 0.027851458885941642
0 0.22509765625 0.29111405835543763 0.0146484375 0.022546419098143235
0 0.24169921875 0.3116710875331565 0.0166015625 0.02652519893899204
0 0.283203125 0.0656498673740053 0.009765625 0.017241379310344827
0 0.88525390625 0.23541114058355436 0.0166015625 0.030503978779840846
0 0.3525390625 0.28514588859416445 0.015625 0.02652519893899204
0 0.35302734375 0.3110079575596817 0.0146484375 0.02519893899204244
0 0.33447265625 0.3759946949602122 0.0244140625 0.04907161803713528
0 0.39306640625 0.3275862068965517 0.0185546875 0.03183023872679045
0 0.46630859375 0.34880636604774534 0.0205078125 0.023872679045092837
0 0.49462890625 0.28315649867374004 0.0126953125 0.02519893899204244
0 0.509765625 0.28580901856763924 0.015625 0.030503978779840846
0 0.537109375 0.286472148541114 0.01171875 0.021220159151193633
0 0.5458984375 0.30238726790450926 0.015625 0.02652519893899204
0 0.6279296875 0.36604774535809015 0.025390625 0.034482758620689655
0 0.80615234375 0.45557029177718833 0.0263671875 0.04907161803713528
0 0.61572265625 0.5218832891246684 0.0615234375 0.11273209549071618
0 0.28076171875 0.5868700265251989 0.0458984375 0.09416445623342175
0 0.88330078125 0.5855437665782494 0.0673828125 0.11803713527851459
0 0.1279296875 0.2645888594164456 0.00390625 0.00663129973474801
0 0.59326171875 0.3448275862068965 0.0166015625 0.034482758620689655
0 0.59912109375 0.3348806366047745 0.0166015625 0.03315649867374005
0 0.91552734375 0.33687002652519893 0.0146484375 0.02652519893899204
0 0.88916015625 0.33620689655172414 0.0146484375 0.02519893899204244
0 0.93115234375 0.33620689655172414 0.0126953125 0.022546419098143235
0 0.15087890625 0.1445623342175066 0.0087890625 0.01326259946949602
