0 0.9921875 0.6152512998266897 0.015625 0.04852686308492201
0 0.98681640625 0.5788561525129983 0.0166015625 0.031195840554592718
0 0.98193359375 0.5476603119584055 0.0107421875 0.024263431542461005
0 0.9501953125 0.5641247833622184 0.0078125 0.015597920277296359
0 0.94580078125 0.610051993067591 0.0126953125 0.03466204506065858
0 0.900390625 0.6317157712305026 0.0234375 0.04332755632582322
0 0.87451171875 0.559792027729636 0.0107421875 0.03466204506065858
0 0.9072265625 0.5537261698440208 0.013671875 0.025996533795493933
0 0.85693359375 0.5424610051993067 0.0107421875 0.024263431542461005
0 0.82568359375 0.6057192374350087 0.0205078125 0.04679376083188908
0 0.8408203125 0.5918544194107452 0.01171875 0.025996533795493933
0 0.83349609375 0.5519930675909879 0.0087890625 0.025996533795493933
0 0.84716796875 0.5329289428076256 0.0087890625 0.015597920277296359
0 0.81494140625 0.5450606585788561 0.0126953125 0.025996533795493933
0 0.79150390625 0.5641247833622184 0.0126953125 0.025996533795493933
0 0.76953125 0.6525129982668977 0.0234375 0.04332755632582322
0 0.76220703125 0.5719237435008665 0.0126953125 0.02772963604852686
0 0.806640625 0.5320623916811091 0.0078125 0.020797227036395145
0 0.7548828125 0.5389948006932409 0.005859375 0.020797227036395145
0 0.78173828125 0.5433275563258232 0.0068359375 0.015597920277296359
0 0.75390625 0.512998266897747 0.005859375 0.01386481802426343
0 0.7490234375 0.6542461005199306 0.015625 0.053726169844020795
0 0.724609375 0.5918544194107452 0.015625 0.03986135181975736
0 0.73291015625 0.5493934142114384 0.0126953125 0.02772963604852686
0 0.7216796875 0.5389948006932409 0.0078125 0.01733102253032929
0 0.73876953125 0.5207972270363951 0.0048828125 0.012131715771230503
0 0.693359375 0.5771230502599654 0.013671875 0.031195840554592718
0 0.671875 0.608318890814558 0.021484375 0.04852686308492201
0 0.67236328125 0.5571923743500866 0.0107421875 0.022530329289428074
0 0.67822265625 0.5277296360485269 0.0048828125 0.012131715771230503
0 0.6923828125 0.5138648180242634 0.005859375 0.012131715771230503
0 0.66796875 0.5086655112651646 0.00390625 0.008665511265164644
0 0.640625 0.7383015597920277 0.037109375 0.07625649913344887
0 0.58349609375 0.67157712305026 0.0205078125 0.04679376083188908
0 0.6376953125 0.5805892547660312 0.015625 0.03466204506065858
0 0.587890625 0.5935875216637782 0.021484375 0.05025996533795494
0 0.65478515625 0.5459272097053726 0.0107421875 0.024263431542461005
0 0.65185546875 0.5953206239168111 0.0107421875 0.025996533795493933
0 0.58544921875 0.5485268630849219 0.0107421875 0.019064124783362217
0 0.599609375 0.546793760831889 0.009765625 0.022530329289428074
0 0.5732421875 0.535528596187175 0.005859375 0.01733102253032929
0 0.5986328125 0.5199306759098786 0.005859375 0.010398613518197573
0 0.57275390625 0.5086655112651646 0.0048828125 0.012131715771230503
0 0.5791015625 0.5069324090121317 0.00390625 0.008665511265164644
0 0.5283203125 0.610051993067591 0.021484375 0.04506065857885615
0 0.5478515625 0.6135181975736568 0.013671875 0.031195840554592718
0 0.5634765625 0.5450606585788561 0.005859375 0.019064124783362217
0 0.5361328125 0.5424610051993067 0.0078125 0.01733102253032929
0 0.54541015625 0.5329289428076256 0.0068359375 0.015597920277296359
0 0.53515625 0.5121317157712305 0.005859375 0.012131715771230503
0 0.50439453125 0.5849220103986135 0.0166015625 0.04332755632582322
0 0.48876953125 0.658578856152513 0.0166015625 0.04506065857885615
0 0.54833984375 0.5181975736568457 0.0029296875 0.006932409012131715
0 0.56396484375 0.5155979202772963 0.0048828125 0.012131715771230503
0 0.50341796875 0.5285961871750433 0.0068359375 0.01386481802426343
0 0.51611328125 0.5025996533795494 0.0048828125 0.010398613518197573
0 0.52587890625 0.5008665511265165 0.0048828125 0.010398613518197573
0 0.4912109375 0.5086655112651646 0.00390625 0.008665511265164644
0 0.49072265625 0.5519930675909879 0.0146484375 0.03292894280762565
0 0.4306640625 0.695840554592721 0.037109375 0.07452339688041594
0 0.435546875 0.5805892547660312 0.015625 0.038128249566724434
0 0.470703125 0.5415944540727903 0.0078125 0.019064124783362217
0 0.45458984375 0.5285961871750433 0.0087890625 0.01733102253032929
0 0.44140625 0.5147313691507799 0.005859375 0.01386481802426343
0 0.43212890625 0.5086655112651646 0.0048828125 0.012131715771230503
0 0.419921875 0.5207972270363951 0.005859375 0.012131715771230503
0 0.40625 0.5147313691507799 0.005859375 0.01386481802426343
0 0.38525390625 0.5259965337954939 0.0068359375 0.012131715771230503
0 0.3984375 0.5658578856152513 0.0078125 0.015597920277296359
0 0.392578125 0.5103986135181976 0.005859375 0.012131715771230503
0 0.41259765625 0.5155979202772963 0.0048828125 0.012131715771230503
0 0.3779296875 0.5008665511265165 0.00390625 0.010398613518197573
0 0.38330078125 0.4965337954939341 0.0029296875 0.008665511265164644
0 0.45703125 0.49826689774696703 0.00390625 0.008665511265164644
0 0.44970703125 0.4922010398613518 0.0029296875 0.006932409012131715
0 0.45068359375 0.5675909878682842 0.0107421875 0.022530329289428074
0 0.3828125 0.610051993067591 0.01953125 0.038128249566724434
0 0.3623046875 0.5493934142114384 0.005859375 0.020797227036395145
0 0.38232421875 0.550259965337955 0.0048828125 0.019064124783362217
0 0.36767578125 0.524263431542461 0.0087890625 0.019064124783362217
0 0.35986328125 0.5025996533795494 0.0068359375 0.01386481802426343
0 0.34228515625 0.524263431542461 0.0087890625 0.019064124783362217
0 0.330078125 0.5580589254766031 0.009765625 0.020797227036395145
0 0.32666015625 0.5199306759098786 0.0048828125 0.01386481802426343
0 0.35302734375 0.49046793760831886 0.0087890625 0.020797227036395145
0 0.298828125 0.5294627383015598 0.0078125 0.015597920277296359
0 0.28515625 0.839688041594454 0.052734375 0.11611785095320623
0 0.23974609375 0.6837088388214905 0.0322265625 0.07452339688041594
0 0.279296875 0.5675909878682842 0.021484375 0.05025996533795494
0 0.23974609375 0.550259965337955 0.0107421875 0.02946273830155979
0 0.16845703125 0.608318890814558 0.0302734375 0.0658578856152513
0 0.2060546875 0.512998266897747 0.009765625 0.020797227036395145
0 0.255859375 0.5285961871750433 0.009765625 0.01733102253032929
0 0.27392578125 0.5277296360485269 0.0068359375 0.015597920277296359
0 0.232421875 0.5329289428076256 0.0078125 0.025996533795493933
0 0.17041015625 0.5415944540727903 0.0126953125 0.025996533795493933
0 0.18505859375 0.5138648180242634 0.0048828125 0.012131715771230503
0 0.2060546875 0.49046793760831886 0.00390625 0.010398613518197573
0 0.21728515625 0.5259965337954939 0.0087890625 0.019064124783362217
0 0.15966796875 0.5181975736568457 0.0048828125 0.01733102253032929
0 0.17333984375 0.5103986135181976 0.0029296875 0.008665511265164644
0 0.04638671875 0.5857885615251299 0.0263671875 0.062391681109185436
0 0.0810546875 0.5693240901213171 0.015625 0.02946273830155979
0 0.1279296875 0.597053726169844 0.017578125 0.02946273830155979
0 0.0078125 0.6516464471403812 0.015625 0.07972270363951472
0 0.0029296875 0.5407279029462738 0.005859375 0.04159445407279029
0 0.044921875 0.49046793760831886 0.00390625 0.010398613518197573
0 0.00830078125 0.48873483535528595 0.0048828125 0.010398613518197573
0 0.025390625 0.49826689774696703 0.00390625 0.008665511265164644
0 0.01611328125 0.49306759098786823 0.0048828125 0.008665511265164644
0 0.087890625 0.5086655112651646 0.00390625 0.008665511265164644
0 0.138671875 0.509532062391681 0.00390625 0.010398613518197573
0 0.1201171875 0.5 0.00390625 0.008665511265164644
0 0.10107421875 0.4991334488734835 0.0029296875 0.006932409012131715
0 0.130859375 0.49046793760831886 0.001953125 0.006932409012131715
0 0.14306640625 0.48700173310225303 0.0029296875 0.006932409012131715
0 0.05322265625 0.4878682842287695 0.0029296875 0.008665511265164644
0 0.0693359375 0.4896013864818024 0.00390625 0.008665511265164644
0 0.81396484375 0.91421143847487 0.0576171875 0.11265164644714037
0 0.0947265625 0.550259965337955 0.01171875 0.02946273830155979
