0 0.0458984375 0.4383954154727794 0.0234375 0.03724928366762178
0 0.1279296875 0.48925501432664753 0.013671875 0.027220630372492834
0 0.099609375 0.48567335243553006 0.005859375 0.014326647564469913
0 0.19384765625 0.4197707736389685 0.0146484375 0.03151862464183381
0 0.19921875 0.4677650429799427 0.015625 0.0329512893982808
0 0.2509765625 0.4613180515759312 0.015625 0.025787965616045846
0 0.0146484375 0.5007163323782234 0.005859375 0.012893982808022923
0 0.39111328125 0.335243553008596 0.0185546875 0.040114613180515755
0 0.3447265625 0.4670487106017192 0.01171875 0.017191977077363897
0 0.98583984375 0.47636103151862463 0.0068359375 0.012893982808022923
0 0.97900390625 0.45630372492836674 0.0068359375 0.010028653295128939
0 0.9921875 0.45558739255014324 0.005859375 0.011461318051575931
0 0.37548828125 0.43266475644699137 0.0126953125 0.034383954154727794
