0 0.05126953125 0.422 0.0302734375 0.044
0 0.138671875 0.42333333333333334 0.0234375 0.04133333333333333
0 0.14453125 0.4533333333333333 0.025390625 0.042666666666666665
0 0.2490234375 0.45066666666666666 0.0234375 0.04
0 0.32275390625 0.40599999999999997 0.0224609375 0.03866666666666667
0 0.3603515625 0.45799999999999996 0.02734375 0.04666666666666666
0 0.484375 0.46199999999999997 0.017578125 0.03866666666666667
0 0.51171875 0.442 0.0234375 0.03866666666666667
0 0.5673828125 0.4646666666666667 0.021484375 0.044
0 0.68896484375 0.4373333333333333 0.0244140625 0.04533333333333333
0 0.7373046875 0.49 0.017578125 0.03866666666666667
0 0.7919921875 0.5 0.0234375 0.034666666666666665
0 0.95751953125 0.45999999999999996 0.0263671875 0.042666666666666665
