0 0.98388671875 0.29947916666666663 0.0322265625 0.08159722222222222
0 0.92333984375 0.20138888888888887 0.0302734375 0.06597222222222222
0 0.90478515625 0.23090277777777776 0.0263671875 0.0625
0 0.80712890625 0.2456597222222222 0.0302734375 0.07465277777777778
0 0.7890625 0.31684027777777773 0.0390625 0.08506944444444443
0 0.7880859375 0.3159722222222222 0.037109375 0.08333333333333333
0 0.71435546875 0.32291666666666663 0.0341796875 0.06597222222222222
0 0.69140625 0.3993055555555555 0.044921875 0.10069444444444443
0 0.6533203125 0.28559027777777773 0.044921875 0.08506944444444443
0 0.52392578125 0.3203125 0.0380859375 0.08506944444444443
0 0.4853515625 0.3029513888888889 0.033203125 0.0642361111111111
0 0.46484375 0.4756944444444444 0.044921875 0.09375
0 0.41650390625 0.3420138888888889 0.0341796875 0.08333333333333333
0 0.33935546875 0.30902777777777773 0.0322265625 0.07638888888888888
0 0.1171875 0.3706597222222222 0.044921875 0.19965277777777776
0 0.0234375 0.3845486111111111 0.037109375 0.11979166666666666
0 0.23291015625 0.3567708333333333 0.0302734375 0.09201388888888888
0 0.455078125 0.34027777777777773 0.021484375 0.048611111111111105
