0 0.361328125 0.314526588845655 0.00390625 0.00907911802853437
0 0.3837890625 0.3138780804150454 0.00390625 0.007782101167315175
0 0.3974609375 0.33009079118028534 0.00390625 0.00907911802853437
0 0.361328125 0.32749675745784695 0.00390625 0.00907911802853437
0 0.37353515625 0.36121919584954604 0.0068359375 0.011673151750972763
0 0.3857421875 0.3378728923476005 0.00390625 0.006485084306095979
0 0.3828125 0.35214007782101164 0.0078125 0.011673151750972763
0 0.3974609375 0.35862516212710766 0.005859375 0.00907911802853437
0 0.41455078125 0.35278858625162124 0.0068359375 0.01556420233463035
0 0.419921875 0.3754863813229572 0.0078125 0.011673151750972763
0 0.44091796875 0.32749675745784695 0.0048828125 0.00907911802853437
0 0.45068359375 0.3424124513618677 0.0068359375 0.007782101167315175
0 0.4375 0.39299610894941633 0.009765625 0.01556420233463035
0 0.4501953125 0.3560311284046693 0.005859375 0.00907911802853437
0 0.427734375 0.3378728923476005 0.00390625 0.006485084306095979
0 0.4580078125 0.35927367055771725 0.005859375 0.010376134889753566
0 0.47216796875 0.3236057068741893 0.0029296875 0.006485084306095979
0 0.4716796875 0.3728923476005188 0.005859375 0.00907911802853437
0 0.4892578125 0.3391699092088197 0.0078125 0.00907911802853437
0 0.49462890625 0.36121919584954604 0.0087890625 0.011673151750972763
0 0.49755859375 0.34954604409857326 0.0048828125 0.00907911802853437
0 0.505859375 0.36186770428015563 0.005859375 0.012970168612191958
0 0.484375 0.31971465629053175 0.00390625 0.006485084306095979
0 0.50244140625 0.3236057068741893 0.0048828125 0.006485084306095979
0 0.38134765625 0.41569390402075224 0.0068359375 0.014267185473411154
0 0.3984375 0.4072632944228275 0.0078125 0.01815823605706874
0 0.45654296875 0.4079118028534371 0.0068359375 0.00907911802853437
0 0.4833984375 0.41245136186770426 0.005859375 0.012970168612191958
0 0.4755859375 0.4079118028534371 0.005859375 0.014267185473411154
0 0.4921875 0.3748378728923476 0.005859375 0.012970168612191958
0 0.51806640625 0.36251621271076523 0.0068359375 0.011673151750972763
0 0.49658203125 0.41245136186770426 0.0068359375 0.01556420233463035
0 0.49951171875 0.39299610894941633 0.0068359375 0.010376134889753566
0 0.513671875 0.38910505836575876 0.0078125 0.012970168612191958
0 0.52294921875 0.34954604409857326 0.0048828125 0.00907911802853437
0 0.53759765625 0.3664072632944228 0.0068359375 0.00907911802853437
0 0.5390625 0.3560311284046693 0.00390625 0.00907911802853437
0 0.53466796875 0.3871595330739299 0.0068359375 0.011673151750972763
0 0.552734375 0.36057068741893644 0.00390625 0.007782101167315175
0 0.50927734375 0.41958495460440987 0.0068359375 0.011673151750972763
0 0.53515625 0.4182879377431906 0.0078125 0.016861219195849545
0 0.55029296875 0.3767833981841764 0.0068359375 0.011673151750972763
0 0.55517578125 0.3994811932555123 0.0107421875 0.01556420233463035
0 0.55615234375 0.4267185473411154 0.0087890625 0.012970168612191958
0 0.57177734375 0.3715953307392996 0.0048828125 0.00907911802853437
0 0.5888671875 0.37094682230868997 0.0078125 0.007782101167315175
0 0.607421875 0.4267185473411154 0.0078125 0.01556420233463035
0 0.60009765625 0.3690012970168612 0.0068359375 0.014267185473411154
0 0.52001953125 0.4487678339818417 0.0107421875 0.01556420233463035
0 0.568359375 0.42347600518806744 0.005859375 0.014267185473411154
0 0.6123046875 0.35408560311284043 0.005859375 0.012970168612191958
0 0.6123046875 0.3702983138780804 0.005859375 0.011673151750972763
0 0.62841796875 0.3858625162127107 0.0068359375 0.016861219195849545
0 0.65087890625 0.38845654993514916 0.0087890625 0.011673151750972763
0 0.65869140625 0.35797665369649806 0.0048828125 0.010376134889753566
0 0.62646484375 0.3670557717250324 0.0048828125 0.010376134889753566
0 0.65380859375 0.3437094682230869 0.0048828125 0.010376134889753566
0 0.67431640625 0.37094682230868997 0.0068359375 0.010376134889753566
0 0.69189453125 0.377431906614786 0.0068359375 0.010376134889753566
0 0.69970703125 0.35473411154345 0.0048828125 0.00907911802853437
0 0.7099609375 0.3631647211413748 0.0078125 0.010376134889753566
0 0.71728515625 0.3981841763942931 0.0068359375 0.010376134889753566
0 0.736328125 0.41504539559014264 0.0078125 0.012970168612191958
0 0.70849609375 0.37937743190661477 0.0068359375 0.014267185473411154
0 0.7236328125 0.3865110246433203 0.0078125 0.01556420233463035
0 0.73291015625 0.3553826199740596 0.0068359375 0.010376134889753566
0 0.732421875 0.3385214007782101 0.005859375 0.010376134889753566
0 0.81591796875 0.3411154345006485 0.0048828125 0.010376134889753566
0 0.77099609375 0.3871595330739299 0.0068359375 0.011673151750972763
0 0.77734375 0.367704280155642 0.005859375 0.00907911802853437
0 0.7607421875 0.38067444876783396 0.0078125 0.014267185473411154
0 0.78125 0.4072632944228275 0.0078125 0.012970168612191958
0 0.7880859375 0.417639429312581 0.0078125 0.012970168612191958
0 0.794921875 0.4085603112840467 0.0078125 0.010376134889753566
0 0.80224609375 0.38910505836575876 0.0107421875 0.01815823605706874
0 0.80419921875 0.4383916990920882 0.0087890625 0.01556420233463035
0 0.814453125 0.4182879377431906 0.009765625 0.011673151750972763
0 0.8232421875 0.42282749675745784 0.0078125 0.012970168612191958
0 0.84912109375 0.44552529182879375 0.0107421875 0.014267185473411154
0 0.828125 0.4001297016861219 0.005859375 0.011673151750972763
0 0.84619140625 0.40272373540856027 0.0087890625 0.014267185473411154
0 0.80517578125 0.3437094682230869 0.0048828125 0.010376134889753566
0 0.82177734375 0.38456549935149154 0.0068359375 0.011673151750972763
0 0.8359375 0.3735408560311284 0.0078125 0.010376134889753566
0 0.86669921875 0.35927367055771725 0.0048828125 0.007782101167315175
0 0.892578125 0.3553826199740596 0.005859375 0.010376134889753566
0 0.888671875 0.38780804150453957 0.0078125 0.01556420233463035
0 0.865234375 0.3942931258106355 0.0078125 0.012970168612191958
0 0.89794921875 0.3787289234760052 0.0068359375 0.010376134889753566
0 0.89306640625 0.42282749675745784 0.0087890625 0.012970168612191958
0 0.8837890625 0.45071335927367057 0.009765625 0.014267185473411154
0 0.87158203125 0.4357976653696498 0.0087890625 0.01815823605706874
0 0.91552734375 0.4092088197146563 0.0107421875 0.014267185473411154
0 0.92724609375 0.3722438391699092 0.0087890625 0.012970168612191958
0 0.94580078125 0.39040207522697795 0.0087890625 0.012970168612191958
0 0.9384765625 0.4260700389105058 0.0078125 0.014267185473411154
0 0.958984375 0.44747081712062253 0.01171875 0.01556420233463035
0 0.93701171875 0.4610894941634241 0.0087890625 0.011673151750972763
0 0.91845703125 0.4500648508430609 0.0087890625 0.010376134889753566
0 0.91943359375 0.4714656290531777 0.0107421875 0.014267185473411154
0 0.8837890625 0.47730220492866404 0.01171875 0.01815823605706874
0 0.89501953125 0.4630350194552529 0.0107421875 0.01556420233463035
0 0.50634765625 0.4714656290531777 0.0107421875 0.016861219195849545
0 0.53271484375 0.5006485084306096 0.0107421875 0.01556420233463035
0 0.54052734375 0.4727626459143969 0.0087890625 0.014267185473411154
0 0.55859375 0.4584954604409857 0.009765625 0.014267185473411154
0 0.552734375 0.543450064850843 0.01171875 0.020752269779507133
0 0.5927734375 0.4909208819714656 0.009765625 0.011673151750972763
0 0.5517578125 0.4915693904020752 0.0078125 0.012970168612191958
0 0.595703125 0.44487678339818415 0.005859375 0.01556420233463035
0 0.609375 0.4565499351491569 0.009765625 0.01815823605706874
0 0.640625 0.4409857328145266 0.0078125 0.012970168612191958
0 0.64501953125 0.4675745784695201 0.0087890625 0.011673151750972763
0 0.6455078125 0.48573281452658884 0.01171875 0.016861219195849545
0 0.66455078125 0.47535667963683526 0.0068359375 0.016861219195849545
0 0.67236328125 0.48508430609597925 0.0107421875 0.012970168612191958
0 0.6962890625 0.493514915693904 0.009765625 0.016861219195849545
0 0.7001953125 0.47470817120622566 0.009765625 0.01556420233463035
0 0.71240234375 0.47730220492866404 0.0107421875 0.01556420233463035
0 0.728515625 0.4630350194552529 0.009765625 0.01556420233463035
0 0.70361328125 0.5453955901426718 0.0126953125 0.022049286640726327
0 0.73046875 0.5045395590142672 0.009765625 0.01815823605706874
0 0.736328125 0.5415045395590142 0.01171875 0.016861219195849545
0 0.7177734375 0.5616083009079118 0.01171875 0.01556420233463035
0 0.73095703125 0.5674448767833982 0.0146484375 0.022049286640726327
0 0.74755859375 0.4818417639429312 0.0087890625 0.016861219195849545
0 0.759765625 0.48313878080415046 0.009765625 0.014267185473411154
0 0.7509765625 0.4623865110246433 0.009765625 0.014267185473411154
0 0.74951171875 0.5551232166018158 0.0107421875 0.020752269779507133
0 0.76123046875 0.5616083009079118 0.0087890625 0.020752269779507133
0 0.68212890625 0.5700389105058365 0.0107421875 0.022049286640726327
0 0.6318359375 0.5460440985732814 0.009765625 0.01815823605706874
0 0.64404296875 0.559662775616083 0.0107421875 0.016861219195849545
0 0.60498046875 0.5311284046692607 0.0087890625 0.016861219195849545
0 0.6162109375 0.543450064850843 0.009765625 0.01556420233463035
0 0.587890625 0.5687418936446174 0.013671875 0.019455252918287938
0 0.40234375 0.5395590142671854 0.009765625 0.01556420233463035
0 0.40576171875 0.5901426718547341 0.0126953125 0.020752269779507133
0 0.40185546875 0.6433203631647211 0.0126953125 0.023346303501945526
0 0.453125 0.6381322957198443 0.013671875 0.023346303501945526
0 0.45263671875 0.5953307392996109 0.0107421875 0.023346303501945526
0 0.4658203125 0.6141374837872892 0.013671875 0.019455252918287938
0 0.48046875 0.5881971465629053 0.01171875 0.016861219195849545
0 0.47998046875 0.6264591439688716 0.0126953125 0.01556420233463035
0 0.50927734375 0.5622568093385214 0.0107421875 0.019455252918287938
0 0.5361328125 0.6037613488975356 0.015625 0.019455252918287938
0 0.4970703125 0.5311284046692607 0.01171875 0.014267185473411154
0 0.4853515625 0.5557717250324254 0.009765625 0.019455252918287938
0 0.5498046875 0.5739299610894941 0.01171875 0.022049286640726327
0 0.4990234375 0.6640726329442282 0.013671875 0.020752269779507133
0 0.51025390625 0.6420233463035019 0.0107421875 0.01815823605706874
0 0.55810546875 0.6523994811932555 0.0126953125 0.020752269779507133
0 0.56103515625 0.5946822308690013 0.0087890625 0.016861219195849545
0 0.52587890625 0.6342412451361867 0.0087890625 0.01815823605706874
0 0.3046875 0.6770428015564202 0.015625 0.023346303501945526
0 0.271484375 0.666018158236057 0.013671875 0.022049286640726327
0 0.29541015625 0.6420233463035019 0.0087890625 0.01815823605706874
0 0.33349609375 0.6608300907911803 0.0146484375 0.019455252918287938
0 0.2666015625 0.7308690012970168 0.015625 0.02464332036316472
0 0.29736328125 0.7347600518806744 0.0146484375 0.027237354085603113
0 0.36572265625 0.7276264591439688 0.0166015625 0.0311284046692607
0 0.38671875 0.7509727626459144 0.015625 0.025940337224383915
0 0.3798828125 0.6699092088197146 0.013671875 0.027237354085603113
0 0.353515625 0.6342412451361867 0.01171875 0.023346303501945526
0 0.34228515625 0.6277561608300908 0.0107421875 0.020752269779507133
0 0.37890625 0.5985732814526589 0.0078125 0.016861219195849545
0 0.33203125 0.7509727626459144 0.009765625 0.01815823605706874
0 0.228515625 0.6666666666666666 0.01171875 0.023346303501945526
0 0.201171875 0.7094682230869 0.015625 0.025940337224383915
0 0.21240234375 0.6316472114137484 0.0107421875 0.020752269779507133
0 0.0126953125 0.6783398184176394 0.015625 0.025940337224383915
0 0.0205078125 0.7425421530479895 0.017578125 0.027237354085603113
0 0.041015625 0.7425421530479895 0.01171875 0.022049286640726327
0 0.05615234375 0.7762645914396887 0.0166015625 0.027237354085603113
0 0.0595703125 0.6595330739299611 0.009765625 0.016861219195849545
0 0.07470703125 0.6861219195849546 0.0146484375 0.01815823605706874
0 0.07373046875 0.7172503242542153 0.0126953125 0.01815823605706874
0 0.10107421875 0.7743190661478598 0.0166015625 0.028534370946822308
0 0.087890625 0.7859922178988327 0.01171875 0.023346303501945526
0 0.15380859375 0.6932555123216602 0.0126953125 0.027237354085603113
0 0.1318359375 0.7600518806744487 0.009765625 0.01815823605706874
0 0.1708984375 0.6926070038910506 0.013671875 0.023346303501945526
0 0.1669921875 0.7405966277561608 0.013671875 0.020752269779507133
0 0.17919921875 0.8184176394293126 0.0146484375 0.025940337224383915
0 0.197265625 0.7639429312581063 0.01171875 0.01815823605706874
0 0.03369140625 0.8476005188067445 0.0166015625 0.03242542153047989
0 0.037109375 0.8164721141374838 0.015625 0.011673151750972763
0 0.09765625 0.9280155642023346 0.01953125 0.03501945525291829
0 0.09130859375 0.8949416342412451 0.0185546875 0.025940337224383915
0 0.0703125 0.8326848249027237 0.015625 0.028534370946822308
0 0.1357421875 0.8553826199740596 0.01953125 0.029831387808041503
0 0.22021484375 0.9014267185473411 0.0205078125 0.0311284046692607
0 0.0068359375 0.9811932555123216 0.013671875 0.03242542153047989
0 0.03662109375 0.9883268482490272 0.0205078125 0.020752269779507133
0 0.1630859375 0.6478599221789882 0.01171875 0.02464332036316472
0 0.2431640625 0.7879377431906615 0.01953125 0.027237354085603113
0 0.26416015625 0.7821011673151751 0.0146484375 0.028534370946822308
0 0.2900390625 0.8216601815823605 0.017578125 0.027237354085603113
0 0.24755859375 0.8638132295719844 0.0205078125 0.0311284046692607
0 0.3203125 0.8670557717250323 0.01953125 0.03242542153047989
0 0.3359375 0.8210116731517509 0.01953125 0.028534370946822308
0 0.33251953125 0.7957198443579766 0.0146484375 0.016861219195849545
0 0.3427734375 0.8722438391699092 0.01953125 0.03242542153047989
0 0.33837890625 0.9857328145265888 0.0166015625 0.028534370946822308
0 0.41748046875 0.9046692607003891 0.0166015625 0.029831387808041503
0 0.4482421875 0.7762645914396887 0.015625 0.027237354085603113
0 0.49755859375 0.9247730220492866 0.0185546875 0.0311284046692607
0 0.396484375 0.6219195849546044 0.009765625 0.019455252918287938
0 0.43505859375 0.7153047989623865 0.0166015625 0.027237354085603113
0 0.45361328125 0.7016861219195849 0.0166015625 0.025940337224383915
0 0.4521484375 0.6738002594033722 0.013671875 0.019455252918287938
0 0.47021484375 0.7172503242542153 0.0146484375 0.025940337224383915
0 0.50830078125 0.7431906614785992 0.0166015625 0.028534370946822308
0 0.5185546875 0.6738002594033722 0.013671875 0.022049286640726327
0 0.53466796875 0.6945525291828794 0.0146484375 0.02464332036316472
0 0.59130859375 0.6913099870298314 0.0146484375 0.025940337224383915
0 0.50634765625 0.8313878080415045 0.0185546875 0.028534370946822308
0 0.595703125 0.7684824902723735 0.015625 0.027237354085603113
0 0.61376953125 0.6705577172503242 0.0126953125 0.023346303501945526
0 0.58056640625 0.603112840466926 0.0107421875 0.01556420233463035
0 0.57666015625 0.5343709468223087 0.0087890625 0.012970168612191958
0 0.57373046875 0.5609597924773022 0.0107421875 0.016861219195849545
0 0.6015625 0.5830090791180285 0.01171875 0.019455252918287938
0 0.62255859375 0.6076523994811932 0.0068359375 0.022049286640726327
0 0.65234375 0.5862516212710766 0.01171875 0.020752269779507133
0 0.68505859375 0.6141374837872892 0.0126953125 0.022049286640726327
0 0.70068359375 0.7859922178988327 0.0166015625 0.028534370946822308
0 0.65087890625 0.7555123216601816 0.0166015625 0.02464332036316472
0 0.64697265625 0.7140077821011673 0.0126953125 0.022049286640726327
0 0.69873046875 0.7191958495460441 0.0166015625 0.027237354085603113
0 0.642578125 0.6718547341115434 0.009765625 0.01815823605706874
0 0.73046875 0.6939040207522698 0.01171875 0.023346303501945526
0 0.82470703125 0.7944228274967574 0.0146484375 0.022049286640726327
0 0.796875 0.678988326848249 0.013671875 0.02464332036316472
0 0.865234375 0.672503242542153 0.015625 0.02464332036316472
0 0.6669921875 0.6828793774319066 0.01171875 0.027237354085603113
0 0.68359375 0.6647211413748378 0.01171875 0.02464332036316472
0 0.84375 0.6582360570687419 0.01171875 0.016861219195849545
0 0.88134765625 0.648508430609598 0.0126953125 0.01815823605706874
0 0.67333984375 0.5317769130998703 0.0087890625 0.012970168612191958
0 0.671875 0.556420233463035 0.009765625 0.01556420233463035
0 0.6923828125 0.6400778210116731 0.015625 0.022049286640726327
0 0.73291015625 0.6180285343709468 0.0126953125 0.016861219195849545
0 0.74951171875 0.5985732814526589 0.0146484375 0.02464332036316472
0 0.7763671875 0.5836575875486381 0.01171875 0.020752269779507133
0 0.806640625 0.6381322957198443 0.01171875 0.01815823605706874
0 0.75537109375 0.6387808041504539 0.0126953125 0.022049286640726327
0 0.857421875 0.4669260700389105 0.009765625 0.01815823605706874
0 0.787109375 0.4915693904020752 0.01171875 0.01556420233463035
0 0.78076171875 0.5201037613488975 0.0068359375 0.012970168612191958
0 0.7783203125 0.4721141374837873 0.0078125 0.012970168612191958
0 0.8154296875 0.5252918287937743 0.01171875 0.01556420233463035
0 0.8251953125 0.5175097276264591 0.01171875 0.020752269779507133
0 0.845703125 0.5194552529182879 0.0078125 0.014267185473411154
0 0.85986328125 0.5239948119325551 0.0107421875 0.020752269779507133
0 0.7919921875 0.5486381322957198 0.009765625 0.010376134889753566
0 0.81591796875 0.5505836575875486 0.0126953125 0.022049286640726327
0 0.775390625 0.6530479896238651 0.0078125 0.016861219195849545
0 0.828125 0.5823605706874189 0.01171875 0.020752269779507133
0 0.82861328125 0.6381322957198443 0.0146484375 0.01815823605706874
0 0.85107421875 0.585603112840467 0.0126953125 0.019455252918287938
0 0.86328125 0.5583657587548638 0.013671875 0.019455252918287938
0 0.87451171875 0.5875486381322957 0.0126953125 0.020752269779507133
0 0.90966796875 0.6303501945525292 0.0146484375 0.020752269779507133
0 0.92236328125 0.6089494163424124 0.0126953125 0.019455252918287938
0 0.9208984375 0.5667963683527886 0.009765625 0.01815823605706874
0 0.939453125 0.5823605706874189 0.01171875 0.020752269779507133
0 0.93701171875 0.6556420233463035 0.0126953125 0.02464332036316472
0 0.96337890625 0.5635538261997406 0.0126953125 0.019455252918287938
0 0.978515625 0.5862516212710766 0.009765625 0.01556420233463035
0 0.94482421875 0.5453955901426718 0.0126953125 0.016861219195849545
0 0.87939453125 0.5330739299610895 0.0107421875 0.012970168612191958
0 0.9013671875 0.5272373540856031 0.01171875 0.022049286640726327
0 0.98828125 0.609597924773022 0.0078125 0.01815823605706874
0 0.99462890625 0.6141374837872892 0.0068359375 0.014267185473411154
0 0.96875 0.5233463035019456 0.01171875 0.019455252918287938
0 0.982421875 0.5505836575875486 0.009765625 0.014267185473411154
0 0.921875 0.5090791180285343 0.009765625 0.016861219195849545
0 0.9755859375 0.5006485084306096 0.013671875 0.01556420233463035
0 0.98095703125 0.522697795071336 0.0068359375 0.01556420233463035
0 0.98828125 0.3858625162127107 0.0078125 0.011673151750972763
0 0.99169921875 0.3690012970168612 0.0068359375 0.011673151750972763
0 0.94189453125 0.5006485084306096 0.0087890625 0.01815823605706874
0 0.1337890625 0.8203631647211413 0.01953125 0.027237354085603113
0 0.53125 0.5460440985732814 0.01171875 0.01815823605706874
0 0.6689453125 0.7166018158236057 0.015625 0.02464332036316472
0 0.6787109375 0.4987029831387808 0.009765625 0.011673151750972763
0 0.62255859375 0.4941634241245136 0.0126953125 0.01815823605706874
0 0.6748046875 0.46562905317769127 0.0078125 0.012970168612191958
0 0.43701171875 0.35732814526588846 0.0068359375 0.011673151750972763
0 0.5048828125 0.45460440985732814 0.009765625 0.016861219195849545
0 0.63330078125 0.367704280155642 0.0068359375 0.014267185473411154
0 0.7490234375 0.41309987029831385 0.009765625 0.016861219195849545
0 0.74267578125 0.39299610894941633 0.0068359375 0.010376134889753566
0 0.75732421875 0.4357976653696498 0.0087890625 0.012970168612191958
0 0.7841796875 0.44357976653696496 0.0078125 0.012970168612191958
0 0.8359375 0.4617380025940337 0.005859375 0.01815823605706874
0 0.81884765625 0.44357976653696496 0.0068359375 0.012970168612191958
0 0.751953125 0.5129701686121919 0.01171875 0.016861219195849545
0 0.697265625 0.5142671854734111 0.009765625 0.014267185473411154
0 0.7109375 0.5201037613488975 0.0078125 0.01556420233463035
0 0.7060546875 0.6102464332036316 0.009765625 0.014267185473411154
0 0.68896484375 0.4040207522697795 0.0068359375 0.00907911802853437
0 0.6796875 0.3975356679636835 0.009765625 0.011673151750972763
0 0.97412109375 0.43385214007782097 0.0107421875 0.016861219195849545
0 0.96240234375 0.38456549935149154 0.0087890625 0.011673151750972763
0 0.95458984375 0.42412451361867703 0.0068359375 0.010376134889753566
0 0.33154296875 0.4169909208819714 0.0107421875 0.016861219195849545
