0 0.19775390625 0.4090247452692868 0.0205078125 0.034934497816593885
0 0.2978515625 0.37190684133915575 0.01953125 0.042212518195050945
0 0.40283203125 0.4279475982532751 0.0185546875 0.03202328966521106
0 0.45947265625 0.5029112081513828 0.0205078125 0.033478893740902474
0 0.482421875 0.4454148471615721 0.01171875 0.029112081513828242
0 0.46484375 0.4490538573508006 0.015625 0.024745269286754003
0 0.50830078125 0.450509461426492 0.0166015625 0.030567685589519653
0 0.55322265625 0.41994177583697234 0.0166015625 0.033478893740902474
0 0.599609375 0.4417758369723435 0.017578125 0.033478893740902474
0 0.638671875 0.4279475982532751 0.017578125 0.040756914119359534
0 0.71240234375 0.43959243085880645 0.0205078125 0.034934497816593885
0 0.765625 0.4374090247452693 0.017578125 0.027656477438136828
0 0.79052734375 0.41557496360989815 0.0146484375 0.027656477438136828
0 0.8115234375 0.4468704512372635 0.01171875 0.029112081513828242
