0 0.10009765625 0.7703125000000001 0.0205078125 0.046875
0 0.14892578125 0.76328125 0.0185546875 0.029687500000000002
0 0.44580078125 0.1953125 0.0166015625 0.028125
0 0.67724609375 0.25234375000000003 0.0126953125 0.026562500000000003
0 0.78271484375 0.240625 0.0146484375 0.03125
0 0.25537109375 0.59296875 0.0185546875 0.035937500000000004
0 0.3193359375 0.5984375000000001 0.017578125 0.034375
0 0.9873046875 0.7578125 0.009765625 0.021875000000000002
0 0.99365234375 0.7406250000000001 0.0087890625 0.018750000000000003
0 0.1748046875 0.696875 0.015625 0.028125
