0 0.1044921875 0.05547445255474452 0.017578125 0.02627737226277372
0 0.0849609375 0.45985401459854014 0.056640625 0.12262773722627736
0 0.13330078125 0.5036496350364963 0.0224609375 0.049635036496350364
0 0.15625 0.4817518248175182 0.041015625 0.06423357664233577
0 0.2177734375 0.4211678832116788 0.041015625 0.08029197080291971
0 0.2939453125 0.4912408759124087 0.048828125 0.08029197080291971
0 0.373046875 0.5576642335766423 0.052734375 0.10510948905109488
0 0.40185546875 0.4620437956204379 0.0419921875 0.08029197080291971
0 0.45751953125 0.4795620437956204 0.0244140625 0.04817518248175182
0 0.49658203125 0.5051094890510949 0.0498046875 0.09635036496350365
0 0.5986328125 0.5591240875912409 0.05078125 0.0875912408759124
0 0.54345703125 0.5248175182481751 0.0263671875 0.051094890510948905
0 0.53271484375 0.4773722627737226 0.0185546875 0.029197080291970802
0 0.685546875 0.4897810218978102 0.03515625 0.05401459854014598
0 0.6328125 0.5496350364963504 0.03125 0.07445255474452554
0 0.43408203125 0.9532846715328467 0.0869140625 0.09343065693430656
0 0.72412109375 0.5218978102189781 0.0107421875 0.02773722627737226
0 0.73974609375 0.5116788321167883 0.0107421875 0.0218978102189781
