0 0.029296875 0.056296296296296296 0.01171875 0.02074074074074074
0 0.04541015625 0.013333333333333332 0.0068359375 0.014814814814814814
0 0.06396484375 0.03407407407407407 0.0087890625 0.017777777777777778
0 0.06640625 0.28814814814814815 0.013671875 0.03407407407407407
0 0.08203125 0.35037037037037033 0.015625 0.028148148148148148
0 0.02294921875 0.6622222222222222 0.0126953125 0.03259259259259259
0 0.2373046875 0.45925925925925926 0.009765625 0.023703703703703703
0 0.3623046875 0.4296296296296296 0.013671875 0.029629629629629627
0 0.33251953125 0.37555555555555553 0.0107421875 0.019259259259259257
0 0.27783203125 0.35259259259259257 0.0146484375 0.026666666666666665
0 0.2275390625 0.3162962962962963 0.01171875 0.025185185185185185
0 0.2880859375 0.2222222222222222 0.01171875 0.026666666666666665
0 0.26220703125 0.17407407407407408 0.0126953125 0.025185185185185185
0 0.279296875 0.1437037037037037 0.009765625 0.026666666666666665
0 0.3779296875 0.2518518518518518 0.015625 0.029629629629629627
0 0.36328125 0.15703703703703703 0.015625 0.023703703703703703
0 0.46923828125 0.27037037037037037 0.0146484375 0.03111111111111111
0 0.40869140625 0.32296296296296295 0.0126953125 0.023703703703703703
0 0.537109375 0.5007407407407407 0.013671875 0.023703703703703703
0 0.59765625 0.2859259259259259 0.009765625 0.023703703703703703
0 0.48291015625 0.21407407407407406 0.0107421875 0.02222222222222222
0 0.60498046875 0.17851851851851852 0.0126953125 0.025185185185185185
0 0.650390625 0.08518518518518518 0.01171875 0.028148148148148148
0 0.15673828125 0.16370370370370368 0.0126953125 0.028148148148148148
0 0.29443359375 0.035555555555555556 0.0126953125 0.03259259259259259
0 0.7626953125 0.03925925925925926 0.013671875 0.028148148148148148
0 0.904296875 0.012592592592592593 0.009765625 0.02222222222222222
0 0.86083984375 0.15185185185185185 0.0146484375 0.025185185185185185
0 0.8544921875 0.2148148148148148 0.01171875 0.026666666666666665
0 0.95068359375 0.19777777777777777 0.0107421875 0.028148148148148148
0 0.93017578125 0.2659259259259259 0.0107421875 0.03111111111111111
0 0.9228515625 0.3088888888888889 0.009765625 0.025185185185185185
0 0.947265625 0.31555555555555553 0.01171875 0.03259259259259259
0 0.8544921875 0.4444444444444444 0.013671875 0.026666666666666665
0 0.837890625 0.4162962962962963 0.01171875 0.026666666666666665
0 0.81640625 0.41407407407407404 0.009765625 0.025185185185185185
0 0.6689453125 0.44666666666666666 0.009765625 0.028148148148148148
0 0.81103515625 0.22370370370370368 0.0087890625 0.02074074074074074
0 0.05810546875 0.9251851851851851 0.0087890625 0.025185185185185185
0 0.73583984375 0.554074074074074 0.0068359375 0.026666666666666665
0 0.82080078125 0.5399999999999999 0.0068359375 0.019259259259259257
0 0.818359375 0.6237037037037036 0.009765625 0.03259259259259259
0 0.82763671875 0.854074074074074 0.0087890625 0.025185185185185185
0 0.85400390625 0.6785185185185185 0.0087890625 0.029629629629629627
0 0.5986328125 0.6007407407407407 0.0078125 0.025185185185185185
0 0.84814453125 0.6333333333333333 0.0068359375 0.02222222222222222
0 0.97900390625 0.0837037037037037 0.0107421875 0.025185185185185185
0 0.86865234375 0.1874074074074074 0.0126953125 0.02222222222222222
0 0.642578125 0.7614814814814814 0.015625 0.014814814814814814
