0 0.0830078125 0.3978779840848806 0.076171875 0.10610079575596816
0 0.13330078125 0.38992042440318303 0.0224609375 0.02652519893899204
0 0.279296875 0.42241379310344823 0.021484375 0.05172413793103448
0 0.18701171875 0.37533156498673736 0.0068359375 0.010610079575596816
0 0.19287109375 0.42705570291777184 0.0166015625 0.034482758620689655
0 0.47998046875 0.3978779840848806 0.0087890625 0.01326259946949602
0 0.4677734375 0.40185676392572944 0.0078125 0.01326259946949602
0 0.435546875 0.4038461538461538 0.005859375 0.009283819628647215
0 0.4482421875 0.39986737400530503 0.005859375 0.014588859416445622
0 0.3876953125 0.39721485411140584 0.0078125 0.011936339522546418
0 0.49609375 0.403183023872679 0.005859375 0.010610079575596816
0 0.5087890625 0.40251989389920423 0.005859375 0.009283819628647215
0 0.52978515625 0.3985411140583554 0.0048828125 0.009283819628647215
0 0.6279296875 0.383289124668435 0.0078125 0.01326259946949602
0 0.5947265625 0.3885941644562334 0.005859375 0.010610079575596816
0 0.77001953125 0.3938992042440318 0.0048828125 0.007957559681697613
0 0.7734375 0.38262599469496017 0.00390625 0.00663129973474801
0 0.83154296875 0.3892572944297082 0.0048828125 0.00663129973474801
0 0.8427734375 0.383289124668435 0.00390625 0.007957559681697613
