0 0.9921875 0.24407582938388628 0.015625 0.07109004739336494
0 0.986328125 0.08293838862559243 0.02734375 0.08530805687203792
0 0.92822265625 0.13151658767772512 0.0263671875 0.07819905213270142
0 0.89599609375 0.09241706161137442 0.0244140625 0.05213270142180095
0 0.90185546875 0.14691943127962087 0.0205078125 0.06635071090047394
0 0.8515625 0.15876777251184834 0.0234375 0.07109004739336494
0 0.8251953125 0.15639810426540285 0.029296875 0.08056872037914692
0 0.8876953125 0.36137440758293843 0.0234375 0.07345971563981044
0 0.7333984375 0.27488151658767773 0.029296875 0.08530805687203792
0 0.73828125 0.1718009478672986 0.025390625 0.07345971563981044
0 0.763671875 0.20260663507109006 0.015625 0.04976303317535545
0 0.7216796875 0.16824644549763035 0.01171875 0.03317535545023697
0 0.68701171875 0.22985781990521328 0.0244140625 0.06635071090047394
0 0.63818359375 0.22630331753554503 0.0224609375 0.05924170616113744
0 0.62939453125 0.24881516587677727 0.0146484375 0.047393364928909956
0 0.595703125 0.2855450236966825 0.02734375 0.07819905213270142
0 0.5830078125 0.20023696682464456 0.021484375 0.05450236966824645
0 0.5634765625 0.22985781990521328 0.021484375 0.05687203791469195
0 0.6650390625 0.18720379146919433 0.01953125 0.05687203791469195
0 0.51416015625 0.23696682464454977 0.0205078125 0.05687203791469195
0 0.53466796875 0.2855450236966825 0.0224609375 0.06398104265402844
0 0.5517578125 0.37914691943127965 0.02734375 0.07582938388625593
0 0.447265625 0.3981042654028436 0.037109375 0.13270142180094788
0 0.43115234375 0.27725118483412325 0.0224609375 0.06635071090047394
0 0.46337890625 0.27488151658767773 0.0185546875 0.047393364928909956
0 0.4150390625 0.29857819905213273 0.017578125 0.05213270142180095
0 0.39599609375 0.3684834123222749 0.0224609375 0.07345971563981044
0 0.4208984375 0.4632701421800948 0.025390625 0.10189573459715641
0 0.44775390625 0.273696682464455 0.0087890625 0.03080568720379147
0 0.3603515625 0.3270142180094787 0.021484375 0.05687203791469195
0 0.29736328125 0.3080568720379147 0.0166015625 0.047393364928909956
0 0.30810546875 0.34952606635071093 0.0224609375 0.05924170616113744
0 0.32568359375 0.4111374407582939 0.0244140625 0.07345971563981044
0 0.2705078125 0.39099526066350715 0.02734375 0.07582938388625593
0 0.287109375 0.49763033175355453 0.041015625 0.11848341232227488
0 0.2626953125 0.5059241706161138 0.021484375 0.06872037914691943
0 0.232421875 0.46445497630331756 0.033203125 0.09478672985781991
0 0.2509765625 0.40284360189573465 0.017578125 0.05213270142180095
0 0.21728515625 0.4052132701421801 0.0224609375 0.05213270142180095
0 0.20166015625 0.38625592417061616 0.0166015625 0.047393364928909956
0 0.15478515625 0.4822274881516588 0.0341796875 0.11611374407582939
0 0.1787109375 0.35071090047393366 0.015625 0.04265402843601896
0 0.08544921875 0.4395734597156398 0.0205078125 0.05450236966824645
0 0.140625 0.4751184834123223 0.017578125 0.05924170616113744
0 0.09912109375 0.561611374407583 0.0224609375 0.07109004739336494
