0 0.23583984375 0.15251299826689774 0.0478515625 0.1143847487001733
0 0.16796875 0.37435008665511266 0.033203125 0.06932409012131716
0 0.02685546875 0.3882149046793761 0.0341796875 0.0901213171577123
0 0.0615234375 0.36655112651646443 0.021484375 0.06065857885615251
0 0.2138671875 0.37175043327556323 0.015625 0.036395147313691506
0 0.21484375 0.3388214904679376 0.01171875 0.025996533795493933
0 0.40771484375 0.05892547660311958 0.0478515625 0.11785095320623916
0 0.50390625 0.37348353552859614 0.009765625 0.022530329289428074
0 0.5458984375 0.37608318890814557 0.0234375 0.04852686308492201
0 0.6123046875 0.36915077989601386 0.01953125 0.04852686308492201
0 0.658203125 0.39254766031195837 0.01171875 0.025996533795493933
0 0.50048828125 0.6603119584055459 0.0419921875 0.09358752166377816
0 0.837890625 0.3951473136915078 0.021484375 0.05199306759098787
0 0.857421875 0.3951473136915078 0.0390625 0.14211438474870017
0 0.95703125 0.43500866551126516 0.033203125 0.05545927209705372
