0 0.76611328125 0.956140350877193 0.0556640625 0.0847953216374269
0 0.73291015625 0.7551169590643274 0.0419921875 0.06871345029239766
0 0.7998046875 0.6498538011695906 0.033203125 0.06578947368421052
0 0.91259765625 0.7331871345029239 0.0244140625 0.06871345029239766
0 0.697265625 0.6396198830409356 0.041015625 0.059941520467836254
0 0.44482421875 0.9517543859649122 0.0498046875 0.08771929824561403
0 0.48486328125 0.7258771929824561 0.0361328125 0.06871345029239766
0 0.2763671875 0.969298245614035 0.056640625 0.05847953216374269
0 0.07275390625 0.8633040935672515 0.0537109375 0.10087719298245613
0 0.240234375 0.7916666666666666 0.033203125 0.06578947368421052
0 0.1376953125 0.7280701754385964 0.04296875 0.07309941520467836
0 0.30322265625 0.6600877192982456 0.0341796875 0.059941520467836254
0 0.267578125 0.5950292397660818 0.015625 0.043859649122807015
0 0.345703125 0.5511695906432749 0.02734375 0.049707602339181284
0 0.25439453125 0.5372807017543859 0.0263671875 0.04532163742690058
0 0.173828125 0.5453216374269005 0.0234375 0.03508771929824561
0 0.0927734375 0.5263157894736842 0.03125 0.049707602339181284
0 0.025390625 0.5497076023391813 0.02734375 0.043859649122807015
0 0.244140625 0.4137426900584795 0.021484375 0.043859649122807015
0 0.14794921875 0.4334795321637427 0.0146484375 0.039473684210526314
0 0.15478515625 0.4093567251461988 0.0146484375 0.029239766081871343
0 0.1787109375 0.3925438596491228 0.01171875 0.03070175438596491
0 0.17578125 0.36330409356725146 0.015625 0.024853801169590642
0 0.080078125 0.4232456140350877 0.017578125 0.03070175438596491
0 0.087890625 0.4152046783625731 0.009765625 0.017543859649122806
0 0.1162109375 0.34064327485380114 0.013671875 0.02631578947368421
0 0.06396484375 0.3684210526315789 0.0146484375 0.03216374269005848
0 0.0703125 0.3187134502923976 0.009765625 0.017543859649122806
0 0.04736328125 0.30921052631578944 0.0087890625 0.024853801169590642
0 0.03564453125 0.2777777777777778 0.0087890625 0.017543859649122806
0 0.04541015625 0.2733918128654971 0.0107421875 0.02046783625730994
0 0.12060546875 0.3157894736842105 0.0146484375 0.02046783625730994
0 0.15869140625 0.3150584795321637 0.0068359375 0.021929824561403508
0 0.146484375 0.2909356725146199 0.009765625 0.02046783625730994
0 0.1376953125 0.2763157894736842 0.01171875 0.02046783625730994
0 0.11376953125 0.29532163742690054 0.0087890625 0.014619883040935672
0 0.11474609375 0.27923976608187134 0.0107421875 0.017543859649122806
0 0.10888671875 0.2763157894736842 0.0087890625 0.017543859649122806
0 0.099609375 0.27485380116959063 0.009765625 0.014619883040935672
0 0.1123046875 0.26827485380116955 0.0078125 0.013157894736842105
0 0.16259765625 0.2894736842105263 0.0068359375 0.02046783625730994
0 0.06201171875 0.2902046783625731 0.0107421875 0.019005847953216373
0 0.0888671875 0.2580409356725146 0.0078125 0.01608187134502924
0 0.06640625 0.22807017543859648 0.015625 0.011695906432748537
0 0.0380859375 0.2353801169590643 0.009765625 0.017543859649122806
0 0.02001953125 0.2097953216374269 0.0087890625 0.013157894736842105
0 0.12060546875 0.23391812865497075 0.0068359375 0.011695906432748537
0 0.14990234375 0.22660818713450293 0.0087890625 0.011695906432748537
0 0.0048828125 0.25 0.009765625 0.017543859649122806
0 0.12744140625 0.25219298245614036 0.0068359375 0.01608187134502924
0 0.15771484375 0.23684210526315788 0.0087890625 0.014619883040935672
0 0.17822265625 0.2353801169590643 0.0068359375 0.017543859649122806
0 0.2001953125 0.34868421052631576 0.009765625 0.021929824561403508
0 0.14892578125 0.20321637426900585 0.0068359375 0.014619883040935672
0 0.15625 0.20614035087719296 0.005859375 0.011695906432748537
0 0.166015625 0.222953216374269 0.0078125 0.01608187134502924
0 0.18212890625 0.24342105263157893 0.0068359375 0.013157894736842105
0 0.1796875 0.2134502923976608 0.0078125 0.011695906432748537
0 0.17333984375 0.21052631578947367 0.0068359375 0.014619883040935672
0 0.248046875 0.3538011695906432 0.013671875 0.02631578947368421
0 0.23681640625 0.32675438596491224 0.0126953125 0.021929824561403508
0 0.2587890625 0.32383040935672514 0.01171875 0.019005847953216373
0 0.27783203125 0.26900584795321636 0.0107421875 0.017543859649122806
0 0.28515625 0.26023391812865493 0.009765625 0.014619883040935672
0 0.3056640625 0.2587719298245614 0.013671875 0.02046783625730994
0 0.38916015625 0.38596491228070173 0.0185546875 0.038011695906432746
0 0.20068359375 0.25219298245614036 0.0048828125 0.01023391812865497
0 0.19677734375 0.22076023391812866 0.0107421875 0.014619883040935672
0 0.2314453125 0.22002923976608185 0.009765625 0.01608187134502924
0 0.248046875 0.25146198830409355 0.009765625 0.014619883040935672
0 0.24267578125 0.2361111111111111 0.0087890625 0.013157894736842105
0 0.2578125 0.2404970760233918 0.0078125 0.013157894736842105
0 0.26025390625 0.2324561403508772 0.0068359375 0.011695906432748537
0 0.2724609375 0.2222222222222222 0.009765625 0.014619883040935672
0 0.31884765625 0.37280701754385964 0.0166015625 0.03216374269005848
0 0.3408203125 0.3369883040935672 0.013671875 0.027777777777777776
0 0.353515625 0.31798245614035087 0.017578125 0.027777777777777776
0 0.3427734375 0.2880116959064327 0.009765625 0.023391812865497075
0 0.30078125 0.41447368421052627 0.015625 0.03070175438596491
0 0.3193359375 0.42105263157894735 0.01953125 0.03508771929824561
0 0.41259765625 0.2894736842105263 0.0185546875 0.02631578947368421
0 0.29248046875 0.20687134502923976 0.0068359375 0.013157894736842105
0 0.44140625 0.43421052631578944 0.01953125 0.038011695906432746
0 0.4501953125 0.391812865497076 0.01953125 0.04093567251461988
0 0.37890625 0.2902046783625731 0.009765625 0.019005847953216373
0 0.40673828125 0.24342105263157893 0.0126953125 0.01608187134502924
0 0.3427734375 0.24561403508771928 0.0078125 0.017543859649122806
0 0.34716796875 0.24707602339181284 0.0068359375 0.017543859649122806
0 0.42431640625 0.23830409356725146 0.0048828125 0.011695906432748537
0 0.427734375 0.2404970760233918 0.005859375 0.019005847953216373
0 0.24072265625 0.2178362573099415 0.0087890625 0.014619883040935672
0 0.25341796875 0.2097953216374269 0.0087890625 0.01608187134502924
0 0.2646484375 0.20687134502923976 0.0078125 0.013157894736842105
0 0.27880859375 0.195906432748538 0.0087890625 0.011695906432748537
0 0.2958984375 0.19663742690058478 0.0078125 0.013157894736842105
0 0.291015625 0.22076023391812866 0.0078125 0.017543859649122806
0 0.298828125 0.22149122807017543 0.0078125 0.013157894736842105
0 0.306640625 0.2134502923976608 0.005859375 0.008771929824561403
0 0.314453125 0.20760233918128654 0.0078125 0.011695906432748537
0 0.31591796875 0.25 0.0087890625 0.023391812865497075
0 0.2919921875 0.4751461988304093 0.01953125 0.04093567251461988
0 0.4541015625 0.3165204678362573 0.009765625 0.021929824561403508
0 0.3330078125 0.3991228070175438 0.017578125 0.03508771929824561
0 0.2138671875 0.23318713450292397 0.0078125 0.01608187134502924
0 0.34765625 0.20906432748538012 0.0078125 0.014619883040935672
0 0.3525390625 0.20248538011695905 0.0078125 0.013157894736842105
0 0.388671875 0.29239766081871343 0.0078125 0.017543859649122806
0 0.21630859375 0.16593567251461988 0.0068359375 0.01023391812865497
0 0.2841796875 0.1695906432748538 0.005859375 0.008771929824561403
0 0.25537109375 0.1739766081871345 0.0068359375 0.008771929824561403
0 0.3232421875 0.16666666666666666 0.0078125 0.011695906432748537
0 0.3466796875 0.1600877192982456 0.005859375 0.013157894736842105
0 0.37939453125 0.1608187134502924 0.0068359375 0.011695906432748537
0 0.359375 0.1593567251461988 0.005859375 0.011695906432748537
0 0.35400390625 0.1593567251461988 0.0048828125 0.008771929824561403
0 0.41357421875 0.1513157894736842 0.0048828125 0.013157894736842105
0 0.37548828125 0.13230994152046782 0.0048828125 0.01023391812865497
0 0.439453125 0.20248538011695905 0.005859375 0.013157894736842105
0 0.46826171875 0.22660818713450293 0.0087890625 0.017543859649122806
0 0.47216796875 0.24195906432748537 0.0087890625 0.01608187134502924
0 0.46630859375 0.21052631578947367 0.0068359375 0.014619883040935672
0 0.42041015625 0.1644736842105263 0.0068359375 0.01023391812865497
0 0.39501953125 0.16812865497076024 0.0068359375 0.011695906432748537
0 0.41552734375 0.17763157894736842 0.0048828125 0.01023391812865497
0 0.43212890625 0.1820175438596491 0.0087890625 0.013157894736842105
0 0.46875 0.1915204678362573 0.0078125 0.014619883040935672
0 0.46435546875 0.18274853801169588 0.0068359375 0.014619883040935672
0 0.4580078125 0.17178362573099415 0.005859375 0.013157894736842105
0 0.44970703125 0.1593567251461988 0.0087890625 0.014619883040935672
0 0.45166015625 0.14400584795321636 0.0068359375 0.01023391812865497
0 0.439453125 0.25511695906432746 0.01171875 0.019005847953216373
0 0.447265625 0.2799707602339181 0.013671875 0.019005847953216373
0 0.4599609375 0.2894736842105263 0.013671875 0.023391812865497075
0 0.4833984375 0.2675438596491228 0.009765625 0.017543859649122806
0 0.48779296875 0.27923976608187134 0.0068359375 0.014619883040935672
0 0.4482421875 0.2404970760233918 0.0078125 0.013157894736842105
0 0.51220703125 0.3121345029239766 0.0126953125 0.024853801169590642
0 0.52783203125 0.2741228070175438 0.0087890625 0.019005847953216373
0 0.54248046875 0.28216374269005845 0.0087890625 0.02046783625730994
0 0.55322265625 0.29970760233918126 0.0126953125 0.017543859649122806
0 0.552734375 0.26973684210526316 0.0078125 0.021929824561403508
0 0.505859375 0.2543859649122807 0.009765625 0.017543859649122806
0 0.49853515625 0.24561403508771928 0.0087890625 0.014619883040935672
0 0.35693359375 0.25 0.0048828125 0.017543859649122806
0 0.3544921875 0.2536549707602339 0.0078125 0.013157894736842105
0 0.07666015625 0.2638888888888889 0.0107421875 0.024853801169590642
0 0.154296875 0.2587719298245614 0.009765625 0.017543859649122806
0 0.13232421875 0.22002923976608185 0.0068359375 0.01608187134502924
0 0.5400390625 0.3538011695906432 0.01171875 0.023391812865497075
0 0.58056640625 0.35453216374269003 0.0126953125 0.024853801169590642
0 0.619140625 0.36257309941520466 0.015625 0.02046783625730994
0 0.61474609375 0.3165204678362573 0.0107421875 0.024853801169590642
0 0.568359375 0.3026315789473684 0.009765625 0.017543859649122806
0 0.58837890625 0.26096491228070173 0.0087890625 0.021929824561403508
0 0.56787109375 0.2536549707602339 0.0087890625 0.01608187134502924
0 0.60986328125 0.24780701754385964 0.0107421875 0.01608187134502924
0 0.62158203125 0.2536549707602339 0.0107421875 0.019005847953216373
0 0.51708984375 0.2989766081871345 0.0126953125 0.01023391812865497
0 0.42333984375 0.19517543859649122 0.0068359375 0.01023391812865497
0 0.44873046875 0.2097953216374269 0.0068359375 0.013157894736842105
0 0.49169921875 0.2178362573099415 0.0087890625 0.011695906432748537
0 0.46044921875 0.20906432748538012 0.0068359375 0.014619883040935672
0 0.46484375 0.14985380116959063 0.005859375 0.013157894736842105
0 0.4775390625 0.17543859649122806 0.0078125 0.011695906432748537
0 0.48876953125 0.16520467836257308 0.0068359375 0.011695906432748537
0 0.48388671875 0.16593567251461988 0.0048828125 0.01023391812865497
0 0.5029296875 0.17909356725146197 0.005859375 0.013157894736842105
0 0.498046875 0.1820175438596491 0.005859375 0.013157894736842105
0 0.5009765625 0.1600877192982456 0.005859375 0.01023391812865497
0 0.5205078125 0.17763157894736842 0.0078125 0.01608187134502924
0 0.521484375 0.19371345029239764 0.005859375 0.013157894736842105
0 0.52685546875 0.2046783625730994 0.0087890625 0.011695906432748537
0 0.51708984375 0.16301169590643275 0.0068359375 0.01023391812865497
0 0.49267578125 0.14766081871345027 0.0068359375 0.011695906432748537
0 0.51220703125 0.22002923976608185 0.0087890625 0.019005847953216373
0 0.5185546875 0.23830409356725146 0.0078125 0.017543859649122806
0 0.537109375 0.22514619883040934 0.009765625 0.017543859649122806
0 0.5498046875 0.20248538011695905 0.0078125 0.013157894736842105
0 0.51416015625 0.14912280701754385 0.0048828125 0.011695906432748537
0 0.53515625 0.16154970760233917 0.005859375 0.01023391812865497
0 0.5390625 0.15204678362573099 0.005859375 0.011695906432748537
0 0.52978515625 0.14839181286549707 0.0068359375 0.013157894736842105
0 0.54443359375 0.1834795321637427 0.0048828125 0.013157894736842105
0 0.54248046875 0.17470760233918128 0.0068359375 0.013157894736842105
0 0.55078125 0.16739766081871343 0.005859375 0.013157894736842105
0 0.5517578125 0.18494152046783624 0.005859375 0.007309941520467836
0 0.54296875 0.16301169590643275 0.005859375 0.01023391812865497
0 0.5888671875 0.24122807017543857 0.009765625 0.014619883040935672
0 0.58203125 0.23903508771929824 0.0078125 0.013157894736842105
0 0.564453125 0.23903508771929824 0.009765625 0.019005847953216373
0 0.5556640625 0.2317251461988304 0.0078125 0.021929824561403508
0 0.57177734375 0.21198830409356723 0.0087890625 0.017543859649122806
0 0.60400390625 0.23757309941520466 0.0087890625 0.01608187134502924
0 0.59521484375 0.22368421052631576 0.0087890625 0.014619883040935672
0 0.56494140625 0.18786549707602337 0.0087890625 0.01608187134502924
0 0.57421875 0.17763157894736842 0.0078125 0.013157894736842105
0 0.58740234375 0.1834795321637427 0.0068359375 0.01608187134502924
0 0.58935546875 0.1695906432748538 0.0048828125 0.014619883040935672
0 0.59619140625 0.18567251461988304 0.0068359375 0.011695906432748537
0 0.60205078125 0.19005847953216373 0.0068359375 0.017543859649122806
0 0.6123046875 0.17909356725146197 0.005859375 0.013157894736842105
0 0.61181640625 0.16666666666666666 0.0068359375 0.011695906432748537
0 0.63427734375 0.1871345029239766 0.0087890625 0.017543859649122806
0 0.595703125 0.14985380116959063 0.005859375 0.013157894736842105
0 0.61962890625 0.14546783625730994 0.0068359375 0.01023391812865497
0 0.62548828125 0.1644736842105263 0.0068359375 0.013157894736842105
0 0.53076171875 0.12792397660818713 0.0068359375 0.013157894736842105
0 0.55029296875 0.11915204678362573 0.0048828125 0.007309941520467836
0 0.66650390625 0.2704678362573099 0.0107421875 0.02046783625730994
0 0.64306640625 0.25584795321637427 0.0107421875 0.017543859649122806
0 0.61572265625 0.15423976608187134 0.0068359375 0.013157894736842105
0 0.6396484375 0.16154970760233917 0.0078125 0.01023391812865497
0 0.64013671875 0.15058479532163743 0.0068359375 0.014619883040935672
0 0.6494140625 0.16666666666666666 0.0078125 0.014619883040935672
0 0.6484375 0.19005847953216373 0.0078125 0.014619883040935672
0 0.6416015625 0.22880116959064326 0.009765625 0.013157894736842105
0 0.662109375 0.16520467836257308 0.0078125 0.014619883040935672
0 0.6708984375 0.16885964912280702 0.0078125 0.013157894736842105
0 0.62548828125 0.15058479532163743 0.0087890625 0.011695906432748537
0 0.685546875 0.17032163742690057 0.005859375 0.013157894736842105
0 0.6728515625 0.19371345029239764 0.005859375 0.013157894736842105
0 0.6318359375 0.13742690058479531 0.005859375 0.008771929824561403
0 0.66650390625 0.1469298245614035 0.0068359375 0.01608187134502924
0 0.67724609375 0.14912280701754385 0.0068359375 0.014619883040935672
0 0.6904296875 0.15497076023391812 0.0078125 0.011695906432748537
0 0.69580078125 0.16739766081871343 0.0068359375 0.01023391812865497
0 0.7041015625 0.1871345029239766 0.0078125 0.017543859649122806
0 0.69384765625 0.1425438596491228 0.0068359375 0.01023391812865497
0 0.7001953125 0.15862573099415203 0.0078125 0.013157894736842105
0 0.71044921875 0.1608187134502924 0.0087890625 0.011695906432748537
0 0.71484375 0.18055555555555555 0.005859375 0.01608187134502924
0 0.677734375 0.13450292397660818 0.005859375 0.008771929824561403
0 0.6982421875 0.13011695906432746 0.005859375 0.011695906432748537
0 0.71826171875 0.1557017543859649 0.0068359375 0.013157894736842105
0 0.7275390625 0.15277777777777776 0.0078125 0.013157894736842105
0 0.66064453125 0.13742690058479531 0.0068359375 0.008771929824561403
0 0.65576171875 0.1293859649122807 0.0068359375 0.01023391812865497
0 0.6953125 0.11988304093567251 0.00390625 0.008771929824561403
0 0.64501953125 0.12719298245614036 0.0068359375 0.011695906432748537
0 0.689453125 0.21198830409356723 0.005859375 0.014619883040935672
0 0.70703125 0.2097953216374269 0.009765625 0.013157894736842105
0 0.72021484375 0.2046783625730994 0.0068359375 0.014619883040935672
0 0.7216796875 0.18055555555555555 0.0078125 0.013157894736842105
0 0.7314453125 0.17470760233918128 0.0078125 0.01608187134502924
0 0.7392578125 0.18567251461988304 0.0078125 0.017543859649122806
0 0.6689453125 0.24780701754385964 0.01171875 0.019005847953216373
0 0.69287109375 0.23318713450292397 0.0087890625 0.01608187134502924
0 0.69873046875 0.24707602339181284 0.0087890625 0.017543859649122806
0 0.703125 0.23830409356725146 0.01171875 0.02046783625730994
0 0.724609375 0.2631578947368421 0.01171875 0.02046783625730994
0 0.7294921875 0.13669590643274854 0.005859375 0.01023391812865497
0 0.7421875 0.1337719298245614 0.005859375 0.01023391812865497
0 0.7470703125 0.17909356725146197 0.0078125 0.013157894736842105
0 0.74951171875 0.1600877192982456 0.0087890625 0.013157894736842105
0 0.75830078125 0.13596491228070173 0.0068359375 0.008771929824561403
0 0.7646484375 0.18859649122807015 0.009765625 0.014619883040935672
0 0.759765625 0.15277777777777776 0.0078125 0.013157894736842105
0 0.7646484375 0.1381578947368421 0.005859375 0.013157894736842105
0 0.79248046875 0.13596491228070173 0.0068359375 0.011695906432748537
0 0.79638671875 0.16885964912280702 0.0068359375 0.01608187134502924
0 0.806640625 0.1995614035087719 0.009765625 0.01608187134502924
0 0.8193359375 0.19883040935672514 0.009765625 0.017543859649122806
0 0.80810546875 0.1820175438596491 0.0087890625 0.013157894736842105
0 0.81494140625 0.1732456140350877 0.0087890625 0.013157894736842105
0 0.8056640625 0.16593567251461988 0.0078125 0.013157894736842105
0 0.8125 0.1907894736842105 0.0078125 0.013157894736842105
0 0.82421875 0.1695906432748538 0.0078125 0.014619883040935672
0 0.8486328125 0.17543859649122806 0.009765625 0.014619883040935672
0 0.85400390625 0.18932748538011696 0.0107421875 0.01608187134502924
0 0.8515625 0.2046783625730994 0.009765625 0.014619883040935672
0 0.83251953125 0.16739766081871343 0.0087890625 0.01608187134502924
0 0.837890625 0.15862573099415203 0.0078125 0.013157894736842105
0 0.8427734375 0.14473684210526316 0.0078125 0.011695906432748537
0 0.81982421875 0.1337719298245614 0.0068359375 0.01023391812865497
0 0.85791015625 0.15204678362573099 0.0068359375 0.014619883040935672
0 0.66796875 0.445906432748538 0.015625 0.038011695906432746
0 0.654296875 0.44883040935672514 0.01953125 0.03216374269005848
0 0.64990234375 0.3428362573099415 0.0166015625 0.03070175438596491
0 0.67041015625 0.32383040935672514 0.0166015625 0.027777777777777776
0 0.6728515625 0.29166666666666663 0.015625 0.019005847953216373
0 0.6904296875 0.28728070175438597 0.009765625 0.019005847953216373
0 0.70166015625 0.3026315789473684 0.0126953125 0.023391812865497075
0 0.70849609375 0.320906432748538 0.0146484375 0.024853801169590642
0 0.7548828125 0.33771929824561403 0.015625 0.02631578947368421
0 0.74853515625 0.29312865497076024 0.0126953125 0.024853801169590642
0 0.783203125 0.34137426900584794 0.015625 0.024853801169590642
0 0.791015625 0.2989766081871345 0.013671875 0.024853801169590642
0 0.75927734375 0.27850877192982454 0.0107421875 0.021929824561403508
0 0.7431640625 0.2324561403508772 0.005859375 0.017543859649122806
0 0.77392578125 0.24780701754385964 0.0107421875 0.021929824561403508
0 0.779296875 0.22880116959064326 0.009765625 0.013157894736842105
0 0.79443359375 0.23757309941520466 0.0107421875 0.01608187134502924
0 0.8095703125 0.2404970760233918 0.005859375 0.019005847953216373
0 0.79052734375 0.266812865497076 0.0068359375 0.019005847953216373
0 0.75537109375 0.22660818713450293 0.0087890625 0.017543859649122806
0 0.81103515625 0.30336257309941517 0.0107421875 0.027777777777777776
0 0.82568359375 0.3421052631578947 0.0166015625 0.02631578947368421
0 0.837890625 0.3910818713450292 0.0234375 0.04239766081871345
0 0.76904296875 0.4064327485380117 0.0146484375 0.03216374269005848
0 0.91552734375 0.4093567251461988 0.0146484375 0.03508771929824561
0 0.9599609375 0.3735380116959064 0.021484375 0.033625730994152045
0 0.83984375 0.2945906432748538 0.01171875 0.019005847953216373
0 0.8359375 0.2492690058479532 0.01171875 0.019005847953216373
0 0.84619140625 0.24122807017543857 0.0107421875 0.02046783625730994
0 0.9091796875 0.2309941520467836 0.005859375 0.014619883040935672
0 0.97998046875 0.3384502923976608 0.0146484375 0.024853801169590642
0 0.97216796875 0.28289473684210525 0.0146484375 0.024853801169590642
0 0.99169921875 0.28289473684210525 0.0107421875 0.021929824561403508
0 0.94873046875 0.256578947368421 0.0126953125 0.024853801169590642
0 0.95556640625 0.20175438596491227 0.0107421875 0.02046783625730994
0 0.97265625 0.2010233918128655 0.01171875 0.01608187134502924
0 0.98828125 0.20906432748538012 0.009765625 0.014619883040935672
0 0.98388671875 0.18274853801169588 0.0087890625 0.014619883040935672
0 0.99169921875 0.18494152046783624 0.0068359375 0.013157894736842105
0 0.99609375 0.19005847953216373 0.005859375 0.011695906432748537
0 0.9970703125 0.1600877192982456 0.00390625 0.019005847953216373
0 0.9111328125 0.20321637426900585 0.01171875 0.017543859649122806
0 0.90869140625 0.18274853801169588 0.0107421875 0.017543859649122806
0 0.88623046875 0.1907894736842105 0.0087890625 0.01608187134502924
0 0.87841796875 0.18055555555555555 0.0087890625 0.01608187134502924
0 0.89794921875 0.15277777777777776 0.0087890625 0.013157894736842105
0 0.884765625 0.14400584795321636 0.005859375 0.01023391812865497
0 0.97314453125 0.13084795321637427 0.0068359375 0.01023391812865497
0 0.97607421875 0.12207602339181287 0.0068359375 0.01023391812865497
0 0.97265625 0.125 0.005859375 0.01023391812865497
0 0.99462890625 0.11184210526315788 0.0068359375 0.01023391812865497
0 0.0390625 0.19371345029239764 0.005859375 0.013157894736842105
0 0.2626953125 0.16666666666666666 0.005859375 0.011695906432748537
0 0.3115234375 0.1469298245614035 0.005859375 0.01023391812865497
0 0.76513671875 0.15716374269005848 0.0068359375 0.013157894736842105
0 0.80859375 0.11769005847953215 0.005859375 0.007309941520467836
0 0.8017578125 0.10818713450292397 0.00390625 0.011695906432748537
0 0.7822265625 0.11476608187134502 0.00390625 0.007309941520467836
0 0.7998046875 0.12353801169590642 0.00390625 0.007309941520467836
0 0.791015625 0.10891812865497075 0.00390625 0.007309941520467836
0 0.78955078125 0.09429824561403508 0.0029296875 0.007309941520467836
