0 0.1845703125 0.6942392909896603 0.05078125 0.07976366322008863
0 0.26123046875 0.6004431314623339 0.0341796875 0.060561299852289516
0 0.05810546875 0.58493353028065 0.0517578125 0.07976366322008863
0 0.1337890625 0.4372230428360414 0.029296875 0.050221565731166914
0 0.0087890625 0.4564254062038405 0.017578125 0.05612998522895126
0 0.01806640625 0.4320531757754801 0.0263671875 0.04874446085672083
0 0.34619140625 0.4062038404726736 0.0341796875 0.05908419497784343
0 0.2421875 0.4283604135893649 0.0390625 0.0620384047267356
0 0.14306640625 0.3729689807976367 0.0302734375 0.04283604135893649
0 0.333984375 0.5265878877400296 0.03515625 0.06351550960118169
0 0.10791015625 0.3212703101920237 0.0166015625 0.033973412112259974
0 0.07373046875 0.34342688330871496 0.0224609375 0.033973412112259974
0 0.02490234375 0.32422451994091583 0.0185546875 0.033973412112259974
0 0.04736328125 0.33456425406203844 0.0146484375 0.02806499261447563
0 0.00537109375 0.30354505169867063 0.0107421875 0.02806499261447563
0 0.04736328125 0.2806499261447563 0.0146484375 0.026587887740029542
0 0.0625 0.292466765140325 0.01953125 0.03249630723781389
0 0.0888671875 0.2909896602658789 0.017578125 0.03249630723781389
0 0.14306640625 0.28286558345642543 0.0185546875 0.02806499261447563
0 0.162109375 0.257754800590842 0.01171875 0.022156573116691287
0 0.27197265625 0.27695716395864106 0.0146484375 0.025110782865583457
0 0.2353515625 0.24667651403249632 0.01171875 0.023633677991137372
0 0.21435546875 0.24002954209748895 0.0087890625 0.016248153618906944
0 0.20166015625 0.2378138847858198 0.0087890625 0.014771048744460858
0 0.1904296875 0.22968980797636634 0.005859375 0.010339734121122601
0 0.20654296875 0.26883308714918763 0.0107421875 0.014771048744460858
0 0.19873046875 0.3249630723781389 0.0107421875 0.01772525849335303
0 0.169921875 0.29542097488921715 0.015625 0.023633677991137372
0 0.17822265625 0.26957163958641067 0.0107421875 0.019202363367799114
0 0.08349609375 0.257754800590842 0.0107421875 0.019202363367799114
0 0.04833984375 0.24076809453471198 0.0087890625 0.014771048744460858
0 0.47265625 0.44387001477104876 0.03515625 0.06942392909896603
0 0.51025390625 0.4342688330871492 0.0283203125 0.050221565731166914
0 0.51318359375 0.3855243722304284 0.0224609375 0.03545051698670606
0 0.58154296875 0.3803545051698671 0.0263671875 0.04874446085672083
0 0.6982421875 0.4387001477104875 0.02734375 0.06499261447562778
0 0.57080078125 0.3412112259970458 0.0205078125 0.03840472673559823
0 0.46240234375 0.37149187592319055 0.0224609375 0.033973412112259974
0 0.53271484375 0.3190546528803545 0.0166015625 0.03249630723781389
0 0.462890625 0.3072378138847858 0.01953125 0.041358936484490405
0 0.580078125 0.2909896602658789 0.015625 0.029542097488921715
0 0.58544921875 0.27104874446085675 0.0146484375 0.022156573116691287
0 0.56201171875 0.2865583456425406 0.0126953125 0.020679468242245203
0 0.533203125 0.2725258493353028 0.015625 0.025110782865583457
0 0.54541015625 0.2651403249630724 0.0107421875 0.022156573116691287
0 0.611328125 0.27326440177252587 0.0078125 0.020679468242245203
0 0.38232421875 0.2983751846381093 0.0244140625 0.041358936484490405
0 0.41259765625 0.2614475627769572 0.0107421875 0.01772525849335303
0 0.6083984375 0.23633677991137372 0.0078125 0.011816838995568686
0 0.623046875 0.2392909896602659 0.005859375 0.014771048744460858
0 0.59716796875 0.2341211225997046 0.0048828125 0.010339734121122601
0 0.73193359375 0.5110782865583456 0.0302734375 0.0620384047267356
0 0.96435546875 0.42097488921713444 0.0322265625 0.053175775480059084
0 0.810546875 0.4187592319054653 0.025390625 0.04874446085672083
0 0.7373046875 0.3463810930576071 0.021484375 0.03692762186115214
0 0.89892578125 0.3774002954209749 0.0205078125 0.04283604135893649
0 0.95361328125 0.33899556868537667 0.0185546875 0.02806499261447563
0 0.9716796875 0.327178729689808 0.013671875 0.022156573116691287
0 0.7373046875 0.2806499261447563 0.01171875 0.020679468242245203
0 0.75048828125 0.28508124076809455 0.0126953125 0.023633677991137372
0 0.79150390625 0.2518463810930576 0.0107421875 0.019202363367799114
0 0.828125 0.25258493353028066 0.009765625 0.01772525849335303
0 0.77685546875 0.3707533234859675 0.0146484375 0.03249630723781389
0 0.6826171875 0.3293943870014771 0.013671875 0.026587887740029542
0 0.68603515625 0.2548005908419498 0.0107421875 0.016248153618906944
0 0.93701171875 0.2902511078286559 0.0087890625 0.019202363367799114
0 0.91943359375 0.3087149187592319 0.0146484375 0.023633677991137372
0 0.03173828125 0.2703101920236337 0.0126953125 0.023633677991137372
0 0.4794921875 0.3892171344165436 0.025390625 0.054652880354505176
0 0.87353515625 0.23855243722304284 0.0126953125 0.02806499261447563
