0 0.0478515625 0.44661654135338347 0.015625 0.03609022556390978
0 0.06103515625 0.45639097744360907 0.0126953125 0.02255639097744361
0 0.09814453125 0.4714285714285715 0.0107421875 0.02255639097744361
0 0.154296875 0.44060150375939855 0.015625 0.0330827067669173
0 0.16455078125 0.44812030075187975 0.0107421875 0.02706766917293233
0 0.17626953125 0.4398496240601504 0.0087890625 0.019548872180451128
0 0.2236328125 0.4180451127819549 0.017578125 0.0330827067669173
0 0.27001953125 0.44887218045112787 0.0205078125 0.03759398496240602
0 0.3095703125 0.44812030075187975 0.015625 0.03609022556390978
0 0.3818359375 0.4503759398496241 0.017578125 0.028571428571428574
0 0.41455078125 0.443609022556391 0.0166015625 0.030075187969924814
0 0.4462890625 0.42631578947368426 0.021484375 0.04360902255639098
0 0.52783203125 0.4398496240601504 0.0146484375 0.03458646616541353
0 0.57861328125 0.45263157894736844 0.0166015625 0.0330827067669173
0 0.5654296875 0.4398496240601504 0.009765625 0.01654135338345865
0 0.6591796875 0.4270676691729324 0.01953125 0.04210526315789474
0 0.7158203125 0.4330827067669173 0.0078125 0.015037593984962407
0 0.73388671875 0.45563909774436095 0.0166015625 0.030075187969924814
0 0.802734375 0.43909774436090226 0.017578125 0.039097744360902256
0 0.83984375 0.4473684210526316 0.01171875 0.02556390977443609
0 0.00439453125 0.46015037593984964 0.0087890625 0.02706766917293233
