0 0.00732421875 0.23673740053050396 0.0107421875 0.017241379310344827
0 0.0126953125 0.3163129973474801 0.017578125 0.027851458885941642
0 0.0458984375 0.3149867374005305 0.017578125 0.027851458885941642
0 0.033203125 0.3143236074270557 0.0078125 0.015915119363395226
0 0.13427734375 0.30968169761273207 0.0185546875 0.022546419098143235
0 0.15869140625 0.28315649867374004 0.0126953125 0.011936339522546418
0 0.19189453125 0.2619363395225464 0.0107421875 0.014588859416445622
0 0.205078125 0.2612732095490716 0.005859375 0.01326259946949602
0 0.22119140625 0.2526525198938992 0.0126953125 0.017241379310344827
0 0.23828125 0.23938992042440316 0.009765625 0.011936339522546418
0 0.26171875 0.23541114058355436 0.01171875 0.014588859416445622
0 0.30078125 0.22214854111405835 0.01171875 0.014588859416445622
0 0.3037109375 0.2559681697612732 0.01171875 0.015915119363395226
0 0.27685546875 0.2612732095490716 0.0087890625 0.010610079575596816
0 0.26171875 0.2818302387267904 0.013671875 0.017241379310344827
0 0.244140625 0.2619363395225464 0.01171875 0.017241379310344827
0 0.2314453125 0.2818302387267904 0.013671875 0.017241379310344827
0 0.21240234375 0.3037135278514589 0.0146484375 0.01856763925729443
0 0.19384765625 0.3116710875331565 0.0068359375 0.021220159151193633
0 0.185546875 0.3136604774535809 0.009765625 0.01989389920424403
0 0.23291015625 0.3335543766578249 0.0126953125 0.022546419098143235
0 0.26611328125 0.3090185676392573 0.0107421875 0.01856763925729443
0 0.2919921875 0.29708222811671087 0.0078125 0.015915119363395226
0 0.2978515625 0.3143236074270557 0.009765625 0.023872679045092837
0 0.30615234375 0.28978779840848806 0.0048828125 0.011936339522546418
0 0.32080078125 0.22679045092838196 0.0087890625 0.01326259946949602
0 0.2490234375 0.3693633952254642 0.017578125 0.022546419098143235
0 0.2919921875 0.3547745358090186 0.013671875 0.017241379310344827
0 0.26904296875 0.3919098143236074 0.0263671875 0.03846153846153846
0 0.22509765625 0.42440318302387264 0.0283203125 0.042440318302387266
0 0.2041015625 0.40716180371352784 0.015625 0.029177718832891244
0 0.03955078125 0.4787798408488063 0.0537109375 0.09283819628647215
0 0.03076171875 0.6054376657824934 0.0576171875 0.10742705570291777
0 0.203125 0.5915119363395225 0.06640625 0.11140583554376657
0 0.27783203125 0.6419098143236074 0.0751953125 0.12201591511936338
0 0.3515625 0.6458885941644562 0.080078125 0.1326259946949602
0 0.0478515625 0.7818302387267904 0.0546875 0.1870026525198939
0 0.26025390625 0.48541114058355433 0.0478515625 0.10344827586206896
0 0.32666015625 0.3885941644562334 0.0185546875 0.03183023872679045
0 0.3779296875 0.42705570291777184 0.03515625 0.06100795755968169
0 0.533203125 0.6074270557029178 0.048828125 0.11405835543766578
0 0.4892578125 0.5643236074270557 0.04296875 0.10477453580901856
0 0.46875 0.536472148541114 0.037109375 0.08355437665782493
0 0.49658203125 0.4416445623342175 0.0517578125 0.08753315649867374
0 0.35400390625 0.22082228116710875 0.0126953125 0.022546419098143235
0 0.35107421875 0.24734748010610078 0.0146484375 0.01989389920424403
0 0.4013671875 0.23872679045092837 0.01171875 0.023872679045092837
0 0.40625 0.3381962864721485 0.017578125 0.029177718832891244
0 0.36328125 0.2838196286472148 0.01171875 0.021220159151193633
0 0.42626953125 0.2818302387267904 0.0126953125 0.017241379310344827
0 0.40478515625 0.21153846153846154 0.0107421875 0.014588859416445622
0 0.3916015625 0.1870026525198939 0.01171875 0.010610079575596816
0 0.412109375 0.1836870026525199 0.013671875 0.014588859416445622
0 0.435546875 0.24403183023872677 0.01171875 0.015915119363395226
0 0.44287109375 0.19496021220159152 0.0068359375 0.01326259946949602
0 0.4560546875 0.26591511936339524 0.0078125 0.014588859416445622
0 0.44873046875 0.2771883289124668 0.0068359375 0.007957559681697613
0 0.4833984375 0.256631299734748 0.01171875 0.01989389920424403
0 0.46630859375 0.3116710875331565 0.0185546875 0.02652519893899204
0 0.4189453125 0.3229442970822281 0.015625 0.02519893899204244
0 0.43701171875 0.3328912466843501 0.0166015625 0.023872679045092837
0 0.47314453125 0.1909814323607427 0.0087890625 0.015915119363395226
0 0.458984375 0.16976127320954906 0.0078125 0.010610079575596816
0 0.4658203125 0.22944297082228116 0.009765625 0.015915119363395226
0 0.52734375 0.22811671087533156 0.01171875 0.021220159151193633
0 0.51171875 0.22612732095490715 0.01171875 0.014588859416445622
0 0.521484375 0.27320954907161804 0.01171875 0.01856763925729443
0 0.49560546875 0.29840848806366044 0.0107421875 0.021220159151193633
0 0.53369140625 0.36870026525198935 0.0185546875 0.01856763925729443
0 0.40234375 0.3037135278514589 0.009765625 0.010610079575596816
0 0.3671875 0.25132625994694957 0.009765625 0.011936339522546418
0 0.39208984375 0.22944297082228116 0.0107421875 0.015915119363395226
0 0.421875 0.16710875331564987 0.0078125 0.005305039787798408
0 0.48193359375 0.3216180371352785 0.0126953125 0.01989389920424403
0 0.50146484375 0.2606100795755968 0.0068359375 0.009283819628647215
0 0.6630859375 0.5988063660477453 0.060546875 0.1312997347480106
0 0.63232421875 0.543103448275862 0.0087890625 0.017241379310344827
0 0.91259765625 0.519893899204244 0.0458984375 0.10079575596816975
0 0.931640625 0.8222811671087533 0.0859375 0.10875331564986737
0 0.52490234375 0.14854111405835543 0.0087890625 0.01326259946949602
0 0.4580078125 0.22679045092838196 0.005859375 0.01326259946949602
0 0.44970703125 0.14986737400530503 0.0068359375 0.015915119363395226
0 0.462890625 0.1870026525198939 0.005859375 0.007957559681697613
0 0.49560546875 0.16114058355437666 0.0068359375 0.009283819628647215
0 0.55517578125 0.16976127320954906 0.0068359375 0.010610079575596816
0 0.6123046875 0.17506631299734748 0.0078125 0.01326259946949602
0 0.6376953125 0.16777188328912465 0.005859375 0.00663129973474801
0 0.6435546875 0.16976127320954906 0.009765625 0.007957559681697613
0 0.62744140625 0.13992042440318303 0.0048828125 0.00663129973474801
0 0.56884765625 0.16710875331564987 0.0107421875 0.01326259946949602
0 0.57470703125 0.21419098143236073 0.0087890625 0.014588859416445622
0 0.544921875 0.22281167108753314 0.005859375 0.005305039787798408
0 0.55810546875 0.24602122015915118 0.0126953125 0.017241379310344827
0 0.5888671875 0.23408488063660476 0.01171875 0.017241379310344827
0 0.5791015625 0.24137931034482757 0.005859375 0.005305039787798408
0 0.5751953125 0.2493368700265252 0.0078125 0.010610079575596816
0 0.626953125 0.21021220159151194 0.01171875 0.017241379310344827
0 0.63330078125 0.18633952254641908 0.0087890625 0.014588859416445622
0 0.56787109375 0.30305039787798405 0.0166015625 0.027851458885941642
0 0.54296875 0.3129973474801061 0.01171875 0.01326259946949602
0 0.5546875 0.3103448275862069 0.0078125 0.007957559681697613
0 0.57568359375 0.28315649867374004 0.0107421875 0.009283819628647215
0 0.61962890625 0.2692307692307692 0.0185546875 0.029177718832891244
0 0.63134765625 0.4058355437665782 0.0283203125 0.05039787798408488
0 0.52734375 0.3156498673740053 0.0078125 0.007957559681697613
0 0.560546875 0.27586206896551724 0.0078125 0.01326259946949602
0 0.7587890625 0.2526525198938992 0.009765625 0.017241379310344827
0 0.72265625 0.22811671087533156 0.005859375 0.007957559681697613
0 0.693359375 0.40185676392572944 0.02734375 0.029177718832891244
0 0.79736328125 0.41909814323607425 0.0166015625 0.03978779840848806
0 0.67626953125 0.5218832891246684 0.0478515625 0.09151193633952254
0 0.7548828125 0.4622015915119363 0.025390625 0.03846153846153846
0 0.52490234375 0.36007957559681697 0.0126953125 0.014588859416445622
0 0.81201171875 0.4051724137931034 0.0205078125 0.02519893899204244
0 0.8857421875 0.49005305039787794 0.0390625 0.08620689655172413
0 0.9111328125 0.4230769230769231 0.041015625 0.08222811671087532
0 0.9580078125 0.3978779840848806 0.015625 0.03183023872679045
0 0.83251953125 0.3189655172413793 0.0185546875 0.027851458885941642
0 0.90576171875 0.3057029177718833 0.0205078125 0.027851458885941642
0 0.72265625 0.2042440318302387 0.01171875 0.021220159151193633
0 0.7001953125 0.18169761273209548 0.01171875 0.01326259946949602
0 0.73974609375 0.16312997347480104 0.0107421875 0.01856763925729443
0 0.72998046875 0.16578249336870027 0.0048828125 0.007957559681697613
0 0.7548828125 0.19496021220159152 0.01171875 0.01856763925729443
0 0.77587890625 0.21021220159151194 0.0107421875 0.014588859416445622
0 0.77392578125 0.1810344827586207 0.0107421875 0.014588859416445622
0 0.7734375 0.1385941644562334 0.009765625 0.014588859416445622
0 0.73828125 0.10079575596816975 0.0078125 0.01326259946949602
0 0.712890625 0.10344827586206896 0.0078125 0.010610079575596816
0 0.84912109375 0.13793103448275862 0.0107421875 0.010610079575596816
0 0.841796875 0.17904509283819628 0.009765625 0.015915119363395226
0 0.8515625 0.17838196286472147 0.01171875 0.014588859416445622
0 0.86474609375 0.1962864721485411 0.0107421875 0.015915119363395226
0 0.87841796875 0.1989389920424403 0.0126953125 0.021220159151193633
0 0.8115234375 0.23342175066312995 0.01171875 0.015915119363395226
0 0.787109375 0.17639257294429708 0.009765625 0.015915119363395226
0 0.80029296875 0.1273209549071618 0.0087890625 0.010610079575596816
0 0.7939453125 0.11140583554376657 0.0078125 0.010610079575596816
0 0.80322265625 0.21485411140583555 0.0107421875 0.01856763925729443
0 0.83642578125 0.20557029177718833 0.0107421875 0.01326259946949602
0 0.880859375 0.11604774535809018 0.009765625 0.014588859416445622
0 0.8525390625 0.29840848806366044 0.01953125 0.029177718832891244
0 0.8759765625 0.1326259946949602 0.0078125 0.010610079575596816
0 0.884765625 0.15649867374005305 0.005859375 0.005305039787798408
0 0.8212890625 0.1253315649867374 0.0078125 0.014588859416445622
0 0.8232421875 0.17970822281167106 0.009765625 0.014588859416445622
0 0.86865234375 0.16909814323607425 0.0048828125 0.011936339522546418
0 0.80810546875 0.26591511936339524 0.0048828125 0.009283819628647215
0 0.8466796875 0.24403183023872677 0.005859375 0.01326259946949602
0 0.9091796875 0.1346153846153846 0.005859375 0.009283819628647215
0 0.9150390625 0.20490716180371352 0.009765625 0.017241379310344827
0 0.9091796875 0.20490716180371352 0.00390625 0.009283819628647215
0 0.9248046875 0.20358090185676392 0.01171875 0.014588859416445622
0 0.92919921875 0.16710875331564987 0.0087890625 0.01326259946949602
0 0.83203125 0.09084880636604774 0.0078125 0.011936339522546418
0 0.927734375 0.11803713527851459 0.005859375 0.007957559681697613
0 0.92333984375 0.10477453580901856 0.0087890625 0.01326259946949602
0 0.96240234375 0.10013262599469495 0.0087890625 0.014588859416445622
0 0.970703125 0.16710875331564987 0.01171875 0.015915119363395226
0 0.9228515625 0.24734748010610078 0.013671875 0.022546419098143235
0 0.94873046875 0.2791777188328912 0.0166015625 0.027851458885941642
0 0.9638671875 0.22612732095490715 0.013671875 0.01989389920424403
0 0.990234375 0.3010610079575597 0.013671875 0.02652519893899204
0 0.96923828125 0.28713527851458887 0.0107421875 0.01989389920424403
0 0.96484375 0.1870026525198939 0.01171875 0.015915119363395226
0 0.99365234375 0.15848806366047744 0.0107421875 0.01989389920424403
0 0.9541015625 0.10145888594164455 0.005859375 0.009283819628647215
0 0.95849609375 0.16578249336870027 0.0068359375 0.015915119363395226
0 0.98486328125 0.16379310344827586 0.0087890625 0.014588859416445622
0 0.978515625 0.23673740053050396 0.01171875 0.01989389920424403
0 0.9970703125 0.21618037135278514 0.005859375 0.01326259946949602
0 0.9482421875 0.17506631299734748 0.005859375 0.010610079575596816
0 0.9814453125 0.10013262599469495 0.0078125 0.011936339522546418
0 0.99072265625 0.7035809018567639 0.0185546875 0.11273209549071618
0 0.896484375 0.6107427055702918 0.041015625 0.0649867374005305
0 0.3857421875 0.3746684350132626 0.01171875 0.022546419098143235
0 0.17431640625 0.29111405835543763 0.0068359375 0.014588859416445622
0 0.4208984375 0.2453580901856764 0.0078125 0.01326259946949602
0 0.4462890625 0.2453580901856764 0.0078125 0.01856763925729443
0 0.43603515625 0.1962864721485411 0.0068359375 0.01326259946949602
0 0.4130859375 0.1279840848806366 0.005859375 0.011936339522546418
0 0.466796875 0.13925729442970822 0.0078125 0.010610079575596816
0 0.53271484375 0.1312997347480106 0.0068359375 0.010610079575596816
0 0.54248046875 0.14655172413793102 0.0087890625 0.011936339522546418
0 0.55224609375 0.1445623342175066 0.0107421875 0.015915119363395226
0 0.50146484375 0.22413793103448273 0.0087890625 0.015915119363395226
0 0.49609375 0.23541114058355436 0.01171875 0.011936339522546418
0 0.453125 0.24005305039787797 0.0078125 0.010610079575596816
0 0.37939453125 0.18169761273209548 0.0087890625 0.01326259946949602
0 0.361328125 0.15251989389920423 0.009765625 0.01326259946949602
0 0.36083984375 0.17374005305039786 0.0068359375 0.010610079575596816
0 0.47705078125 0.14787798408488062 0.0068359375 0.011936339522546418
0 0.48828125 0.15915119363395225 0.0078125 0.01326259946949602
0 0.470703125 0.1312997347480106 0.005859375 0.007957559681697613
0 0.4287109375 0.14522546419098142 0.0078125 0.009283819628647215
0 0.517578125 0.16843501326259946 0.0078125 0.01326259946949602
0 0.58203125 0.11870026525198939 0.005859375 0.011936339522546418
0 0.6474609375 0.18435013262599467 0.01171875 0.01326259946949602
0 0.6435546875 0.126657824933687 0.005859375 0.009283819628647215
0 0.58935546875 0.12201591511936338 0.0068359375 0.010610079575596816
0 0.73388671875 0.11538461538461538 0.0068359375 0.01326259946949602
0 0.8134765625 0.16976127320954906 0.015625 0.03713527851458886
0 0.8115234375 0.2042440318302387 0.013671875 0.021220159151193633
0 0.828125 0.24137931034482757 0.013671875 0.015915119363395226
0 0.7783203125 0.23541114058355436 0.01171875 0.01989389920424403
0 0.73974609375 0.23408488063660476 0.0126953125 0.01989389920424403
0 0.73876953125 0.1339522546419098 0.0087890625 0.01326259946949602
0 0.76953125 0.17108753315649866 0.013671875 0.015915119363395226
0 0.8310546875 0.16047745358090185 0.009765625 0.015915119363395226
0 0.81884765625 0.143236074270557 0.0068359375 0.01326259946949602
0 0.72607421875 0.15782493368700265 0.0068359375 0.010610079575596816
0 0.677734375 0.16312997347480104 0.0078125 0.01326259946949602
0 0.70458984375 0.20954907161803712 0.0087890625 0.010610079575596816
0 0.7587890625 0.24204244031830238 0.009765625 0.014588859416445622
0 0.796875 0.2771883289124668 0.017578125 0.023872679045092837
0 0.861328125 0.2572944297082228 0.009765625 0.01326259946949602
0 0.8486328125 0.2526525198938992 0.0078125 0.011936339522546418
0 0.71728515625 0.17506631299734748 0.0087890625 0.01326259946949602
0 0.87548828125 0.16578249336870027 0.0068359375 0.01326259946949602
0 0.89453125 0.18302387267904507 0.005859375 0.010610079575596816
0 0.87548828125 0.22811671087533156 0.0107421875 0.01326259946949602
0 0.88623046875 0.22281167108753314 0.0068359375 0.010610079575596816
0 0.89501953125 0.1293103448275862 0.0068359375 0.011936339522546418
0 0.77685546875 0.12201591511936338 0.0068359375 0.007957559681697613
0 0.751953125 0.10875331564986737 0.005859375 0.010610079575596816
0 0.98974609375 0.1312997347480106 0.0087890625 0.015915119363395226
0 0.89990234375 0.16047745358090185 0.0107421875 0.01326259946949602
0 0.88623046875 0.17241379310344826 0.0087890625 0.015915119363395226
0 0.92236328125 0.1870026525198939 0.0087890625 0.010610079575596816
0 0.9384765625 0.1339522546419098 0.005859375 0.007957559681697613
0 0.92431640625 0.126657824933687 0.0068359375 0.009283819628647215
0 0.93701171875 0.09748010610079576 0.0087890625 0.017241379310344827
0 0.8203125 0.1976127320954907 0.015625 0.015915119363395226
0 0.79296875 0.1870026525198939 0.0078125 0.015915119363395226
0 0.9189453125 0.15915119363395225 0.0078125 0.010610079575596816
0 0.98779296875 0.10278514588859416 0.0068359375 0.011936339522546418
0 0.71337890625 0.22612732095490715 0.0087890625 0.014588859416445622
0 0.60302734375 0.2042440318302387 0.0068359375 0.010610079575596816
0 0.673828125 0.28050397877984085 0.013671875 0.027851458885941642
0 0.66015625 0.689655172413793 0.107421875 0.2015915119363395
0 0.58984375 0.8614058355437665 0.09765625 0.08885941644562334
0 0.12841796875 0.5915119363395225 0.0673828125 0.09814323607427056
0 0.97802734375 0.19496021220159152 0.0068359375 0.010610079575596816
0 0.99609375 0.19496021220159152 0.0078125 0.01326259946949602
0 0.8466796875 0.23143236074270557 0.0078125 0.009283819628647215
0 0.78955078125 0.21684350132625993 0.0126953125 0.017241379310344827
0 0.45751953125 0.30968169761273207 0.0107421875 0.022546419098143235
0 0.34130859375 0.1896551724137931 0.0068359375 0.01326259946949602
0 0.421875 0.21684350132625993 0.005859375 0.011936339522546418
0 0.42822265625 0.20557029177718833 0.0068359375 0.010610079575596816
0 0.5712890625 0.14257294429708223 0.0078125 0.017241379310344827
0 0.49560546875 0.14588859416445624 0.0068359375 0.010610079575596816
0 0.5703125 0.18766578249336868 0.005859375 0.009283819628647215
0 0.59521484375 0.17042440318302388 0.0048828125 0.009283819628647215
0 0.5595703125 0.1982758620689655 0.005859375 0.00663129973474801
0 0.578125 0.17307692307692307 0.005859375 0.009283819628647215
0 0.47900390625 0.22679045092838196 0.0048828125 0.010610079575596816
0 0.48681640625 0.23010610079575597 0.0048828125 0.011936339522546418
0 0.630859375 0.5689655172413792 0.03515625 0.055702917771883284
0 0.8251953125 0.4449602122015915 0.021484375 0.04111405835543766
0 0.3359375 0.35875331564986734 0.01171875 0.022546419098143235
0 0.54248046875 0.43899204244031825 0.0185546875 0.04774535809018567
