0 0.02587890625 0.44236526946107785 0.0087890625 0.016467065868263474
0 0.0791015625 0.44311377245508987 0.005859375 0.014970059880239521
0 0.0546875 0.4408682634730539 0.005859375 0.010479041916167666
0 0.10107421875 0.43937125748503 0.0146484375 0.031437125748503
0 0.1328125 0.46706586826347307 0.01953125 0.038922155688622756
0 0.2822265625 0.4565868263473054 0.015625 0.02694610778443114
0 0.30126953125 0.4573353293413174 0.0166015625 0.031437125748503
0 0.330078125 0.46931137724550903 0.013671875 0.02544910179640719
0 0.21826171875 0.5254491017964072 0.0107421875 0.02694610778443114
0 0.39453125 0.45209580838323354 0.015625 0.029940119760479042
0 0.3671875 0.4416167664670659 0.01171875 0.02095808383233533
0 0.4208984375 0.4633233532934132 0.013671875 0.028443113772455092
0 0.47216796875 0.4513473053892216 0.0146484375 0.028443113772455092
0 0.4951171875 0.45883233532934137 0.013671875 0.028443113772455092
0 0.44921875 0.45958083832335334 0.01171875 0.02095808383233533
0 0.54248046875 0.45808383233532934 0.0166015625 0.02694610778443114
0 0.5126953125 0.4468562874251497 0.013671875 0.028443113772455092
0 0.61279296875 0.4505988023952096 0.0107421875 0.023952095808383235
0 0.6005859375 0.4910179640718563 0.013671875 0.02095808383233533
0 0.65576171875 0.46556886227544914 0.0146484375 0.03293413173652695
0 0.6533203125 0.437125748502994 0.009765625 0.014970059880239521
0 0.66943359375 0.4513473053892216 0.0126953125 0.02245508982035928
0 0.70263671875 0.46706586826347307 0.0146484375 0.02694610778443114
0 0.72216796875 0.43413173652694614 0.0146484375 0.02694610778443114
0 0.7734375 0.4446107784431138 0.013671875 0.023952095808383235
0 0.78076171875 0.4820359281437126 0.0126953125 0.023952095808383235
0 0.81787109375 0.47380239520958084 0.0126953125 0.02245508982035928
0 0.8916015625 0.46556886227544914 0.015625 0.029940119760479042
0 0.9140625 0.45883233532934137 0.00390625 0.0074850299401197605
0 0.9189453125 0.4505988023952096 0.00390625 0.005988023952095809
0 0.97607421875 0.44910179640718567 0.0048828125 0.008982035928143714
0 0.98779296875 0.46107784431137727 0.0048828125 0.008982035928143714
0 0.955078125 0.45883233532934137 0.00390625 0.010479041916167666
