0 0.0244140625 0.7239512855209743 0.01953125 0.037889039242219216
0 0.0068359375 0.7341001353179973 0.013671875 0.028416779431664412
0 0.05078125 0.7239512855209743 0.013671875 0.02165087956698241
0 0.30908203125 0.7077131258457375 0.0087890625 0.02165087956698241
0 0.40478515625 0.6143437077131259 0.0791015625 0.12449255751014886
0 0.8916015625 0.652232746955345 0.099609375 0.1786197564276049
0 0.7724609375 0.5020297699594046 0.076171875 0.14884979702300408
0 0.9912109375 0.17591339648173207 0.015625 0.035182679296346414
0 0.9208984375 0.2043301759133965 0.01953125 0.035182679296346414
0 0.83349609375 0.30040595399188097 0.0146484375 0.029769959404600813
0 0.791015625 0.3152909336941814 0.015625 0.027063599458728015
0 0.748046875 0.3558863328822734 0.01171875 0.024357239512855212
0 0.61376953125 0.39242219215155616 0.0107421875 0.013531799729364007
0 0.52294921875 0.45534506089309884 0.0107421875 0.014884979702300407
0 0.50390625 0.4472259810554804 0.009765625 0.012178619756427606
0 0.498046875 0.45534506089309884 0.009765625 0.012178619756427606
0 0.4619140625 0.46684709066305824 0.0078125 0.016238159675236806
0 0.4169921875 0.4912043301759134 0.0078125 0.013531799729364007
0 0.412109375 0.49323410013531804 0.005859375 0.009472259810554804
0 0.32568359375 0.6941813261163735 0.0048828125 0.005412719891745603
0 0.15283203125 0.5967523680649527 0.0654296875 0.10284167794316645
