0 0.14111328125 0.5554687500000001 0.0185546875 0.0328125
0 0.33203125 0.53828125 0.021484375 0.0390625
0 0.19677734375 0.46171875 0.0146484375 0.0234375
0 0.083984375 0.50546875 0.013671875 0.0234375
0 0.8857421875 0.5476562500000001 0.021484375 0.0390625
0 0.95166015625 0.5164062500000001 0.0126953125 0.0328125
0 0.94482421875 0.43984375000000003 0.0087890625 0.0140625
0 0.9130859375 0.4734375 0.01171875 0.025
0 0.9892578125 0.43671875000000004 0.009765625 0.0171875
0 0.42041015625 0.09765625 0.0146484375 0.026562500000000003
0 0.564453125 0.5140625 0.021484375 0.043750000000000004
