0 0.7548828125 0.3236074270557029 0.029296875 0.07692307692307691
0 0.19482421875 0.26657824933687 0.0517578125 0.07957559681697612
0 0.24755859375 0.3017241379310345 0.0419921875 0.05702917771883289
0 0.34423828125 0.3183023872679045 0.0439453125 0.06100795755968169
0 0.45068359375 0.3335543766578249 0.0341796875 0.054376657824933686
0 0.5615234375 0.3846153846153846 0.02734375 0.05305039787798408
0 0.63525390625 0.38262599469496017 0.0361328125 0.05172413793103448
0 0.0498046875 0.413129973474801 0.017578125 0.03315649867374005
0 0.869140625 0.4104774535809018 0.03515625 0.07029177718832891
0 0.94189453125 0.276525198938992 0.0478515625 0.07824933687002653
0 0.87744140625 0.3090185676392573 0.0224609375 0.07427055702917772
