0 0.33203125 0.3350364963503649 0.029296875 0.051094890510948905
0 0.30810546875 0.3364963503649635 0.0146484375 0.03065693430656934
0 0.4375 0.3262773722627737 0.017578125 0.03357664233576642
0 0.3701171875 0.29562043795620435 0.01171875 0.0218978102189781
0 0.462890625 0.23430656934306568 0.0078125 0.01313868613138686
0 0.44384765625 0.26861313868613135 0.0087890625 0.014598540145985401
0 0.4638671875 0.28905109489051095 0.015625 0.020437956204379562
0 0.4833984375 0.26934306569343064 0.009765625 0.01897810218978102
0 0.47607421875 0.3343065693430657 0.0185546875 0.03503649635036496
0 0.57080078125 0.27810218978102186 0.0107421875 0.01313868613138686
0 0.609375 0.27080291970802917 0.009765625 0.016058394160583942
0 0.64990234375 0.28905109489051095 0.0107421875 0.020437956204379562
0 0.626953125 0.2744525547445255 0.009765625 0.014598540145985401
0 0.63623046875 0.25912408759124084 0.0068359375 0.01313868613138686
0 0.669921875 0.26861313868613135 0.009765625 0.014598540145985401
0 0.69873046875 0.26934306569343064 0.0107421875 0.01313868613138686
0 0.685546875 0.30510948905109486 0.0078125 0.014598540145985401
0 0.7314453125 0.3 0.005859375 0.01313868613138686
0 0.79052734375 0.2744525547445255 0.0087890625 0.01751824817518248
0 0.80615234375 0.27153284671532846 0.0107421875 0.01751824817518248
0 0.84033203125 0.2671532846715328 0.0087890625 0.014598540145985401
0 0.8466796875 0.28686131386861313 0.009765625 0.016058394160583942
0 0.86669921875 0.2722627737226277 0.0107421875 0.016058394160583942
0 0.9072265625 0.2627737226277372 0.01171875 0.014598540145985401
0 0.38330078125 0.27883211678832115 0.0126953125 0.020437956204379562
0 0.70849609375 0.39051094890510946 0.0087890625 0.04817518248175182
0 0.5458984375 0.3613138686131387 0.013671875 0.07445255474452554
