0 0.09375 0.468167701863354 0.013671875 0.02950310559006211
0 0.1611328125 0.4448757763975155 0.013671875 0.023291925465838508
0 0.17236328125 0.42313664596273287 0.0107421875 0.017080745341614904
0 0.11181640625 0.44720496894409933 0.0107421875 0.021739130434782608
0 0.271484375 0.40062111801242234 0.01171875 0.021739130434782608
0 0.25439453125 0.45962732919254656 0.0478515625 0.09316770186335403
0 0.2646484375 0.37810559006211175 0.005859375 0.010869565217391304
0 0.25927734375 0.37810559006211175 0.0048828125 0.010869565217391304
0 0.28857421875 0.374223602484472 0.0068359375 0.015527950310559004
0 0.318359375 0.3687888198757764 0.005859375 0.010869565217391304
0 0.41015625 0.40838509316770183 0.0390625 0.09316770186335403
0 0.46142578125 0.3858695652173913 0.0244140625 0.06055900621118012
0 0.4892578125 0.358695652173913 0.015625 0.03416149068322981
0 0.50537109375 0.3936335403726708 0.0302734375 0.07298136645962733
0 0.55078125 0.32298136645962733 0.015625 0.03416149068322981
0 0.568359375 0.3027950310559006 0.009765625 0.021739130434782608
0 0.5771484375 0.34549689440993786 0.0234375 0.05434782608695652
0 0.6123046875 0.2903726708074534 0.009765625 0.021739130434782608
0 0.62255859375 0.28959627329192544 0.0068359375 0.013975155279503104
0 0.744140625 0.2639751552795031 0.015625 0.049689440993788817
0 0.73046875 0.12577639751552794 0.01171875 0.024844720496894408
0 0.341796875 0.9239130434782608 0.087890625 0.15217391304347824
0 0.591796875 0.686335403726708 0.0703125 0.15527950310559005
