0 0.9453125 0.57105719237435 0.03125 0.06759098786828423
0 0.79541015625 0.5571923743500866 0.0283203125 0.06759098786828423
0 0.6796875 0.5147313691507799 0.02734375 0.0658578856152513
0 0.61376953125 0.6048526863084922 0.0302734375 0.062391681109185436
0 0.45947265625 0.5285961871750433 0.0205078125 0.04852686308492201
0 0.30322265625 0.4610051993067591 0.0205078125 0.05199306759098787
0 0.97412109375 0.38734835355285957 0.0146484375 0.03292894280762565
0 0.92626953125 0.3778162911611785 0.0107421875 0.02772963604852686
0 0.8798828125 0.36655112651646443 0.01171875 0.02946273830155979
0 0.82373046875 0.34488734835355284 0.0146484375 0.031195840554592718
0 0.77978515625 0.4705372616984402 0.0205078125 0.04679376083188908
0 0.58544921875 0.5060658578856152 0.0224609375 0.05199306759098787
0 0.21875 0.2868284228769497 0.01171875 0.025996533795493933
0 0.18798828125 0.22270363951473135 0.0107421875 0.022530329289428074
0 0.0888671875 0.24003466204506063 0.009765625 0.019064124783362217
0 0.06982421875 0.24090121317157712 0.0107421875 0.020797227036395145
0 0.07421875 0.3440207972270364 0.013671875 0.022530329289428074
0 0.65185546875 0.5077989601386481 0.0205078125 0.04852686308492201
0 0.97265625 0.4540727902946274 0.025390625 0.05892547660311958
