0 0.193359375 0.3541076487252125 0.08203125 0.141643059490085
0 0.404296875 0.3852691218130312 0.07421875 0.1473087818696884
0 0.58984375 0.5439093484419264 0.08203125 0.1359773371104816
0 0.35546875 0.7138810198300284 0.06640625 0.1246458923512748
0 0.2314453125 0.17988668555240794 0.080078125 0.1331444759206799
0 0.36328125 0.24504249291784705 0.07421875 0.1558073654390935
0 0.5146484375 0.3059490084985836 0.072265625 0.1359773371104816
0 0.62109375 0.26345609065155806 0.078125 0.1359773371104816
0 0.734375 0.254957507082153 0.07421875 0.15864022662889518
0 0.8408203125 0.3045325779036827 0.072265625 0.1558073654390935
