0 0.83251953125 0.24850299401197606 0.0361328125 0.0658682634730539
0 0.732421875 0.20808383233532934 0.03515625 0.0658682634730539
0 0.658203125 0.345059880239521 0.04296875 0.07335329341317366
0 0.6142578125 0.1968562874251497 0.037109375 0.06437125748502995
0 0.5263671875 0.4004491017964072 0.0390625 0.06437125748502995
0 0.5029296875 0.2155688622754491 0.037109375 0.0658682634730539
0 0.4375 0.45808383233532934 0.037109375 0.0658682634730539
0 0.40478515625 0.14820359281437126 0.0400390625 0.07185628742514971
0 0.3369140625 0.2851796407185629 0.0390625 0.07035928143712575
0 0.26318359375 0.22979041916167667 0.0341796875 0.06437125748502995
0 0.15283203125 0.2342814371257485 0.0361328125 0.06137724550898204
