0 0.88037109375 0.38172804532577903 0.0341796875 0.049575070821529746
0 0.80126953125 0.3569405099150142 0.0341796875 0.0481586402266289
0 0.7353515625 0.36756373937677056 0.02734375 0.04390934844192635
0 0.70263671875 0.34773371104815864 0.0263671875 0.04107648725212465
0 0.63330078125 0.3845609065155808 0.0283203125 0.04107648725212465
0 0.61474609375 0.3944759206798867 0.0205078125 0.04390934844192635
0 0.5625 0.3895184135977337 0.02734375 0.039660056657223795
0 0.533203125 0.3328611898016997 0.029296875 0.0453257790368272
0 0.58349609375 0.5396600566572238 0.0283203125 0.0453257790368272
0 0.52099609375 0.45467422096317284 0.0263671875 0.039660056657223795
0 0.45166015625 0.5347025495750708 0.0283203125 0.049575070821529746
0 0.37255859375 0.5354107648725213 0.0283203125 0.0481586402266289
0 0.37939453125 0.39518413597733715 0.0244140625 0.042492917847025496
0 0.361328125 0.3626062322946176 0.021484375 0.039660056657223795
0 0.30224609375 0.34773371104815864 0.0244140625 0.046742209631728045
0 0.24755859375 0.4128895184135978 0.0283203125 0.03824362606232295
0 0.263671875 0.363314447592068 0.01953125 0.029745042492917848
0 0.47802734375 0.3626062322946176 0.0244140625 0.0368271954674221
0 0.4345703125 0.33640226628895187 0.02734375 0.04390934844192635
0 0.15234375 0.40084985835694054 0.02734375 0.042492917847025496
0 0.1826171875 0.34135977337110485 0.02734375 0.039660056657223795
0 0.12890625 0.36968838526912184 0.029296875 0.0453257790368272
