0 0.1533203125 0.4530102790014684 0.02734375 0.042584434654919234
0 0.2060546875 0.39794419970631423 0.02734375 0.05580029368575624
0 0.2841796875 0.4030837004405286 0.025390625 0.0513950073421439
0 0.35595703125 0.40602055800293685 0.0263671875 0.05433186490455213
0 0.47607421875 0.46696035242290745 0.0263671875 0.049926578560939794
0 0.51025390625 0.4449339207048458 0.0283203125 0.049926578560939794
0 0.5517578125 0.5345080763582966 0.025390625 0.04405286343612334
0 0.57421875 0.43612334801762115 0.025390625 0.04405286343612334
0 0.65087890625 0.4287812041116006 0.0244140625 0.04698972099853157
0 0.72021484375 0.4162995594713656 0.0283203125 0.05433186490455213
0 0.80029296875 0.40748898678414097 0.0283203125 0.0513950073421439
0 0.7275390625 0.6101321585903083 0.025390625 0.042584434654919234
0 0.6640625 0.6747430249632892 0.021484375 0.03083700440528634
0 0.5205078125 0.6930983847283406 0.02734375 0.049926578560939794
0 0.4296875 0.5117474302496329 0.025390625 0.04552129221732746
0 0.365234375 0.5895741556534507 0.025390625 0.04552129221732746
0 0.291015625 0.5859030837004405 0.025390625 0.04698972099853157
0 0.21826171875 0.5374449339207048 0.0244140625 0.04405286343612334
0 0.6474609375 0.5888399412628487 0.02734375 0.049926578560939794
