0 0.1103515625 0.23324022346368717 0.05078125 0.0893854748603352
0 0.267578125 0.19483240223463688 0.04296875 0.07960893854748603
0 0.3876953125 0.22905027932960895 0.04296875 0.07262569832402235
0 0.50830078125 0.21508379888268156 0.0498046875 0.07541899441340782
0 0.54736328125 0.4043296089385475 0.0498046875 0.07681564245810056
0 0.38037109375 0.3959497206703911 0.0439453125 0.07402234636871509
0 0.220703125 0.3533519553072626 0.056640625 0.0893854748603352
0 0.642578125 0.24371508379888268 0.05078125 0.07681564245810056
0 0.77734375 0.2409217877094972 0.048828125 0.08519553072625699
0 0.91796875 0.22416201117318438 0.046875 0.07681564245810056
0 0.8779296875 0.41201117318435754 0.0546875 0.08659217877094973
0 0.708984375 0.40363128491620115 0.05078125 0.0782122905027933
