0 0.0947265625 0.3392857142857143 0.03125 0.0551948051948052
0 0.12451171875 0.28084415584415584 0.0322265625 0.0551948051948052
0 0.181640625 0.34090909090909094 0.03125 0.05844155844155845
0 0.20849609375 0.288961038961039 0.0263671875 0.05194805194805195
0 0.2431640625 0.3060064935064935 0.025390625 0.03733766233766234
0 0.279296875 0.33441558441558444 0.025390625 0.05194805194805195
0 0.3173828125 0.2832792207792208 0.02734375 0.05681818181818182
0 0.375 0.325487012987013 0.0234375 0.04707792207792208
0 0.412109375 0.29383116883116883 0.025390625 0.0551948051948052
0 0.3876953125 0.4423701298701299 0.033203125 0.06655844155844157
0 0.33544921875 0.41071428571428575 0.0224609375 0.048701298701298704
0 0.357421875 0.47889610389610393 0.021484375 0.03896103896103896
0 0.24658203125 0.523538961038961 0.0263671875 0.04383116883116883
0 0.306640625 0.4439935064935065 0.0234375 0.04707792207792208
0 0.2138671875 0.4740259740259741 0.033203125 0.06493506493506494
0 0.4599609375 0.3116883116883117 0.025390625 0.0551948051948052
0 0.49462890625 0.2605519480519481 0.0283203125 0.06331168831168832
0 0.53466796875 0.3125 0.0244140625 0.05032467532467533
0 0.57373046875 0.24594155844155846 0.0283203125 0.053571428571428575
0 0.6484375 0.262987012987013 0.029296875 0.0551948051948052
0 0.69580078125 0.3035714285714286 0.0263671875 0.048701298701298704
0 0.7666015625 0.27840909090909094 0.029296875 0.05681818181818182
0 0.80908203125 0.3092532467532468 0.0244140625 0.053571428571428575
0 0.84130859375 0.36444805194805197 0.0283203125 0.05681818181818182
0 0.89208984375 0.3068181818181818 0.0263671875 0.05844155844155845
0 0.79052734375 0.4642857142857143 0.0263671875 0.05844155844155845
0 0.74853515625 0.4318181818181818 0.0283203125 0.0551948051948052
0 0.708984375 0.44724025974025977 0.025390625 0.04707792207792208
0 0.67529296875 0.4813311688311689 0.0244140625 0.05032467532467533
0 0.630859375 0.48214285714285715 0.025390625 0.05194805194805195
0 0.646484375 0.37094155844155846 0.025390625 0.05032467532467533
0 0.5908203125 0.3336038961038961 0.0234375 0.04707792207792208
0 0.5712890625 0.450487012987013 0.0234375 0.04383116883116883
0 0.55810546875 0.3952922077922078 0.0244140625 0.040584415584415584
0 0.515625 0.512987012987013 0.021484375 0.03896103896103896
0 0.48046875 0.44318181818181823 0.025390625 0.05194805194805195
0 0.462890625 0.5056818181818182 0.021484375 0.040584415584415584
0 0.2412109375 0.36444805194805197 0.021484375 0.040584415584415584
