0 0.20068359375 0.46713852376137516 0.0400390625 0.04448938321536906
0 0.703125 0.1931243680485339 0.046875 0.05055611729019212
0 0.3759765625 0.15672396359959556 0.06640625 0.08695652173913043
0 0.44580078125 0.2057633973710819 0.0400390625 0.055611729019211326
0 0.5693359375 0.18149646107178968 0.01953125 0.023255813953488372
0 0.62353515625 0.20626895854398383 0.0185546875 0.020222446916076844
0 0.658203125 0.1845298281092012 0.015625 0.021233569261880688
0 0.583984375 0.18149646107178968 0.0078125 0.011122345803842266
0 0.0771484375 0.19160768452982813 0.01171875 0.015166835187057635
0 0.271484375 0.19413549039433772 0.0078125 0.016177957532861477
0 0.6435546875 0.18099089989888778 0.013671875 0.01820020222446916
0 0.759765625 0.1885743174924166 0.009765625 0.01718907987866532
0 0.74072265625 0.18604651162790697 0.0126953125 0.012133468149646108
0 0.4765625 0.08190091001011122 0.009765625 0.014155712841253793
0 0.48583984375 0.0788675429726997 0.0087890625 0.012133468149646108
0 0.4921875 0.10667340748230536 0.01171875 0.011122345803842266
0 0.76953125 0.19514661274014156 0.0078125 0.008088978766430738
0 0.70361328125 0.5465116279069767 0.0283203125 0.031344792719919114
