0 0.02587890625 0.11122244488977955 0.0146484375 0.038076152304609215
0 0.046875 0.1342685370741483 0.015625 0.03607214428857715
0 0.0576171875 0.08216432865731463 0.015625 0.03607214428857715
0 0.09130859375 0.11623246492985971 0.0146484375 0.03206412825651302
0 0.1083984375 0.09519038076152304 0.015625 0.038076152304609215
0 0.1279296875 0.15130260521042083 0.013671875 0.03406813627254509
0 0.14111328125 0.11823647294589178 0.0146484375 0.03607214428857715
0 0.1591796875 0.07114228456913826 0.013671875 0.03406813627254509
0 0.1748046875 0.10420841683366733 0.01171875 0.03206412825651302
0 0.19921875 0.11222444889779558 0.015625 0.03607214428857715
0 0.22900390625 0.11322645290581161 0.0146484375 0.03406813627254509
0 0.2685546875 0.10721442885771543 0.013671875 0.03406813627254509
0 0.287109375 0.07414829659318636 0.015625 0.03206412825651302
0 0.30224609375 0.1312625250501002 0.0146484375 0.03006012024048096
0 0.3408203125 0.14829659318637273 0.01171875 0.03206412825651302
0 0.33642578125 0.08717434869739478 0.0146484375 0.038076152304609215
0 0.37890625 0.14629258517034066 0.013671875 0.03206412825651302
0 0.3798828125 0.1032064128256513 0.013671875 0.03006012024048096
0 0.08251953125 0.282565130260521 0.0126953125 0.03607214428857715
0 0.154296875 0.22444889779559116 0.015625 0.03607214428857715
0 0.20166015625 0.3046092184368737 0.0126953125 0.03206412825651302
0 0.24072265625 0.280561122244489 0.0126953125 0.03206412825651302
0 0.27978515625 0.25250501002004005 0.0166015625 0.04008016032064128
0 0.2470703125 0.3316633266533066 0.013671875 0.03006012024048096
0 0.287109375 0.3476953907815631 0.013671875 0.03406813627254509
0 0.33740234375 0.34669338677354705 0.0146484375 0.028056112224448895
0 0.40234375 0.32665330661322645 0.013671875 0.03206412825651302
0 0.39453125 0.3657314629258517 0.01171875 0.026052104208416832
0 0.333984375 0.2034068136272545 0.015625 0.038076152304609215
0 0.39990234375 0.22344689378757512 0.0126953125 0.03406813627254509
0 0.3994140625 0.08016032064128256 0.01171875 0.03206412825651302
0 0.1474609375 0.16032064128256512 0.009765625 0.01603206412825651
0 0.42041015625 0.09919839679358716 0.0146484375 0.03406813627254509
0 0.4560546875 0.12124248496993988 0.013671875 0.03406813627254509
0 0.43359375 0.1412825651302605 0.015625 0.038076152304609215
0 0.455078125 0.20440881763527052 0.013671875 0.03607214428857715
0 0.46337890625 0.09619238476953906 0.0126953125 0.03206412825651302
0 0.49462890625 0.09919839679358716 0.0146484375 0.03406813627254509
0 0.5283203125 0.08216432865731463 0.013671875 0.03206412825651302
0 0.533203125 0.11923847695390781 0.01171875 0.03006012024048096
0 0.55029296875 0.13326653306613226 0.0166015625 0.03406813627254509
0 0.57958984375 0.12024048096192384 0.0107421875 0.03206412825651302
0 0.61865234375 0.12725450901803606 0.0126953125 0.03406813627254509
0 0.6513671875 0.10721442885771543 0.015625 0.038076152304609215
0 0.67138671875 0.08917835671342685 0.0146484375 0.03406813627254509
0 0.69140625 0.11823647294589178 0.01171875 0.03206412825651302
0 0.6455078125 0.21342685370741482 0.015625 0.03406813627254509
0 0.7001953125 0.20741482965931862 0.015625 0.038076152304609215
0 0.5947265625 0.21342685370741482 0.013671875 0.03406813627254509
0 0.5576171875 0.2064128256513026 0.013671875 0.04008016032064128
0 0.50732421875 0.19839679358717432 0.0166015625 0.03607214428857715
0 0.45654296875 0.3256513026052104 0.0126953125 0.03406813627254509
0 0.45458984375 0.3657314629258517 0.0107421875 0.026052104208416832
0 0.51513671875 0.35571142284569135 0.0126953125 0.03006012024048096
0 0.56201171875 0.3687374749498998 0.0126953125 0.028056112224448895
0 0.6240234375 0.3096192384769539 0.015625 0.038076152304609215
0 0.68505859375 0.3807615230460922 0.0146484375 0.03206412825651302
0 0.73779296875 0.09819639278557113 0.0166015625 0.03607214428857715
0 0.77197265625 0.125250501002004 0.0146484375 0.03406813627254509
0 0.7861328125 0.08416833667334668 0.017578125 0.03607214428857715
0 0.83154296875 0.11022044088176351 0.0166015625 0.04008016032064128
0 0.86328125 0.08216432865731463 0.015625 0.04008016032064128
0 0.91064453125 0.11923847695390781 0.0166015625 0.038076152304609215
0 0.93359375 0.156312625250501 0.013671875 0.03206412825651302
0 0.96044921875 0.2625250501002004 0.0166015625 0.03607214428857715
0 0.91943359375 0.2595190380761523 0.0166015625 0.03406813627254509
0 0.8837890625 0.2124248496993988 0.015625 0.04008016032064128
0 0.8671875 0.24048096192384769 0.015625 0.03607214428857715
0 0.82421875 0.22945891783567132 0.015625 0.03406813627254509
0 0.7841796875 0.24148296593186372 0.015625 0.04208416833667334
0 0.79736328125 0.29058116232464926 0.0146484375 0.03607214428857715
0 0.86328125 0.3356713426853707 0.013671875 0.03406813627254509
0 0.92578125 0.33466933867735466 0.015625 0.03206412825651302
0 0.80029296875 0.3597194388777555 0.0126953125 0.026052104208416832
0 0.73828125 0.39078156312625245 0.015625 0.028056112224448895
0 0.728515625 0.3096192384769539 0.009765625 0.022044088176352703
0 0.75244140625 0.2745490981963928 0.0146484375 0.03607214428857715
