0 0.0556640625 0.41483516483516486 0.06640625 0.15109890109890112
0 0.3603515625 0.2774725274725275 0.0390625 0.10164835164835166
0 0.4228515625 0.22321428571428573 0.056640625 0.12225274725274726
0 0.53466796875 0.17925824175824176 0.0400390625 0.09752747252747254
0 0.78173828125 0.1462912087912088 0.0478515625 0.11126373626373627
0 0.83642578125 0.529532967032967 0.0869140625 0.22115384615384617
0 0.994140625 0.4182692307692308 0.01171875 0.13324175824175824
0 0.20654296875 0.16620879120879123 0.0166015625 0.030219780219780223
0 0.380859375 0.8495879120879122 0.029296875 0.023351648351648352
0 0.775390625 0.6325549450549451 0.017578125 0.015109890109890112
0 0.76904296875 0.6524725274725275 0.0166015625 0.019230769230769232
