0 0.16650390625 0.3319327731092437 0.0498046875 0.06602641056422569
0 0.21044921875 0.2527010804321729 0.0517578125 0.06602641056422569
0 0.2841796875 0.2929171668667467 0.0390625 0.0432172869147659
0 0.39501953125 0.2899159663865546 0.0478515625 0.061224489795918366
0 0.52587890625 0.2677070828331332 0.0400390625 0.06482593037214886
0 0.671875 0.26110444177671066 0.044921875 0.06602641056422569
0 0.78515625 0.3259303721488595 0.044921875 0.05642256902761104
0 0.70458984375 0.17767106842737093 0.0498046875 0.06962785114045618
0 0.6240234375 0.17106842737094838 0.0390625 0.058823529411764705
0 0.4326171875 0.13445378151260504 0.044921875 0.06482593037214886
0 0.521484375 0.41956782713085233 0.048828125 0.07082833133253301
0 0.40771484375 0.48259303721488594 0.0478515625 0.060024009603841535
0 0.47802734375 0.21008403361344535 0.0439453125 0.052821128451380546
0 0.33740234375 0.21788715486194477 0.0400390625 0.054021608643457376
