0 0.15283203125 0.283203125 0.0400390625 0.061197916666666664
0 0.23681640625 0.2884114583333333 0.0361328125 0.05598958333333333
0 0.29443359375 0.2786458333333333 0.0380859375 0.057291666666666664
0 0.384765625 0.30859375 0.03515625 0.0546875
0 0.421875 0.24934895833333331 0.03125 0.053385416666666664
0 0.47900390625 0.25846354166666663 0.0322265625 0.05078125
0 0.57177734375 0.30924479166666663 0.0341796875 0.05598958333333333
0 0.6357421875 0.3125 0.033203125 0.046875
0 0.74462890625 0.26171875 0.0322265625 0.049479166666666664
0 0.81201171875 0.3001302083333333 0.0322265625 0.053385416666666664
0 0.88037109375 0.27604166666666663 0.0380859375 0.05989583333333333
0 0.8671875 0.44140625 0.03125 0.05208333333333333
0 0.80126953125 0.4016927083333333 0.0322265625 0.04817708333333333
0 0.689453125 0.5299479166666666 0.033203125 0.049479166666666664
0 0.60595703125 0.51953125 0.0361328125 0.0625
0 0.53564453125 0.5598958333333333 0.0361328125 0.0546875
0 0.4560546875 0.5260416666666666 0.041015625 0.057291666666666664
0 0.38330078125 0.5572916666666666 0.0380859375 0.0546875
0 0.27978515625 0.5579427083333333 0.0400390625 0.061197916666666664
0 0.16650390625 0.50390625 0.0458984375 0.06510416666666666
