0 0.8876953125 0.2816326530612245 0.03125 0.05170068027210884
0 0.77978515625 0.2891156462585034 0.0322265625 0.044897959183673466
0 0.70556640625 0.27959183673469384 0.0322265625 0.050340136054421766
0 0.740234375 0.28299319727891153 0.03125 0.04897959183673469
0 0.6025390625 0.27755102040816326 0.033203125 0.05442176870748299
0 0.6962890625 0.38911564625850337 0.029296875 0.05170068027210884
0 0.5634765625 0.26870748299319724 0.03515625 0.050340136054421766
0 0.51171875 0.4768707482993197 0.041015625 0.06666666666666667
0 0.41748046875 0.33469387755102037 0.0341796875 0.05714285714285714
0 0.39892578125 0.2714285714285714 0.0361328125 0.055782312925170066
0 0.30078125 0.24489795918367346 0.041015625 0.05714285714285714
0 0.29541015625 0.3795918367346939 0.0380859375 0.05714285714285714
0 0.349609375 0.3625850340136054 0.03515625 0.050340136054421766
0 0.2333984375 0.28095238095238095 0.037109375 0.055782312925170066
0 0.13232421875 0.25442176870748295 0.0419921875 0.07346938775510203
0 0.5009765625 0.27755102040816326 0.03515625 0.05714285714285714
