0 0.841796875 0.876210235131397 0.056640625 0.08990318118948824
0 0.48193359375 0.39626556016597514 0.0068359375 0.012448132780082988
0 0.88818359375 0.7800829875518672 0.0478515625 0.06362378976486861
0 0.3349609375 0.7828492392807745 0.03515625 0.049792531120331954
0 0.26513671875 0.756569847856155 0.0595703125 0.11618257261410789
0 0.109375 0.42323651452282157 0.01171875 0.016597510373443983
0 0.150390625 0.4508990318118949 0.0078125 0.011065006915629323
0 0.00927734375 0.42600276625172895 0.0107421875 0.013831258644536654
0 0.04638671875 0.44260027662517293 0.0107421875 0.016597510373443983
0 0.06005859375 0.4190871369294606 0.0107421875 0.011065006915629323
0 0.3857421875 0.4294605809128631 0.01171875 0.01798063623789765
0 0.3603515625 0.4273858921161826 0.017578125 0.016597510373443983
0 0.310546875 0.43291839557399725 0.01171875 0.016597510373443983
0 0.4140625 0.4343015214384509 0.013671875 0.016597510373443983
0 0.4736328125 0.4197786998616874 0.009765625 0.020746887966804982
0 0.5361328125 0.4294605809128631 0.01171875 0.029045643153526972
0 0.59521484375 0.41839557399723376 0.0107421875 0.01521438450899032
0 0.63134765625 0.43015214384508993 0.0126953125 0.016597510373443983
0 0.7177734375 0.4315352697095436 0.015625 0.027662517289073308
0 0.728515625 0.44260027662517293 0.013671875 0.019363762102351315
0 0.69580078125 0.5587828492392808 0.0322265625 0.06639004149377593
0 0.73583984375 0.5504840940525588 0.0322265625 0.06362378976486861
0 0.77490234375 0.5179806362378977 0.0302734375 0.040110650069156296
0 0.86328125 0.4467496542185339 0.013671875 0.022130013831258646
0 0.9638671875 0.5027662517289073 0.03125 0.06224066390041494
0 0.919921875 0.4744121715076072 0.025390625 0.03042876901798064
0 0.98681640625 0.44329183955739976 0.0185546875 0.029045643153526972
0 0.90771484375 0.4073305670816044 0.0087890625 0.009681881051175657
0 0.04296875 0.8879668049792532 0.0859375 0.11341632088520055
0 0.046875 0.6334716459197788 0.052734375 0.08022130013831259
0 0.10693359375 0.5816044260027663 0.0205078125 0.020746887966804982
0 0.0849609375 0.516597510373444 0.01953125 0.02351313969571231
0 0.06396484375 0.44260027662517293 0.0126953125 0.013831258644536654
0 0.21240234375 0.5352697095435685 0.0322265625 0.04702627939142462
0 0.27294921875 0.5117565698478562 0.0263671875 0.04426002766251729
0 0.3427734375 0.47994467496542187 0.0234375 0.03319502074688797
0 0.35986328125 0.529045643153527 0.0244140625 0.042876901798063624
0 0.58837890625 0.6065006915629323 0.0302734375 0.08160442600276625
0 0.60400390625 0.4861687413554634 0.0283203125 0.048409405255878286
0 0.529296875 0.5152143845089904 0.02734375 0.048409405255878286
0 0.44970703125 0.4550484094052559 0.0126953125 0.024896265560165977
