0 0.27099609375 0.487518355359765 0.0576171875 0.12334801762114536
0 0.33251953125 0.5176211453744494 0.0302734375 0.06901615271659324
0 0.37255859375 0.5051395007342143 0.0244140625 0.05873715124816446
0 0.42626953125 0.5176211453744494 0.0498046875 0.11894273127753303
0 0.46337890625 0.48898678414096913 0.0185546875 0.04405286343612334
0 0.51123046875 0.539647577092511 0.0322265625 0.06314243759177679
0 0.56884765625 0.5124816446402349 0.0712890625 0.13509544787077826
0 0.6494140625 0.552863436123348 0.03515625 0.042584434654919234
0 0.71875 0.5697503671071953 0.060546875 0.09104258443465492
0 0.451171875 0.49926578560939794 0.01953125 0.05580029368575624
