0 0.1611328125 0.14921875 0.046875 0.0921875
0 0.29345703125 0.15234375 0.0537109375 0.0921875
0 0.375 0.09062500000000001 0.04296875 0.09062500000000001
0 0.46826171875 0.09296875 0.0419921875 0.0890625
0 0.5693359375 0.134375 0.044921875 0.09375
0 0.67529296875 0.13671875 0.0458984375 0.0921875
0 0.78466796875 0.10546875 0.0458984375 0.09531250000000001
0 0.88330078125 0.1 0.0458984375 0.1
0 0.63330078125 0.12109375 0.0146484375 0.029687500000000002
0 0.33349609375 0.13046875 0.0185546875 0.0421875
0 0.0888671875 0.21875 0.01171875 0.03125
0 0.10546875 0.11953125 0.017578125 0.035937500000000004
0 0.11669921875 0.10078125 0.0146484375 0.029687500000000002
0 0.08056640625 0.146875 0.0107421875 0.021875000000000002
0 0.046875 0.11796875000000001 0.017578125 0.0390625
0 0.0419921875 0.1328125 0.01171875 0.037500000000000006
0 0.01904296875 0.14765625000000002 0.0244140625 0.0421875
0 0.5361328125 0.11640625 0.017578125 0.0328125
