0 0.529296875 0.3949824970828471 0.021484375 0.024504084014002333
0 0.52783203125 0.3506417736289381 0.0283203125 0.03850641773628938
0 0.595703125 0.40723453908984825 0.02734375 0.03500583430571762
0 0.640625 0.34772462077012833 0.029296875 0.03733955659276546
0 0.67578125 0.3401400233372228 0.02734375 0.04084014002333722
0 0.759765625 0.35822637106184363 0.03125 0.0396732788798133
0 0.876953125 0.3442240373395566 0.03125 0.0396732788798133
0 0.7412109375 0.4760793465577596 0.025390625 0.03500583430571762
0 0.67724609375 0.49416569428238033 0.0244140625 0.0338389731621937
0 0.6357421875 0.514002333722287 0.025390625 0.03150525087514586
0 0.119140625 0.30746791131855306 0.03125 0.04084014002333722
0 0.1845703125 0.30921820303383896 0.03125 0.04434072345390898
0 0.3115234375 0.32847141190198365 0.029296875 0.03850641773628938
0 0.4130859375 0.3103850641773629 0.033203125 0.04667444574095682
0 0.15478515625 0.47199533255542586 0.0244140625 0.0338389731621937
0 0.2294921875 0.4527421236872812 0.021484375 0.030338389731621934
0 0.26123046875 0.4206534422403734 0.0244140625 0.0338389731621937
0 0.34912109375 0.4317386231038506 0.0263671875 0.03500583430571762
0 0.47314453125 0.45740956826137685 0.0224609375 0.03267211201866978
