0 0.06640625 0.39908854166666663 0.029296875 0.04296875
0 0.1171875 0.35546875 0.03125 0.046875
0 0.17919921875 0.35416666666666663 0.0263671875 0.046875
0 0.2294921875 0.306640625 0.029296875 0.045572916666666664
0 0.3095703125 0.349609375 0.025390625 0.04296875
0 0.40380859375 0.3880208333333333 0.0263671875 0.0390625
0 0.4619140625 0.37109375 0.02734375 0.041666666666666664
0 0.533203125 0.33268229166666663 0.029296875 0.045572916666666664
0 0.6103515625 0.36783854166666663 0.0234375 0.04036458333333333
0 0.10595703125 0.52734375 0.0283203125 0.0390625
0 0.146484375 0.517578125 0.03125 0.04296875
0 0.236328125 0.47135416666666663 0.029296875 0.046875
0 0.27490234375 0.60546875 0.0322265625 0.041666666666666664
0 0.31982421875 0.5774739583333333 0.0322265625 0.05078125
0 0.408203125 0.6223958333333333 0.029296875 0.046875
0 0.44384765625 0.5553385416666666 0.0380859375 0.061197916666666664
0 0.53173828125 0.6302083333333333 0.0283203125 0.04427083333333333
0 0.55712890625 0.5716145833333333 0.0322265625 0.057291666666666664
0 0.49560546875 0.4309895833333333 0.0263671875 0.046875
0 0.56884765625 0.4388020833333333 0.0283203125 0.041666666666666664
0 0.658203125 0.42838541666666663 0.025390625 0.041666666666666664
0 0.73779296875 0.474609375 0.0205078125 0.03255208333333333
0 0.78466796875 0.4251302083333333 0.0283203125 0.045572916666666664
0 0.703125 0.3880208333333333 0.02734375 0.041666666666666664
0 0.8203125 0.345703125 0.02734375 0.045572916666666664
0 0.8720703125 0.39713541666666663 0.02734375 0.04427083333333333
0 0.810546875 0.5442708333333333 0.0234375 0.04427083333333333
0 0.6962890625 0.6471354166666666 0.02734375 0.041666666666666664
0 0.63671875 0.6106770833333333 0.029296875 0.041666666666666664
0 0.59130859375 0.6536458333333333 0.0224609375 0.03645833333333333
0 0.908203125 0.5045572916666666 0.03515625 0.05598958333333333
