0 0.31005859375 0.640625 0.0361328125 0.1
0 0.43359375 0.5734375 0.025390625 0.065625
0 0.48046875 0.421875 0.01171875 0.043750000000000004
0 0.53564453125 0.45937500000000003 0.0126953125 0.05
0 0.5673828125 0.521875 0.015625 0.0625
0 0.6025390625 0.6390625000000001 0.03125 0.096875
0 0.6650390625 0.51875 0.015625 0.0625
0 0.724609375 0.6046875 0.01953125 0.09062500000000001
0 0.46435546875 0.46718750000000003 0.0166015625 0.07187500000000001
0 0.36865234375 0.45937500000000003 0.0107421875 0.05625
0 0.2880859375 0.44843750000000004 0.01171875 0.053125000000000006
0 0.35546875 0.7578125 0.03125 0.12812500000000002
0 0.7373046875 0.51875 0.017578125 0.0625
0 0.78515625 0.5125000000000001 0.013671875 0.05625
0 0.08642578125 0.49062500000000003 0.0166015625 0.05
