0 0.31640625 0.5737386804657181 0.005859375 0.00905562742561449
0 0.33447265625 0.5737386804657181 0.0048828125 0.00905562742561449
0 0.35546875 0.6377749029754205 0.00390625 0.00776196636481242
0 0.89453125 0.6345407503234153 0.015625 0.03234152652005175
0 0.9189453125 0.6067270375161709 0.017578125 0.04139715394566624
0 0.9501953125 0.591849935316947 0.0078125 0.014230271668822769
0 0.44873046875 0.5698576972833118 0.0087890625 0.01164294954721863
0 0.9951171875 0.5685640362225097 0.0078125 0.01164294954721863
0 0.88525390625 0.5983182406209574 0.0107421875 0.01164294954721863
0 0.84423828125 0.6067270375161709 0.0048828125 0.00776196636481242
0 0.97119140625 0.49611901681759385 0.0048828125 0.01164294954721863
0 0.896484375 0.5025873221216042 0.005859375 0.00905562742561449
0 0.701171875 0.5284605433376456 0.0078125 0.01681759379042691
0 0.666015625 0.5265200517464425 0.005859375 0.00776196636481242
0 0.33154296875 0.6131953428201812 0.0068359375 0.00776196636481242
0 0.30078125 0.6326002587322123 0.005859375 0.01034928848641656
0 0.2822265625 0.6319534282018112 0.005859375 0.00905562742561449
0 0.287109375 0.5763260025873221 0.005859375 0.00905562742561449
0 0.24951171875 0.6403622250970247 0.0048828125 0.01034928848641656
