0 0.609375 0.5 0.009765625 0.022530329289428074
0 0.822265625 0.042461005199306755 0.025390625 0.06412478336221837
0 0.91845703125 0.040727902946273827 0.0244140625 0.06412478336221837
0 0.0498046875 0.5051993067590987 0.03515625 0.06412478336221837
0 0.23388671875 0.5476603119584055 0.0185546875 0.04159445407279029
0 0.279296875 0.7123050259965338 0.029296875 0.06932409012131716
0 0.388671875 0.5190641247833622 0.01953125 0.03986135181975736
0 0.4619140625 0.5034662045060658 0.01171875 0.025996533795493933
0 0.49462890625 0.5043327556325823 0.0087890625 0.01733102253032929
0 0.173828125 0.5199306759098786 0.01171875 0.024263431542461005
0 0.546875 0.49566724436741766 0.0078125 0.020797227036395145
0 0.60400390625 0.47313691507798955 0.0087890625 0.01733102253032929
