0 0.880859375 0.7554064131245338 0.0078125 0.007457121551081282
0 0.76220703125 0.7580164056674124 0.0068359375 0.006711409395973154
0 0.62060546875 0.7695749440715883 0.0126953125 0.02087994034302759
0 0.45654296875 0.7729306487695748 0.0166015625 0.017151379567486948
0 0.5732421875 0.7516778523489932 0.00390625 0.0044742729306487695
0 0.23681640625 0.7479492915734526 0.0068359375 0.011931394481730051
0 0.142578125 0.7591349739000746 0.01171875 0.013422818791946308
0 0.1748046875 0.7483221476510067 0.0078125 0.006711409395973154
0 0.32470703125 0.750559284116331 0.0048828125 0.006711409395973154
0 0.3212890625 0.750186428038777 0.005859375 0.007457121551081282
0 0.7412109375 0.7539149888143176 0.005859375 0.007457121551081282
0 0.63818359375 0.7513049962714392 0.0048828125 0.005219985085756897
0 0.37744140625 0.7602535421327367 0.0048828125 0.00820283370618941
