0 0.1357421875 0.46484375 0.029296875 0.05989583333333333
0 0.21435546875 0.453125 0.0224609375 0.046875
0 0.3994140625 0.42057291666666663 0.025390625 0.04427083333333333
0 0.2265625 0.5390625 0.025390625 0.0546875
0 0.6982421875 0.44596354166666663 0.02734375 0.04036458333333333
0 0.49267578125 0.3821614583333333 0.0322265625 0.037760416666666664
0 0.5068359375 0.5260416666666666 0.02734375 0.05989583333333333
0 0.89990234375 0.47526041666666663 0.0224609375 0.041666666666666664
0 0.88232421875 0.4505208333333333 0.0263671875 0.0390625
0 0.3173828125 0.255859375 0.00390625 0.006510416666666666
