0 0.07470703125 0.15816993464052287 0.0087890625 0.01830065359477124
0 0.11572265625 0.16928104575163397 0.0107421875 0.01699346405228758
0 0.9501953125 0.12679738562091503 0.0234375 0.04183006535947712
0 0.0107421875 0.12352941176470587 0.0078125 0.02222222222222222
0 0.80810546875 0.22941176470588234 0.0087890625 0.01699346405228758
0 0.23974609375 0.19346405228758168 0.0146484375 0.023529411764705882
0 0.765625 0.23856209150326796 0.0078125 0.01437908496732026
0 0.78564453125 0.23464052287581696 0.0087890625 0.01437908496732026
0 0.3310546875 0.22091503267973855 0.0078125 0.01045751633986928
0 0.15625 0.16732026143790849 0.009765625 0.01568627450980392
0 0.00390625 0.13921568627450978 0.00390625 0.00915032679738562
