0 0.0234375 0.40104166666666663 0.0234375 0.033854166666666664
0 0.12353515625 0.408203125 0.0224609375 0.03515625
0 0.18798828125 0.3821614583333333 0.0205078125 0.03515625
0 0.0927734375 0.26953125 0.009765625 0.015625
0 0.1142578125 0.27734375 0.0078125 0.013020833333333332
0 0.2431640625 0.38151041666666663 0.025390625 0.03125
0 0.30517578125 0.36783854166666663 0.0205078125 0.045572916666666664
0 0.3701171875 0.38541666666666663 0.0234375 0.041666666666666664
0 0.46435546875 0.2708333333333333 0.0224609375 0.033854166666666664
0 0.52294921875 0.37565104166666663 0.0263671875 0.037760416666666664
0 0.64990234375 0.23372395833333331 0.0146484375 0.022135416666666664
0 0.70068359375 0.2845052083333333 0.0244140625 0.05859375
0 0.72802734375 0.296875 0.0263671875 0.06510416666666666
0 0.962890625 0.33072916666666663 0.03125 0.0625
0 0.869140625 0.3313802083333333 0.01171875 0.01953125
0 0.9892578125 0.24609375 0.021484375 0.033854166666666664
