0 0.06787109375 0.594017094017094 0.0166015625 0.03418803418803419
0 0.25341796875 0.4764957264957265 0.0146484375 0.02421652421652422
0 0.4697265625 0.5676638176638177 0.015625 0.029914529914529916
0 0.51171875 0.5733618233618234 0.01953125 0.03276353276353276
0 0.48486328125 0.4237891737891738 0.0166015625 0.027065527065527065
0 0.56640625 0.6801994301994302 0.01953125 0.04985754985754986
0 0.53759765625 0.6346153846153847 0.0185546875 0.04985754985754986
0 0.6083984375 0.4992877492877493 0.009765625 0.01851851851851852
0 0.76708984375 0.4152421652421653 0.0048828125 0.009971509971509971
0 0.7099609375 0.4757834757834758 0.005859375 0.011396011396011397
0 0.14208984375 0.4672364672364673 0.0048828125 0.011396011396011397
0 0.15380859375 0.4672364672364673 0.0048828125 0.011396011396011397
0 0.37158203125 0.5170940170940171 0.0068359375 0.011396011396011397
