0 0.04150390625 0.7736418511066399 0.0126953125 0.03822937625754527
0 0.0478515625 0.7263581488933603 0.017578125 0.044265593561368215
0 0.107421875 0.5281690140845071 0.015625 0.03822937625754527
0 0.08203125 0.5040241448692153 0.009765625 0.03822937625754527
0 0.05224609375 0.4778672032193159 0.0146484375 0.03822937625754527
0 0.13525390625 0.761569416498994 0.0107421875 0.03420523138832998
0 0.24365234375 0.7384305835010061 0.0126953125 0.03219315895372234
0 0.27880859375 0.7776659959758552 0.0146484375 0.03822937625754527
0 0.33544921875 0.7525150905432596 0.0126953125 0.03219315895372234
0 0.162109375 0.5352112676056339 0.01171875 0.044265593561368215
0 0.1962890625 0.5291750503018109 0.013671875 0.03621730382293763
0 0.125 0.47887323943661975 0.013671875 0.03219315895372234
0 0.10400390625 0.47384305835010065 0.0146484375 0.03420523138832998
0 0.1396484375 0.47384305835010065 0.01171875 0.03822937625754527
0 0.1591796875 0.49597585513078474 0.013671875 0.03420523138832998
0 0.18017578125 0.5070422535211268 0.0126953125 0.03219315895372234
0 0.2109375 0.471830985915493 0.013671875 0.03018108651911469
0 0.228515625 0.4989939637826962 0.013671875 0.028169014084507046
0 0.2177734375 0.5301810865191148 0.015625 0.04225352112676057
0 0.2490234375 0.5352112676056339 0.013671875 0.044265593561368215
0 0.2705078125 0.5382293762575453 0.015625 0.03822937625754527
0 0.29052734375 0.5241448692152918 0.0146484375 0.026156941649899398
0 0.26220703125 0.5 0.0126953125 0.03420523138832998
0 0.27978515625 0.4869215291750503 0.0146484375 0.03621730382293763
0 0.3046875 0.488933601609658 0.013671875 0.03219315895372234
0 0.32421875 0.5050301810865192 0.015625 0.03621730382293763
0 0.34130859375 0.5432595573440644 0.0107421875 0.028169014084507046
0 0.32861328125 0.5603621730382294 0.0126953125 0.03420523138832998
0 0.30322265625 0.60261569416499 0.0126953125 0.03420523138832998
0 0.36328125 0.5261569416498995 0.013671875 0.03822937625754527
0 0.3818359375 0.5261569416498995 0.013671875 0.03420523138832998
0 0.3984375 0.53420523138833 0.01171875 0.03822937625754527
0 0.37646484375 0.7696177062374246 0.0126953125 0.03018108651911469
0 0.39453125 0.6891348088531187 0.01171875 0.03420523138832998
0 0.40478515625 0.7374245472837023 0.0126953125 0.03018108651911469
0 0.37646484375 0.4979879275653924 0.0087890625 0.022132796780684107
0 0.388671875 0.5050301810865192 0.01171875 0.028169014084507046
0 0.41162109375 0.5100603621730383 0.0126953125 0.03018108651911469
0 0.44482421875 0.6750503018108652 0.0126953125 0.03822937625754527
0 0.49072265625 0.7132796780684105 0.0146484375 0.03822937625754527
0 0.49072265625 0.6700201207243461 0.0126953125 0.028169014084507046
0 0.50927734375 0.6207243460764588 0.0146484375 0.03420523138832998
0 0.46044921875 0.6106639839034206 0.0107421875 0.03018108651911469
0 0.482421875 0.5040241448692153 0.013671875 0.03420523138832998
0 0.46337890625 0.5331991951710262 0.0126953125 0.03219315895372234
0 0.453125 0.4869215291750503 0.013671875 0.028169014084507046
0 0.431640625 0.5160965794768612 0.01171875 0.026156941649899398
0 0.47802734375 0.4235412474849095 0.0126953125 0.03018108651911469
0 0.53369140625 0.5191146881287727 0.0146484375 0.04024144869215292
0 0.55126953125 0.4688128772635815 0.0126953125 0.03219315895372234
0 0.56494140625 0.5150905432595574 0.0146484375 0.03219315895372234
0 0.5859375 0.5 0.013671875 0.03018108651911469
0 0.56787109375 0.4839034205231389 0.0126953125 0.03420523138832998
0 0.61279296875 0.45573440643863183 0.0126953125 0.03822937625754527
0 0.64794921875 0.4607645875251509 0.0146484375 0.03621730382293763
0 0.63427734375 0.48792756539235416 0.0166015625 0.03822937625754527
0 0.61767578125 0.5301810865191148 0.0146484375 0.03420523138832998
0 0.6279296875 0.5382293762575453 0.013671875 0.03420523138832998
0 0.556640625 0.6468812877263582 0.013671875 0.03420523138832998
0 0.5283203125 0.7193158953722335 0.015625 0.04225352112676057
0 0.56640625 0.7132796780684105 0.015625 0.03822937625754527
0 0.5908203125 0.7394366197183099 0.013671875 0.03822937625754527
0 0.61474609375 0.7243460764587526 0.0107421875 0.024144869215291753
0 0.65966796875 0.6971830985915494 0.0107421875 0.03018108651911469
0 0.689453125 0.6659959758551308 0.013671875 0.03219315895372234
0 0.677734375 0.7505030181086519 0.009765625 0.03219315895372234
0 0.66162109375 0.5070422535211268 0.0126953125 0.03621730382293763
0 0.67333984375 0.540241448692153 0.0166015625 0.04225352112676057
0 0.68798828125 0.454728370221328 0.0126953125 0.03621730382293763
0 0.7099609375 0.4657947686116701 0.013671875 0.03018108651911469
0 0.71240234375 0.5030181086519115 0.0146484375 0.03219315895372234
0 0.71923828125 0.5392354124748492 0.0166015625 0.04024144869215292
0 0.7353515625 0.4577464788732395 0.013671875 0.026156941649899398
0 0.7421875 0.4979879275653924 0.013671875 0.03018108651911469
0 0.7568359375 0.49094567404426565 0.013671875 0.03219315895372234
0 0.72607421875 0.7585513078470826 0.0146484375 0.03219315895372234
0 0.74755859375 0.755533199195171 0.0107421875 0.03420523138832998
0 0.7685546875 0.5211267605633804 0.013671875 0.03621730382293763
0 0.76708984375 0.4688128772635815 0.0126953125 0.03219315895372234
0 0.78955078125 0.49597585513078474 0.0126953125 0.04225352112676057
0 0.79638671875 0.5150905432595574 0.0068359375 0.01609657947686117
0 0.81201171875 0.5010060362173039 0.0146484375 0.03621730382293763
0 0.8193359375 0.5392354124748492 0.013671875 0.04024144869215292
0 0.81298828125 0.4587525150905433 0.0126953125 0.03219315895372234
0 0.84912109375 0.45674044265593566 0.0146484375 0.024144869215291753
0 0.8515625 0.4949698189134809 0.015625 0.03621730382293763
0 0.87109375 0.49094567404426565 0.013671875 0.03621730382293763
0 0.88427734375 0.5070422535211268 0.0126953125 0.03219315895372234
0 0.93017578125 0.43058350100603626 0.0126953125 0.02012072434607646
0 0.947265625 0.46177062374245476 0.015625 0.05030181086519115
0 0.93115234375 0.5181086519114688 0.0126953125 0.03420523138832998
0 0.87060546875 0.6388329979879276 0.0185546875 0.04225352112676057
0 0.841796875 0.6509054325955735 0.017578125 0.03822937625754527
0 0.77490234375 0.7716297786720323 0.0087890625 0.03018108651911469
0 0.1142578125 0.4366197183098592 0.01171875 0.03219315895372234
0 0.59033203125 0.4668008048289739 0.0146484375 0.03621730382293763
