0 0.623046875 0.4261430246189918 0.009765625 0.015240328253223915
0 0.6181640625 0.4085580304806565 0.009765625 0.015240328253223915
0 0.71044921875 0.399179366940211 0.0126953125 0.02227432590855803
0 0.84619140625 0.42321219226260254 0.0205078125 0.0328253223915592
0 0.93994140625 0.4490035169988276 0.0458984375 0.06330597889800703
0 0.4921875 0.40679953106682293 0.015625 0.028135990621336458
0 0.40673828125 0.38745603751465413 0.0283203125 0.050410316529894486
0 0.3251953125 0.34876905041031653 0.05078125 0.07854630715123094
0 0.2861328125 0.4144196951934349 0.02734375 0.052754982415005855
0 0.10498046875 0.47420867526377486 0.0888671875 0.1254396248534584
0 0.59619140625 0.5140679953106682 0.0166015625 0.03399765533411488
0 0.63330078125 0.49824150058616645 0.0244140625 0.03751465416178194
0 0.75341796875 0.5351699882766705 0.0302734375 0.050410316529894486
0 0.5634765625 0.39097303634232117 0.01953125 0.03868698710433763
0 0.54736328125 0.4056271981242673 0.0322265625 0.0492379835873388
