0 0.193359375 0.20638020833333331 0.0234375 0.06380208333333333
0 0.3046875 0.216796875 0.013671875 0.045572916666666664
0 0.54736328125 0.279296875 0.0244140625 0.05598958333333333
0 0.60107421875 0.2649739583333333 0.0068359375 0.014322916666666666
0 0.61279296875 0.263671875 0.0068359375 0.014322916666666666
0 0.623046875 0.30859375 0.021484375 0.0625
0 0.79443359375 0.296875 0.0205078125 0.03125
0 0.71923828125 0.36588541666666663 0.0458984375 0.10677083333333333
0 0.822265625 0.31315104166666663 0.017578125 0.03255208333333333
0 0.79345703125 0.4140625 0.0537109375 0.1171875
0 0.86669921875 0.5885416666666666 0.0830078125 0.16145833333333331
0 0.81103515625 0.263671875 0.0087890625 0.014322916666666666
0 0.65380859375 0.26822916666666663 0.0126953125 0.0234375
0 0.82861328125 0.279296875 0.0185546875 0.037760416666666664
0 0.62060546875 0.265625 0.0087890625 0.020833333333333332
