0 0.37646484375 0.41510695187165775 0.0146484375 0.022727272727272724
0 0.40234375 0.42179144385026734 0.017578125 0.028074866310160426
0 0.42919921875 0.41711229946524064 0.0185546875 0.0320855614973262
0 0.3818359375 0.4425133689839572 0.01953125 0.034759358288770054
0 0.3623046875 0.45922459893048123 0.01953125 0.03342245989304812
0 0.48583984375 0.40909090909090906 0.0185546875 0.034759358288770054
0 0.50537109375 0.410427807486631 0.0146484375 0.0320855614973262
0 0.54931640625 0.4224598930481283 0.0283203125 0.05080213903743315
0 0.5244140625 0.4712566844919786 0.05078125 0.07887700534759358
0 0.6162109375 0.46457219251336895 0.02734375 0.06016042780748663
0 0.62255859375 0.4164438502673797 0.0224609375 0.03609625668449198
0 0.71240234375 0.47192513368983957 0.0322265625 0.05080213903743315
0 0.79248046875 0.5367647058823529 0.0419921875 0.06550802139037433
0 0.8447265625 0.4712566844919786 0.02734375 0.04679144385026738
0 0.8349609375 0.5454545454545454 0.029296875 0.05080213903743315
0 0.962890625 0.5213903743315508 0.046875 0.0909090909090909
0 0.984375 0.45387700534759357 0.029296875 0.057486631016042775
0 0.1806640625 0.21390374331550802 0.01953125 0.026737967914438502
