0 0.8203125 0.3098958333333333 0.015625 0.026041666666666664
0 0.74365234375 0.3235677083333333 0.0185546875 0.02734375
0 0.92919921875 0.32877604166666663 0.0185546875 0.03255208333333333
0 0.958984375 0.5598958333333333 0.03515625 0.05208333333333333
0 0.7919921875 0.830078125 0.052734375 0.07421875
0 0.76220703125 0.5885416666666666 0.0419921875 0.057291666666666664
0 0.517578125 0.484375 0.033203125 0.04427083333333333
0 0.50244140625 0.6770833333333333 0.0302734375 0.049479166666666664
0 0.38330078125 0.62109375 0.0361328125 0.03645833333333333
0 0.26123046875 0.5891927083333333 0.0244140625 0.029947916666666664
0 0.3125 0.40104166666666663 0.03125 0.041666666666666664
0 0.2392578125 0.45768229166666663 0.01953125 0.03515625
0 0.29052734375 0.31901041666666663 0.0224609375 0.0390625
0 0.26220703125 0.3001302083333333 0.0224609375 0.029947916666666664
0 0.09228515625 0.35026041666666663 0.0205078125 0.033854166666666664
