0 0.076171875 0.345703125 0.041015625 0.06380208333333333
0 0.11865234375 0.333984375 0.0302734375 0.04817708333333333
0 0.205078125 0.345703125 0.037109375 0.05859375
0 0.28173828125 0.3587239583333333 0.0322265625 0.04817708333333333
0 0.32861328125 0.365234375 0.0263671875 0.04036458333333333
0 0.38818359375 0.3515625 0.0302734375 0.057291666666666664
0 0.40966796875 0.37565104166666663 0.0166015625 0.03515625
0 0.443359375 0.40104166666666663 0.025390625 0.0390625
0 0.5029296875 0.39127604166666663 0.0234375 0.04036458333333333
0 0.55517578125 0.40234375 0.0224609375 0.03645833333333333
0 0.615234375 0.37760416666666663 0.025390625 0.033854166666666664
0 0.65625 0.37174479166666663 0.0234375 0.037760416666666664
0 0.94970703125 0.35221354166666663 0.0302734375 0.05078125
0 0.78369140625 0.37369791666666663 0.0126953125 0.05989583333333333
0 0.4765625 0.376953125 0.01953125 0.029947916666666664
