0 0.98974609375 0.4863883847549909 0.0185546875 0.04718693284936479
0 0.25048828125 0.3938294010889292 0.0146484375 0.03629764065335753
0 0.33642578125 0.42558983666061706 0.0126953125 0.02722323049001815
0 0.4033203125 0.4455535390199637 0.017578125 0.034482758620689655
0 0.46337890625 0.4745916515426497 0.0126953125 0.02722323049001815
0 0.46435546875 0.42558983666061706 0.0107421875 0.02722323049001815
0 0.49609375 0.4056261343012704 0.01171875 0.023593466424682394
0 0.39794921875 0.3366606170598911 0.0087890625 0.019963702359346643
0 0.3798828125 0.3448275862068965 0.0078125 0.021778584392014518
0 0.546875 0.4010889292196007 0.01171875 0.025408348457350273
0 0.54150390625 0.4791288566243194 0.0166015625 0.03629764065335753
0 0.59814453125 0.4101633393829401 0.0126953125 0.025408348457350273
0 0.6162109375 0.4147005444646098 0.01171875 0.023593466424682394
0 0.6376953125 0.40199637023593465 0.009765625 0.023593466424682394
0 0.5732421875 0.46551724137931033 0.015625 0.038112522686025406
0 0.6201171875 0.4818511796733212 0.013671875 0.034482758620689655
0 0.66015625 0.49274047186932846 0.017578125 0.0308529945553539
0 0.70849609375 0.4237749546279492 0.0146484375 0.0308529945553539
0 0.76416015625 0.44010889292196004 0.0146484375 0.0308529945553539
0 0.80224609375 0.4537205081669691 0.0146484375 0.039927404718693285
0 0.77685546875 0.44283121597096187 0.0107421875 0.025408348457350273
0 0.736328125 0.4319419237749546 0.01171875 0.025408348457350273
0 0.8525390625 0.46551724137931033 0.017578125 0.034482758620689655
0 0.9228515625 0.45644283121597096 0.015625 0.038112522686025406
0 0.87939453125 0.38475499092558985 0.0087890625 0.025408348457350273
0 0.85888671875 0.35208711433756806 0.0087890625 0.018148820326678763
