0 0.095703125 0.400390625 0.015625 0.03255208333333333
0 0.111328125 0.392578125 0.017578125 0.02734375
0 0.203125 0.40690104166666663 0.015625 0.029947916666666664
0 0.34521484375 0.4016927083333333 0.0166015625 0.029947916666666664
0 0.48974609375 0.4075520833333333 0.0185546875 0.033854166666666664
0 0.60986328125 0.40625 0.0166015625 0.03125
0 0.71435546875 0.400390625 0.0185546875 0.029947916666666664
0 0.7373046875 0.3997395833333333 0.015625 0.03125
0 0.77978515625 0.42057291666666663 0.0166015625 0.03125
0 0.89794921875 0.4114583333333333 0.0146484375 0.03125
0 0.97509765625 0.40885416666666663 0.0146484375 0.028645833333333332
0 0.98828125 0.41276041666666663 0.009765625 0.026041666666666664
0 0.9951171875 0.41471354166666663 0.009765625 0.02734375
0 0.24755859375 0.3880208333333333 0.0146484375 0.03125
0 0.638671875 0.396484375 0.017578125 0.029947916666666664
0 0.3671875 0.38932291666666663 0.015625 0.03125
