0 0.06005859375 0.26929982046678635 0.0380859375 0.0969479353680431
0 0.12158203125 0.22621184919210055 0.0458984375 0.10412926391382406
0 0.166015625 0.17594254937163376 0.056640625 0.11131059245960503
0 0.27490234375 0.2782764811490126 0.0458984375 0.10053859964093358
0 0.33740234375 0.3258527827648115 0.0419921875 0.08078994614003591
0 0.38818359375 0.22531418312387794 0.0498046875 0.1059245960502693
0 0.57275390625 0.14991023339317774 0.0537109375 0.12746858168761221
0 0.72314453125 0.3213644524236984 0.0419921875 0.10053859964093358
0 0.677734375 0.35727109515260325 0.033203125 0.08976660682226212
0 0.81005859375 0.26840215439856374 0.0478515625 0.1095152603231598
0 0.96044921875 0.2989228007181329 0.0419921875 0.09515260323159785
