0 0.029296875 0.37980769230769235 0.01953125 0.02243589743589744
0 0.0615234375 0.3685897435897436 0.01953125 0.025641025641025644
0 0.08984375 0.3680555555555556 0.01953125 0.02670940170940171
0 0.11376953125 0.37820512820512825 0.0224609375 0.032051282051282055
0 0.140625 0.3701923076923077 0.0234375 0.03525641025641026
0 0.16162109375 0.3637820512820513 0.0263671875 0.030982905982905987
0 0.2412109375 0.3776709401709402 0.029296875 0.0373931623931624
0 0.29443359375 0.38675213675213677 0.0283203125 0.03418803418803419
0 0.3583984375 0.3386752136752137 0.033203125 0.05128205128205129
0 0.48583984375 0.3803418803418804 0.0380859375 0.05128205128205129
0 0.61376953125 0.3338675213675214 0.0400390625 0.05662393162393163
0 0.69970703125 0.29700854700854706 0.0478515625 0.0747863247863248
0 0.86181640625 0.36591880341880345 0.0458984375 0.06730769230769232
0 0.00634765625 0.40491452991453 0.0107421875 0.019230769230769232
0 0.0439453125 0.3856837606837607 0.013671875 0.019230769230769232
