0 0.87060546875 0.34948320413436695 0.0205078125 0.03488372093023256
0 0.95361328125 0.32428940568475456 0.0185546875 0.028423772609819122
0 0.78564453125 0.3824289405684755 0.0205078125 0.03617571059431525
0 0.80078125 0.2525839793281654 0.009765625 0.016795865633074936
0 0.22021484375 0.39534883720930236 0.0185546875 0.031007751937984496
0 0.349609375 0.3843669250645995 0.02734375 0.050387596899224806
0 0.10009765625 0.3236434108527132 0.0146484375 0.027131782945736434
0 0.400390625 0.2777777777777778 0.01171875 0.020671834625323
0 0.28466796875 0.25064599483204136 0.0087890625 0.015503875968992248
0 0.34912109375 0.25064599483204136 0.0087890625 0.015503875968992248
0 0.1953125 0.6052971576227391 0.044921875 0.06589147286821706
0 0.5556640625 0.5645994832041344 0.041015625 0.06459948320413438
0 0.5712890625 0.32881136950904394 0.013671875 0.02454780361757106
0 0.47509765625 0.32622739018087854 0.0146484375 0.02454780361757106
0 0.50048828125 0.29328165374677007 0.0146484375 0.023255813953488372
0 0.23095703125 0.2532299741602067 0.0087890625 0.012919896640826874
0 0.2275390625 0.22157622739018087 0.005859375 0.009043927648578812
0 0.13232421875 0.27002583979328165 0.0087890625 0.015503875968992248
0 0.7041015625 0.2868217054263566 0.009765625 0.015503875968992248
0 0.68896484375 0.2751937984496124 0.0087890625 0.015503875968992248
0 0.6142578125 0.25645994832041347 0.0078125 0.011627906976744186
0 0.0263671875 0.2674418604651163 0.0078125 0.015503875968992248
0 0.0537109375 0.20607235142118863 0.00390625 0.006459948320413437
0 0.712890625 0.23901808785529716 0.0078125 0.012919896640826874
0 0.7021484375 0.2248062015503876 0.0078125 0.012919896640826874
0 0.4111328125 0.2622739018087855 0.009765625 0.015503875968992248
0 0.1181640625 0.2739018087855297 0.013671875 0.020671834625323
