0 0.86328125 0.1334488734835355 0.029296875 0.04506065857885615
0 0.5361328125 0.10051993067590988 0.009765625 0.020797227036395145
0 0.42431640625 0.3405545927209705 0.0498046875 0.09532062391681109
0 0.8017578125 0.1360485268630849 0.01171875 0.022530329289428074
0 0.73486328125 0.06065857885615251 0.0107421875 0.01733102253032929
0 0.72802734375 0.09098786828422877 0.0107421875 0.019064124783362217
0 0.86279296875 0.07538994800693241 0.0126953125 0.019064124783362217
0 0.66064453125 0.14731369150779894 0.0107421875 0.01733102253032929
0 0.6201171875 0.22530329289428075 0.013671875 0.024263431542461005
0 0.55322265625 0.22530329289428075 0.0087890625 0.020797227036395145
