0 0.35009765625 0.35060449050086356 0.0615234375 0.1381692573402418
0 0.5673828125 0.38169257340241797 0.0234375 0.055267702936096716
0 0.81982421875 0.6303972366148531 0.0712890625 0.13471502590673576
0 0.6845703125 0.35319516407599305 0.01953125 0.039723661485319514
0 0.8369140625 0.3955094991364421 0.0234375 0.055267702936096716
0 0.94140625 0.46804835924006905 0.0390625 0.07253886010362694
0 0.95703125 0.33678756476683935 0.01953125 0.04490500863557858
0 0.033203125 0.5362694300518135 0.06640625 0.13644214162348878
0 0.6376953125 0.5630397236614852 0.025390625 0.08290155440414507
0 0.30712890625 0.39982728842832466 0.0263671875 0.07772020725388601
0 0.65625 0.3557858376511226 0.01953125 0.037996545768566495
0 0.5341796875 0.36873920552677025 0.021484375 0.039723661485319514
0 0.44580078125 0.386873920552677 0.0283203125 0.06563039723661485
0 0.87353515625 0.2858376511226252 0.0107421875 0.02245250431778929
0 0.8505859375 0.22797927461139894 0.009765625 0.017271157167530225
0 0.93701171875 0.2616580310880829 0.0107421875 0.02245250431778929
