0 0.24951171875 0.23743500866551126 0.0361328125 0.09358752166377816
0 0.29150390625 0.29116117850953205 0.0439453125 0.0901213171577123
0 0.3896484375 0.17937608318890813 0.0390625 0.09532062391681109
0 0.49365234375 0.1897746967071057 0.0419921875 0.08492201039861351
0 0.58642578125 0.2616984402079723 0.0361328125 0.08318890814558058
0 0.63427734375 0.2487001733102253 0.0439453125 0.10918544194107452
0 0.71923828125 0.17764298093587522 0.0400390625 0.10918544194107452
0 0.27294921875 0.5935875216637782 0.0400390625 0.08838821490467937
0 0.36669921875 0.584055459272097 0.0478515625 0.09705372616984402
0 0.470703125 0.5901213171577123 0.05078125 0.11958405545927209
