0 0.9677734375 0.38675213675213677 0.013671875 0.038461538461538464
0 0.9326171875 0.3600427350427351 0.015625 0.04914529914529915
0 0.86669921875 0.3803418803418804 0.0126953125 0.042735042735042736
0 0.828125 0.3525641025641026 0.015625 0.047008547008547015
0 0.744140625 0.3301282051282052 0.015625 0.0405982905982906
0 0.6953125 0.326923076923077 0.009765625 0.02991452991452992
0 0.65087890625 0.35042735042735046 0.0068359375 0.017094017094017096
0 0.60498046875 0.3322649572649573 0.0048828125 0.01495726495726496
0 0.52880859375 0.2820512820512821 0.0107421875 0.038461538461538464
0 0.41162109375 0.28952991452991456 0.0087890625 0.02777777777777778
0 0.42822265625 0.27029914529914534 0.0068359375 0.023504273504273508
0 0.3828125 0.28952991452991456 0.0078125 0.02777777777777778
0 0.39208984375 0.27564102564102566 0.0068359375 0.025641025641025644
0 0.3623046875 0.2799145299145299 0.0078125 0.025641025641025644
0 0.1064453125 0.2136752136752137 0.01171875 0.03418803418803419
0 0.14599609375 0.2200854700854701 0.0126953125 0.03418803418803419
0 0.2646484375 0.27243589743589747 0.01171875 0.02777777777777778
0 0.30517578125 0.2745726495726496 0.0107421875 0.02777777777777778
0 0.052734375 0.18482905982905984 0.01171875 0.0405982905982906
0 0.013671875 0.1901709401709402 0.01171875 0.042735042735042736
0 0.03466796875 0.18376068376068377 0.0107421875 0.047008547008547015
0 0.58154296875 0.32585470085470086 0.0068359375 0.019230769230769232
0 0.57373046875 0.32264957264957267 0.0068359375 0.021367521367521368
0 0.61572265625 0.32585470085470086 0.0068359375 0.019230769230769232
0 0.63623046875 0.33653846153846156 0.0068359375 0.019230769230769232
0 0.54833984375 0.3557692307692308 0.0068359375 0.02777777777777778
0 0.2060546875 0.2692307692307693 0.0078125 0.025641025641025644
0 0.47265625 0.32051282051282054 0.0078125 0.017094017094017096
0 0.4765625 0.311965811965812 0.005859375 0.017094017094017096
0 0.48681640625 0.326923076923077 0.0087890625 0.025641025641025644
0 0.40185546875 0.26709401709401714 0.0068359375 0.021367521367521368
0 0.439453125 0.2799145299145299 0.009765625 0.02991452991452992
