0 0.59326171875 0.13780025284450065 0.0517578125 0.11125158027812895
0 0.03173828125 0.41024020227560054 0.0419921875 0.07711757269279394
0 0.21044921875 0.44437420986093557 0.0302734375 0.0493046776232617
0 0.19921875 0.49683944374209865 0.0390625 0.05815423514538559
0 0.2509765625 0.5075853350189634 0.0390625 0.07458912768647283
0 0.3056640625 0.4620733249051833 0.03515625 0.06194690265486726
0 0.42626953125 0.44943109987357777 0.0205078125 0.04677623261694058
0 0.45166015625 0.49936788874841975 0.0322265625 0.06321112515802782
0 0.8388671875 0.4399494310998736 0.044921875 0.07585335018963338
0 0.79150390625 0.4892541087231353 0.0302734375 0.06573957016434893
0 0.93505859375 0.511378002528445 0.0380859375 0.06194690265486726
0 0.94189453125 0.4462705436156764 0.0302734375 0.04804045512010114
0 0.4873046875 0.4867256637168142 0.037109375 0.05815423514538559
0 0.8828125 0.47724399494311004 0.033203125 0.056890012642225034
0 0.08740234375 0.5088495575221239 0.0380859375 0.06447534766118837
