0 0.6884765625 0.41703377386196766 0.0390625 0.06754772393538913
0 0.63330078125 0.43612334801762115 0.0400390625 0.0763582966226138
0 0.5771484375 0.3641703377386197 0.033203125 0.05286343612334801
0 0.65966796875 0.2657856093979442 0.0400390625 0.07048458149779735
0 0.63671875 0.23127753303964757 0.033203125 0.06020558002936857
0 0.52880859375 0.5212922173274596 0.0361328125 0.07048458149779735
0 0.46728515625 0.38032305433186486 0.0361328125 0.06754772393538913
0 0.47021484375 0.5565345080763583 0.0341796875 0.07048458149779735
0 0.4267578125 0.539647577092511 0.03125 0.06314243759177679
0 0.361328125 0.39794419970631423 0.037109375 0.06754772393538913
0 0.37451171875 0.6997063142437592 0.0341796875 0.0513950073421439
