0 0.70361328125 0.19921875 0.0322265625 0.05208333333333333
0 0.79541015625 0.45572916666666663 0.0224609375 0.04427083333333333
0 0.6396484375 0.4609375 0.025390625 0.0390625
0 0.46923828125 0.2571614583333333 0.0283203125 0.04296875
0 0.45361328125 0.5 0.0341796875 0.041666666666666664
0 0.35107421875 0.4720052083333333 0.0302734375 0.045572916666666664
0 0.40869140625 0.45963541666666663 0.0224609375 0.03645833333333333
0 0.18115234375 0.3157552083333333 0.0302734375 0.045572916666666664
0 0.1279296875 0.44986979166666663 0.033203125 0.04296875
0 0.2177734375 0.48307291666666663 0.021484375 0.0390625
0 0.09521484375 0.5520833333333333 0.0302734375 0.057291666666666664
0 0.4580078125 0.748046875 0.05859375 0.08203125
0 0.1611328125 0.7903645833333333 0.03125 0.08854166666666666
