0 0.17431640625 0.40242165242165245 0.0107421875 0.021367521367521368
0 0.27197265625 0.4131054131054131 0.0166015625 0.02849002849002849
0 0.30908203125 0.43304843304843305 0.0166015625 0.022792022792022793
0 0.30859375 0.3418803418803419 0.009765625 0.019943019943019943
0 0.33447265625 0.3646723646723647 0.0107421875 0.022792022792022793
0 0.45654296875 0.4401709401709402 0.0224609375 0.039886039886039885
0 0.49853515625 0.457977207977208 0.0224609375 0.038461538461538464
0 0.60546875 0.44230769230769235 0.02734375 0.05555555555555556
0 0.37890625 0.3468660968660969 0.0078125 0.01566951566951567
0 0.412109375 0.3297720797720798 0.0078125 0.01566951566951567
0 0.39599609375 0.4173789173789174 0.0146484375 0.025641025641025644
0 0.3671875 0.42165242165242167 0.013671875 0.025641025641025644
0 0.33203125 0.32905982905982906 0.009765625 0.014245014245014245
0 0.3359375 0.3425925925925926 0.0078125 0.01566951566951567
0 0.4931640625 0.32407407407407407 0.009765625 0.01851851851851852
0 0.8515625 0.5056980056980057 0.033203125 0.06552706552706553
0 0.69189453125 0.32264957264957267 0.0107421875 0.01566951566951567
0 0.849609375 0.29415954415954415 0.0078125 0.021367521367521368
0 0.9140625 0.32193732193732194 0.0078125 0.017094017094017096
0 0.09912109375 0.40883190883190884 0.0146484375 0.025641025641025644
0 0.18359375 0.42165242165242167 0.013671875 0.025641025641025644
0 0.12548828125 0.36752136752136755 0.0087890625 0.019943019943019943
0 0.09375 0.3803418803418804 0.009765625 0.019943019943019943
0 0.2431640625 0.35185185185185186 0.01171875 0.025641025641025644
0 0.32568359375 0.3789173789173789 0.0107421875 0.019943019943019943
0 0.28271484375 0.3931623931623932 0.0107421875 0.019943019943019943
