0 0.74169921875 0.23830155979202772 0.0263671875 0.06412478336221837
0 0.41943359375 0.1897746967071057 0.0419921875 0.09185441941074522
0 0.37060546875 0.266897746967071 0.0400390625 0.09705372616984402
0 0.48046875 0.4046793760831889 0.046875 0.09878682842287695
0 0.43798828125 0.5233968804159446 0.0439453125 0.1143847487001733
0 0.48095703125 0.7972270363951472 0.0537109375 0.13518197573656845
0 0.5888671875 0.6265164644714037 0.04296875 0.09878682842287695
0 0.6142578125 0.8483535528596187 0.0546875 0.12998266897746966
0 0.65087890625 0.7079722703639514 0.0517578125 0.12305025996533794
0 0.60986328125 0.4098786828422877 0.0361328125 0.09185441941074522
0 0.4814453125 0.24436741767764297 0.052734375 0.09705372616984402
0 0.53857421875 0.22097053726169844 0.0439453125 0.10571923743500866
0 0.59912109375 0.2512998266897747 0.0517578125 0.12478336221837087
0 0.662109375 0.15944540727902945 0.046875 0.11785095320623916
0 0.69970703125 0.30155979202772965 0.0537109375 0.11785095320623916
0 0.7265625 0.43934142114384744 0.0546875 0.10918544194107452
0 0.78173828125 0.3405545927209705 0.0458984375 0.11958405545927209
0 0.78564453125 0.23223570190641246 0.0458984375 0.09705372616984402
0 0.88720703125 0.33188908145580587 0.0498046875 0.1022530329289428
0 0.8984375 0.45147313691507795 0.052734375 0.10571923743500866
0 0.87939453125 0.6057192374350087 0.0517578125 0.10918544194107452
0 0.77880859375 0.8717504332755632 0.0498046875 0.11091854419410745
0 0.8330078125 0.8604852686308492 0.0625 0.11958405545927209
0 0.712890625 0.1897746967071057 0.0390625 0.09532062391681109
0 0.8486328125 0.23916811091854417 0.02734375 0.09705372616984402
0 0.6337890625 0.14904679376083188 0.03125 0.07625649913344887
