0 0.57958984375 0.5021929824561403 0.0576171875 0.09210526315789473
0 0.37353515625 0.8304093567251462 0.1162109375 0.1608187134502924
0 0.75830078125 0.29239766081871343 0.0283203125 0.04093567251461988
0 0.71630859375 0.3676900584795321 0.0302734375 0.04532163742690058
0 0.537109375 0.45540935672514615 0.04296875 0.06871345029239766
0 0.61474609375 0.3706140350877193 0.0302734375 0.04532163742690058
0 0.50439453125 0.33187134502923976 0.0185546875 0.02631578947368421
0 0.44091796875 0.4100877192982456 0.0322265625 0.05701754385964912
0 0.3935546875 0.3501461988304093 0.017578125 0.03070175438596491
0 0.3671875 0.4758771929824561 0.0546875 0.07748538011695906
0 0.39794921875 0.4276315789473684 0.0400390625 0.08333333333333333
0 0.2451171875 0.4678362573099415 0.041015625 0.06140350877192982
0 0.26611328125 0.6337719298245613 0.0869140625 0.13011695906432746
0 0.91943359375 0.1593567251461988 0.0185546875 0.029239766081871343
0 0.880859375 0.2587719298245614 0.025390625 0.043859649122807015
