0 0.0966796875 0.34049479166666663 0.09375 0.12109375
0 0.32421875 0.361328125 0.099609375 0.15494791666666666
0 0.46728515625 0.5403645833333333 0.0908203125 0.13020833333333331
0 0.5732421875 0.5944010416666666 0.1015625 0.13411458333333331
0 0.68701171875 0.5833333333333333 0.1240234375 0.15885416666666666
0 0.869140625 0.5358072916666666 0.146484375 0.19401041666666666
0 0.64501953125 0.3763020833333333 0.0712890625 0.109375
0 0.544921875 0.45182291666666663 0.072265625 0.09895833333333333
0 0.47021484375 0.33854166666666663 0.0537109375 0.08072916666666666
0 0.59716796875 0.416015625 0.0537109375 0.08203125
0 0.73046875 0.412109375 0.029296875 0.037760416666666664
0 0.79052734375 0.39518229166666663 0.0751953125 0.10546875
0 0.58251953125 0.3567708333333333 0.0419921875 0.05989583333333333
0 0.38525390625 0.427734375 0.0654296875 0.08984375
0 0.982421875 0.46744791666666663 0.03515625 0.11197916666666666
0 0.04345703125 0.388671875 0.0654296875 0.11328125
0 0.71923828125 0.4055989583333333 0.0322265625 0.04817708333333333
