0 0.11181640625 0.2911208151382824 0.0380859375 0.0727802037845706
0 0.2705078125 0.4090247452692868 0.068359375 0.12809315866084425
0 0.5322265625 0.5720524017467249 0.068359375 0.16302765647743814
0 0.08056640625 0.19141193595342068 0.0263671875 0.048034934497816595
0 0.2138671875 0.1433770014556041 0.03125 0.06259097525473072
0 0.58154296875 0.15429403202328967 0.0126953125 0.029112081513828242
0 0.66748046875 0.09534206695778749 0.0146484375 0.027656477438136828
0 0.68408203125 0.12809315866084425 0.0146484375 0.026200873362445417
0 0.88818359375 0.09315866084425037 0.0126953125 0.03202328966521106
0 0.70703125 0.04002911208151383 0.01171875 0.024745269286754003
0 0.77001953125 0.1426491994177584 0.0166015625 0.029112081513828242
