0 0.83740234375 0.2105263157894737 0.0068359375 0.015479876160990714
0 0.84619140625 0.20897832817337464 0.0068359375 0.018575851393188854
0 0.85400390625 0.19272445820433437 0.0068359375 0.013931888544891642
0 0.87451171875 0.20510835913312694 0.0068359375 0.013931888544891642
0 0.8603515625 0.2236842105263158 0.009765625 0.017027863777089786
0 0.8515625 0.23916408668730652 0.0078125 0.020123839009287926
0 0.75634765625 0.32894736842105265 0.0126953125 0.032507739938080496
0 0.77783203125 0.26160990712074306 0.0166015625 0.030959752321981428
0 0.78076171875 0.1873065015479876 0.0087890625 0.018575851393188854
0 0.65185546875 0.19891640866873067 0.0107421875 0.020123839009287926
0 0.67431640625 0.19349845201238391 0.0087890625 0.021671826625386997
0 0.6962890625 0.1865325077399381 0.0078125 0.017027863777089786
0 0.5810546875 0.23529411764705885 0.009765625 0.018575851393188854
0 0.5390625 0.25696594427244585 0.009765625 0.021671826625386997
0 0.53564453125 0.21904024767801858 0.0068359375 0.017027863777089786
0 0.5498046875 0.2128482972136223 0.01171875 0.017027863777089786
0 0.52587890625 0.22523219814241488 0.0087890625 0.020123839009287926
0 0.50732421875 0.22445820433436534 0.0107421875 0.021671826625386997
0 0.494140625 0.21826625386996906 0.0078125 0.015479876160990714
0 0.56689453125 0.2979876160990712 0.0126953125 0.026315789473684213
0 0.556640625 0.2693498452012384 0.009765625 0.02476780185758514
0 0.5498046875 0.25386996904024767 0.0078125 0.021671826625386997
0 0.736328125 0.23761609907120745 0.009765625 0.02321981424148607
0 0.7470703125 0.2298761609907121 0.0078125 0.020123839009287926
0 0.60009765625 0.07120743034055728 0.0107421875 0.015479876160990714
0 0.67041015625 0.15325077399380807 0.0107421875 0.015479876160990714
0 0.88330078125 0.35448916408668735 0.0166015625 0.04953560371517028
0 0.9619140625 0.3622291021671827 0.015625 0.04953560371517028
0 0.93603515625 0.2592879256965944 0.0087890625 0.02321981424148607
0 0.88037109375 0.28715170278637775 0.0126953125 0.03869969040247678
0 0.93994140625 0.22678018575851394 0.0087890625 0.026315789473684213
0 0.94384765625 0.1996904024767802 0.0087890625 0.02476780185758514
0 0.82861328125 0.17027863777089786 0.0048828125 0.009287925696594427
0 0.841796875 0.17260061919504646 0.005859375 0.013931888544891642
0 0.86376953125 0.17956656346749228 0.0048828125 0.01238390092879257
0 0.8583984375 0.17647058823529413 0.005859375 0.01238390092879257
0 0.76611328125 0.1602167182662539 0.0048828125 0.010835913312693499
0 0.75927734375 0.15712074303405574 0.0048828125 0.010835913312693499
0 0.7177734375 0.1369969040247678 0.005859375 0.010835913312693499
0 0.7041015625 0.13312693498452013 0.005859375 0.01238390092879257
0 0.92138671875 0.17337461300309598 0.0048828125 0.01238390092879257
0 0.970703125 0.21130030959752324 0.0078125 0.020123839009287926
0 0.9580078125 0.24226006191950467 0.0078125 0.020123839009287926
0 0.91015625 0.24690402476780188 0.005859375 0.02321981424148607
0 0.90771484375 0.21981424148606812 0.0068359375 0.018575851393188854
0 0.92529296875 0.2151702786377709 0.0068359375 0.021671826625386997
0 0.95849609375 0.19582043343653252 0.0068359375 0.017027863777089786
0 0.978515625 0.19504643962848298 0.005859375 0.015479876160990714
0 0.798828125 0.17337461300309598 0.005859375 0.015479876160990714
0 0.8173828125 0.1671826625386997 0.005859375 0.01238390092879257
0 0.99072265625 0.3010835913312694 0.0126953125 0.041795665634674926
0 0.9873046875 0.21362229102167185 0.0078125 0.021671826625386997
0 0.24072265625 0.9295665634674923 0.0830078125 0.1408668730650155
0 0.34619140625 0.3405572755417957 0.0146484375 0.04643962848297214
0 0.779296875 0.4582043343653251 0.03515625 0.08359133126934985
0 0.66845703125 0.4628482972136223 0.0244140625 0.09287925696594428
0 0.59326171875 0.47832817337461303 0.0419921875 0.08359133126934985
0 0.46826171875 0.4226006191950465 0.0341796875 0.05572755417956657
0 0.51123046875 0.6191950464396285 0.0205078125 0.052631578947368425
0 0.5908203125 0.2995356037151703 0.013671875 0.03560371517027864
0 0.63232421875 0.28328173374613 0.0087890625 0.030959752321981428
0 0.64453125 0.24303405572755418 0.0078125 0.021671826625386997
0 0.73876953125 0.26160990712074306 0.0087890625 0.021671826625386997
0 0.6875 0.39164086687306504 0.021484375 0.05882352941176471
0 0.7900390625 0.31656346749226005 0.017578125 0.03869969040247678
0 0.4765625 0.2778637770897833 0.013671875 0.032507739938080496
0 0.486328125 0.26625386996904027 0.0078125 0.02476780185758514
0 0.48095703125 0.22523219814241488 0.0068359375 0.020123839009287926
0 0.4462890625 0.28328173374613 0.009765625 0.021671826625386997
0 0.45751953125 0.2151702786377709 0.0068359375 0.01238390092879257
0 0.61376953125 0.19272445820433437 0.0087890625 0.02321981424148607
0 0.63134765625 0.22291021671826627 0.0107421875 0.018575851393188854
0 0.67138671875 0.23374613003095976 0.0087890625 0.021671826625386997
0 0.71142578125 0.21439628482972137 0.0126953125 0.026315789473684213
0 0.76025390625 0.19814241486068113 0.0107421875 0.027863777089783284
0 0.806640625 0.2453560371517028 0.01171875 0.032507739938080496
0 0.2060546875 0.46207430340557276 0.025390625 0.05108359133126935
0 0.08154296875 0.26625386996904027 0.0068359375 0.01238390092879257
0 0.10302734375 0.2801857585139319 0.0068359375 0.009287925696594427
0 0.06298828125 0.2948916408668731 0.0048828125 0.007739938080495357
0 0.04833984375 0.32894736842105265 0.0068359375 0.017027863777089786
0 0.07958984375 0.34365325077399383 0.0146484375 0.021671826625386997
0 0.08251953125 0.31965944272445823 0.0068359375 0.017027863777089786
0 0.0908203125 0.3993808049535604 0.01953125 0.03715170278637771
0 0.04931640625 0.47678018575851394 0.0166015625 0.07120743034055728
0 0.109375 0.5309597523219814 0.033203125 0.0804953560371517
0 0.1474609375 0.3010835913312694 0.0078125 0.017027863777089786
0 0.1640625 0.32430340557275544 0.01171875 0.02321981424148607
0 0.13720703125 0.30030959752321984 0.0087890625 0.015479876160990714
0 0.97314453125 0.17879256965944273 0.0048828125 0.010835913312693499
0 0.99560546875 0.1648606811145511 0.0048828125 0.010835913312693499
