0 0.7880859375 0.6510500807754444 0.052734375 0.10016155088852989
0 0.888671875 0.4660743134087238 0.041015625 0.08562197092084008
0 0.8291015625 0.46284329563812604 0.037109375 0.0791599353796446
0 0.734375 0.5290791599353797 0.041015625 0.08239095315024234
0 0.6494140625 0.5428109854604201 0.041015625 0.07754442649434573
0 0.61865234375 0.42810985460420037 0.0400390625 0.08077544426494346
0 0.5986328125 0.3521809369951535 0.02734375 0.05492730210016156
0 0.6396484375 0.0395799676898223 0.029296875 0.06946688206785137
0 0.7216796875 0.0420032310177706 0.0234375 0.06462035541195477
0 0.83642578125 0.08239095315024234 0.0205078125 0.06138933764135703
0 0.9013671875 0.191437802907916 0.02734375 0.05977382875605816
0 0.865234375 0.3255250403877222 0.03125 0.06623586429725364
0 0.865234375 0.27867528271405495 0.0234375 0.05654281098546042
0 0.68408203125 0.29725363489499196 0.0244140625 0.048465266558966075
0 0.66357421875 0.3852988691437803 0.0283203125 0.0791599353796446
0 0.61767578125 0.2932148626817448 0.0205078125 0.05654281098546042
0 0.572265625 0.06704361873990307 0.02734375 0.06946688206785137
0 0.748046875 0.36106623586429726 0.037109375 0.08239095315024234
0 0.68408203125 0.9450726978998385 0.0712890625 0.10985460420032311
0 0.58740234375 0.7948303715670436 0.0439453125 0.09693053311793215
0 0.95703125 0.944264943457189 0.046875 0.1050080775444265
0 0.6025390625 0.5064620355411955 0.03515625 0.05654281098546042
0 0.4814453125 0.45234248788368336 0.029296875 0.07108239095315025
0 0.41015625 0.48222940226171246 0.033203125 0.05977382875605816
0 0.15478515625 0.29079159935379645 0.0478515625 0.15508885298869146
0 0.3193359375 0.24232633279483037 0.02734375 0.0840064620355412
0 0.23681640625 0.14539579967689822 0.0439453125 0.11308562197092084
0 0.37255859375 0.03231017770597738 0.0244140625 0.035541195476575124
0 0.3095703125 0.07108239095315025 0.025390625 0.05815831987075929
0 0.34375 0.04927302100161551 0.01171875 0.0210016155088853
0 0.33837890625 0.0210016155088853 0.0126953125 0.01615508885298869
0 0.77099609375 0.0210016155088853 0.0263671875 0.0420032310177706
0 0.39697265625 0.11631663974151858 0.0439453125 0.08077544426494346
0 0.474609375 0.053311793214862686 0.03125 0.06785137318255251
0 0.51318359375 0.08239095315024234 0.0283203125 0.06462035541195477
