0 0.564453125 0.28277634961439585 0.03515625 0.04627249357326478
0 0.4501953125 0.30141388174807193 0.03515625 0.04755784061696658
0 0.15625 0.31298200514138813 0.037109375 0.050128534704370176
0 0.23486328125 0.2487146529562982 0.0283203125 0.044987146529562975
0 0.28076171875 0.1973007712082262 0.0224609375 0.044987146529562975
0 0.32080078125 0.18251928020565553 0.0244140625 0.03598971722365038
0 0.3779296875 0.16966580976863752 0.02734375 0.04113110539845758
0 0.81982421875 0.062339331619537273 0.0205078125 0.02699228791773779
0 0.69189453125 0.04884318766066838 0.0244140625 0.038560411311053984
0 0.66259765625 0.14845758354755784 0.0205078125 0.03984575835475578
0 0.7373046875 0.14524421593830333 0.017578125 0.028277634961439587
0 0.8076171875 0.13046272493573263 0.013671875 0.02699228791773779
0 0.8955078125 0.13560411311053983 0.01953125 0.029562982005141385
0 0.90625 0.20179948586118251 0.0234375 0.04370179948586118
0 0.47607421875 0.18187660668380462 0.0263671875 0.03470437017994858
0 0.5341796875 0.11375321336760924 0.021484375 0.03470437017994858
0 0.5615234375 0.07647814910025706 0.021484375 0.03470437017994858
0 0.4931640625 0.049485861182519277 0.025390625 0.04241645244215938
0 0.20849609375 0.1889460154241645 0.0322265625 0.04884318766066838
0 0.12841796875 0.2634961439588689 0.0283203125 0.038560411311053984
0 0.07275390625 0.19922879177377892 0.0341796875 0.04627249357326478
0 0.04736328125 0.30462724935732644 0.0302734375 0.051413881748071974
0 0.044921875 0.49807197943444725 0.037109375 0.05269922879177377
0 0.0625 0.13303341902313623 0.021484375 0.032133676092544985
0 0.09912109375 0.13367609254498714 0.0166015625 0.033419023136246784
0 0.12646484375 0.15616966580976863 0.0205078125 0.03470437017994858
0 0.1552734375 0.08933161953727506 0.01953125 0.03984575835475578
0 0.6484375 0.08033419023136246 0.0234375 0.037275064267352186
0 0.62255859375 0.028277634961439587 0.0185546875 0.030848329048843187
0 0.4462890625 0.6998714652956298 0.033203125 0.08868894601542415
0 0.38818359375 0.8142673521850899 0.0712890625 0.12467866323907455
0 0.1025390625 0.8759640102827763 0.091796875 0.09640102827763496
0 0.56103515625 0.9003856041131105 0.0458984375 0.05269922879177377
0 0.4306640625 0.16516709511568123 0.025390625 0.050128534704370176
0 0.34228515625 0.15102827763496143 0.0205078125 0.03470437017994858
0 0.373046875 0.05462724935732648 0.0234375 0.03984575835475578
0 0.83349609375 0.025706940874035987 0.0205078125 0.030848329048843187
0 0.7236328125 0.05205655526992287 0.021484375 0.032133676092544985
0 0.47265625 0.08997429305912595 0.01953125 0.04370179948586118
0 0.9482421875 0.05848329048843187 0.025390625 0.037275064267352186
