0 0.8369140625 0.15584415584415584 0.087890625 0.16558441558441558
0 0.765625 0.2353896103896104 0.048828125 0.08116883116883117
0 0.67626953125 0.13311688311688313 0.0361328125 0.08116883116883117
0 0.615234375 0.11931818181818182 0.017578125 0.040584415584415584
0 0.560546875 0.12662337662337664 0.013671875 0.03246753246753247
0 0.52197265625 0.13636363636363638 0.0166015625 0.03246753246753247
0 0.458984375 0.14042207792207792 0.017578125 0.034090909090909095
0 0.43408203125 0.12012987012987014 0.0126953125 0.03571428571428572
0 0.3505859375 0.14853896103896105 0.01953125 0.034090909090909095
0 0.3056640625 0.16314935064935066 0.017578125 0.024350649350649352
0 0.259765625 0.20941558441558442 0.041015625 0.08766233766233766
0 0.150390625 0.17370129870129872 0.052734375 0.1103896103896104
0 0.2568359375 0.14123376623376624 0.021484375 0.03571428571428572
0 0.0517578125 0.2337662337662338 0.0703125 0.12662337662337664
0 0.40283203125 0.14772727272727273 0.0166015625 0.025974025974025976
