0 0.09765625 0.8874113475177304 0.01171875 0.02304964539007092
0 0.033203125 0.8953900709219857 0.01171875 0.02127659574468085
0 0.18701171875 0.850177304964539 0.0107421875 0.02304964539007092
0 0.2333984375 0.777482269503546 0.009765625 0.01950354609929078
0 0.11328125 0.8164893617021276 0.01171875 0.02304964539007092
0 0.07275390625 0.8466312056737588 0.0107421875 0.02304964539007092
0 0.22802734375 0.875 0.0146484375 0.03368794326241135
0 0.369140625 0.8865248226950354 0.013671875 0.024822695035460994
0 0.34912109375 0.9601063829787234 0.0146484375 0.03368794326241135
0 0.4091796875 0.8226950354609929 0.013671875 0.028368794326241134
0 0.4814453125 0.8537234042553191 0.01171875 0.026595744680851064
0 0.453125 0.9769503546099291 0.01171875 0.031914893617021274
0 0.53076171875 0.8723404255319148 0.0126953125 0.028368794326241134
0 0.5234375 0.7987588652482269 0.01171875 0.030141843971631204
0 0.71435546875 0.924645390070922 0.0126953125 0.03368794326241135
0 0.7119140625 0.8537234042553191 0.01171875 0.030141843971631204
0 0.7734375 0.8306737588652482 0.01171875 0.026595744680851064
0 0.7529296875 0.7783687943262411 0.01171875 0.028368794326241134
0 0.6953125 0.7207446808510638 0.009765625 0.02304964539007092
0 0.64208984375 0.7579787234042553 0.0146484375 0.026595744680851064
0 0.5712890625 0.7340425531914894 0.0078125 0.02127659574468085
0 0.564453125 0.851063829787234 0.01171875 0.024822695035460994
0 0.546875 0.8634751773049645 0.01171875 0.02127659574468085
0 0.77734375 0.75 0.013671875 0.028368794326241134
0 0.8271484375 0.7367021276595744 0.009765625 0.026595744680851064
0 0.865234375 0.9069148936170213 0.013671875 0.030141843971631204
0 0.8681640625 0.8679078014184397 0.01171875 0.030141843971631204
0 0.88037109375 0.8404255319148936 0.0087890625 0.024822695035460994
0 0.91748046875 0.8156028368794326 0.0126953125 0.028368794326241134
0 0.990234375 0.774822695035461 0.013671875 0.035460992907801414
0 0.95361328125 0.9645390070921985 0.0126953125 0.028368794326241134
0 0.9609375 0.9317375886524822 0.01171875 0.026595744680851064
0 0.9482421875 0.7296099290780141 0.01171875 0.02304964539007092
0 0.8828125 0.773936170212766 0.01171875 0.026595744680851064
0 0.9814453125 0.7304964539007092 0.009765625 0.028368794326241134
0 0.76904296875 0.6923758865248226 0.0126953125 0.026595744680851064
