0 0.64453125 0.10250297973778306 0.029296875 0.0500595947556615
0 0.7568359375 0.1436233611442193 0.0390625 0.07032181168057211
0 0.5546875 0.13706793802145412 0.03125 0.057210965435041714
0 0.49072265625 0.11263408820023837 0.0205078125 0.027413587604290822
0 0.70166015625 0.3319427890345649 0.0400390625 0.04648390941597139
0 0.71533203125 0.08283671036948748 0.0146484375 0.027413587604290822
0 0.740234375 0.054827175208581644 0.013671875 0.023837902264600714
0 0.765625 0.05303933253873659 0.009765625 0.015494636471990463
0 0.59521484375 0.0500595947556615 0.0126953125 0.01907032181168057
0 0.5537109375 0.07210965435041716 0.009765625 0.015494636471990463
0 0.51123046875 0.07508939213349225 0.0166015625 0.023837902264600714
0 0.51171875 0.401668653158522 0.037109375 0.057210965435041714
0 0.21044921875 0.35160905840286055 0.0517578125 0.04529201430274136
0 0.02685546875 0.24255065554231225 0.0419921875 0.1203814064362336
0 0.08544921875 0.18831942789034564 0.0478515625 0.07866507747318235
0 0.21875 0.1907032181168057 0.04296875 0.05959475566150178
0 0.302734375 0.13110846245530391 0.02734375 0.04290822407628128
0 0.833984375 0.166865315852205 0.052734375 0.08581644815256256
0 0.94287109375 0.10905840286054827 0.0322265625 0.04648390941597139
0 0.234375 0.10548271752085817 0.01953125 0.027413587604290822
0 0.13037109375 0.1168057210965435 0.0224609375 0.028605482717520857
0 0.10986328125 0.12872467222884384 0.0126953125 0.01907032181168057
0 0.1904296875 0.10607866507747318 0.017578125 0.030989272943980926
0 0.18994140625 0.18235995232419547 0.0283203125 0.04290822407628128
0 0.22509765625 0.05780691299165673 0.0146484375 0.020262216924910606
0 0.2666015625 0.10905840286054827 0.015625 0.027413587604290822
0 0.37109375 0.07032181168057211 0.015625 0.028605482717520857
0 0.4189453125 0.1066746126340882 0.015625 0.02979737783075089
0 0.45458984375 0.12514898688915374 0.0263671875 0.0500595947556615
0 0.69287109375 0.06853396901072706 0.0126953125 0.015494636471990463
0 0.6767578125 0.08760429082240763 0.015625 0.02502979737783075
0 0.65869140625 0.05542312276519666 0.0126953125 0.02264600715137068
0 0.7900390625 0.03456495828367104 0.015625 0.023837902264600714
0 0.75732421875 0.03635280095351609 0.0087890625 0.017878426698450536
0 0.728515625 0.04171632896305125 0.01171875 0.01907032181168057
0 0.83544921875 0.031585220500595944 0.0146484375 0.02264600715137068
0 0.80615234375 0.052443384982121574 0.0126953125 0.02145411203814064
0 0.880859375 0.01907032181168057 0.017578125 0.023837902264600714
0 0.93408203125 0.05601907032181168 0.0185546875 0.028605482717520857
0 0.9921875 0.043504171632896306 0.01171875 0.027413587604290822
0 0.9853515625 0.023837902264600714 0.01171875 0.01907032181168057
0 0.94580078125 0.028605482717520857 0.0107421875 0.01907032181168057
0 0.62548828125 0.050655542312276515 0.0107421875 0.020262216924910606
0 0.46435546875 0.0804529201430274 0.0126953125 0.020262216924910606
0 0.4384765625 0.09713945172824791 0.015625 0.02979737783075089
0 0.484375 0.08164481525625744 0.009765625 0.017878426698450536
0 0.57373046875 0.05601907032181168 0.0126953125 0.023837902264600714
0 0.39013671875 0.07389749702026222 0.0166015625 0.01907032181168057
0 0.68359375 0.0500595947556615 0.01171875 0.01907032181168057
0 0.6943359375 0.04946364719904648 0.013671875 0.020262216924910606
0 0.92333984375 0.03873659117997616 0.0146484375 0.03218116805721096
