0 0.9111328125 0.28759124087591237 0.017578125 0.040875912408759124
0 0.96923828125 0.29781021897810217 0.0146484375 0.03795620437956204
0 0.6826171875 0.33065693430656934 0.017578125 0.03941605839416058
0 0.87255859375 0.3094890510948905 0.0146484375 0.03503649635036496
0 0.8388671875 0.26934306569343064 0.009765625 0.01897810218978102
0 0.82470703125 0.30802919708029197 0.0087890625 0.020437956204379562
0 0.74609375 0.3087591240875912 0.009765625 0.0218978102189781
0 0.76318359375 0.2912408759124087 0.0107421875 0.0218978102189781
0 0.62353515625 0.28832116788321166 0.0087890625 0.016058394160583942
0 0.63720703125 0.2905109489051095 0.0068359375 0.00875912408759124
0 0.58837890625 0.28759124087591237 0.0087890625 0.01751824817518248
0 0.39013671875 0.34744525547445254 0.0244140625 0.0437956204379562
0 0.509765625 0.3167883211678832 0.017578125 0.0437956204379562
0 0.5341796875 0.3021897810218978 0.009765625 0.02335766423357664
0 0.22802734375 0.3087591240875912 0.0185546875 0.051094890510948905
0 0.099609375 0.3598540145985401 0.03125 0.05693430656934306
0 0.2666015625 0.28613138686131384 0.01171875 0.029197080291970802
0 0.283203125 0.2970802919708029 0.0078125 0.0218978102189781
0 0.33984375 0.283941605839416 0.0078125 0.01897810218978102
0 0.330078125 0.2671532846715328 0.0078125 0.01751824817518248
0 0.40869140625 0.2846715328467153 0.0087890625 0.014598540145985401
0 0.42578125 0.28686131386861313 0.0078125 0.016058394160583942
0 0.18017578125 0.29781021897810217 0.0146484375 0.032116788321167884
0 0.125 0.27956204379562044 0.01171875 0.02773722627737226
0 0.09716796875 0.2817518248175182 0.0126953125 0.029197080291970802
0 0.07421875 0.28905109489051095 0.01171875 0.02335766423357664
0 0.05126953125 0.2948905109489051 0.0107421875 0.02627737226277372
0 0.02099609375 0.26934306569343064 0.0048828125 0.010218978102189781
0 0.1845703125 0.2744525547445255 0.009765625 0.01751824817518248
0 0.3603515625 0.3313868613138686 0.01171875 0.029197080291970802
0 0.24462890625 0.3 0.0205078125 0.03941605839416058
0 0.33544921875 0.291970802919708 0.0126953125 0.014598540145985401
0 0.31298828125 0.28759124087591237 0.0107421875 0.01751824817518248
0 0.00537109375 0.26861313868613135 0.0107421875 0.01751824817518248
