0 0.59716796875 0.2746967071057192 0.0458984375 0.11265164644714037
0 0.8349609375 0.39081455805892545 0.025390625 0.07105719237435008
0 0.92041015625 0.38561525129982666 0.0146484375 0.02946273830155979
0 0.95556640625 0.3951473136915078 0.0126953125 0.031195840554592718
0 0.771484375 0.425476603119584 0.0078125 0.019064124783362217
0 0.07080078125 0.3431542461005199 0.0107421875 0.024263431542461005
0 0.0537109375 0.35701906412478335 0.0078125 0.020797227036395145
0 0.10498046875 0.3613518197573657 0.0087890625 0.019064124783362217
0 0.12158203125 0.3674176776429809 0.0087890625 0.020797227036395145
0 0.69921875 0.4098786828422877 0.0078125 0.019064124783362217
0 0.72412109375 0.4072790294627383 0.0087890625 0.01733102253032929
0 0.76806640625 0.3986135181975736 0.0087890625 0.01733102253032929
0 0.97998046875 0.40814558058925476 0.0107421875 0.019064124783362217
0 0.00927734375 0.3440207972270364 0.0087890625 0.022530329289428074
0 0.04150390625 0.39601386481802425 0.0107421875 0.02946273830155979
0 0.1533203125 0.38041594454072786 0.009765625 0.022530329289428074
0 0.1806640625 0.3795493934142114 0.0078125 0.01733102253032929
0 0.220703125 0.38388214904679374 0.0078125 0.022530329289428074
