0 0.3955078125 0.2364963503649635 0.01953125 0.0437956204379562
0 0.27783203125 0.26861313868613135 0.0146484375 0.029197080291970802
0 0.291015625 0.2408759124087591 0.013671875 0.029197080291970802
0 0.189453125 0.21240875912408758 0.021484375 0.051094890510948905
0 0.0126953125 0.26204379562043795 0.025390625 0.06277372262773723
0 0.06396484375 0.2364963503649635 0.0166015625 0.040875912408759124
0 0.8583984375 0.2364963503649635 0.013671875 0.02335766423357664
0 0.62841796875 0.30583941605839415 0.0302734375 0.0656934306569343
0 0.5009765625 0.22481751824817517 0.013671875 0.02627737226277372
0 0.43408203125 0.245985401459854 0.0166015625 0.03065693430656934
