0 0.57568359375 0.37426035502958577 0.0537109375 0.09763313609467456
0 0.71044921875 0.43417159763313606 0.0478515625 0.09023668639053255
0 0.82666015625 0.39866863905325445 0.0458984375 0.09615384615384615
0 0.947265625 0.3905325443786982 0.046875 0.10059171597633136
0 0.10693359375 0.533284023668639 0.0634765625 0.11094674556213018
0 0.32275390625 0.20857988165680472 0.0615234375 0.14201183431952663
0 0.17578125 0.0717455621301775 0.052734375 0.09615384615384615
0 0.3056640625 0.6486686390532544 0.0703125 0.14644970414201183
0 0.5078125 0.143491124260355 0.0078125 0.01775147928994083
0 0.5107421875 0.09171597633136094 0.005859375 0.014792899408284023
0 0.4921875 0.07470414201183431 0.005859375 0.013313609467455622
0 0.484375 0.1301775147928994 0.005859375 0.011834319526627219
