0 0.404296875 0.3733766233766234 0.03125 0.05844155844155845
0 0.50048828125 0.3717532467532468 0.0322265625 0.07142857142857144
0 0.5966796875 0.3465909090909091 0.033203125 0.07305194805194806
0 0.10009765625 0.15746753246753248 0.0517578125 0.1103896103896104
0 0.1962890625 0.2573051948051948 0.03515625 0.11850649350649352
0 0.25146484375 0.25 0.0185546875 0.048701298701298704
0 0.33935546875 0.26461038961038963 0.0341796875 0.07792207792207792
0 0.455078125 0.045454545454545456 0.01953125 0.048701298701298704
0 0.4560546875 0.2012987012987013 0.01953125 0.048701298701298704
0 0.92138671875 0.14123376623376624 0.0263671875 0.061688311688311695
0 0.5625 0.24675324675324678 0.017578125 0.03896103896103896
0 0.70166015625 0.2418831168831169 0.0439453125 0.10064935064935066
0 0.38427734375 0.24512987012987014 0.0224609375 0.05194805194805195
