0 0.43359375 0.38547904191616766 0.06640625 0.12125748502994013
0 0.203125 0.343562874251497 0.09375 0.1631736526946108
0 0.3046875 0.2791916167664671 0.025390625 0.05239520958083833
0 0.345703125 0.2881736526946108 0.03125 0.06437125748502995
0 0.3017578125 0.21407185628742517 0.015625 0.029940119760479042
0 0.32275390625 0.219311377245509 0.0185546875 0.0344311377245509
0 0.3017578125 0.17589820359281438 0.009765625 0.019461077844311378
0 0.0810546875 0.14595808383233533 0.017578125 0.031437125748503
0 0.12060546875 0.1062874251497006 0.0087890625 0.02095808383233533
0 0.10888671875 0.19835329341317368 0.0185546875 0.05239520958083833
0 0.47021484375 0.25 0.0244140625 0.07185628742514971
0 0.2392578125 0.20059880239520958 0.01171875 0.029940119760479042
0 0.66845703125 0.22604790419161677 0.0908203125 0.14670658682634732
0 0.828125 0.12425149700598803 0.123046875 0.23952095808383234
