0 0.0859375 0.2692307692307693 0.01171875 0.029827315541601257
0 0.1533203125 0.2904238618524333 0.017578125 0.03767660910518054
0 0.177734375 0.28963893249607536 0.01953125 0.03924646781789639
0 0.36572265625 0.28571428571428575 0.0146484375 0.031397174254317116
0 0.7197265625 0.41051805337519626 0.0234375 0.0423861852433281
0 0.85498046875 0.26373626373626374 0.0185546875 0.04081632653061225
0 0.91064453125 0.25196232339089486 0.0185546875 0.03924646781789639
0 0.96484375 0.2590266875981162 0.021484375 0.04395604395604396
0 0.9931640625 0.23076923076923078 0.013671875 0.07849293563579278
0 0.7724609375 0.23076923076923078 0.01171875 0.02197802197802198
0 0.80078125 0.24646781789638933 0.017578125 0.031397174254317116
0 0.7041015625 0.25824175824175827 0.013671875 0.029827315541601257
0 0.92333984375 0.2111459968602826 0.0087890625 0.020408163265306124
0 0.40966796875 0.42935635792778654 0.0166015625 0.023547880690737835
0 0.19775390625 0.25981161695447413 0.0107421875 0.017268445839874413
0 0.23828125 0.3328100470957614 0.017578125 0.04081632653061225
0 0.455078125 0.29827315541601257 0.021484375 0.05023547880690738
0 0.89404296875 0.23233908948194665 0.0087890625 0.01883830455259027
