0 0.248046875 0.5120772946859903 0.033203125 0.05797101449275362
0 0.28857421875 0.38707729468599034 0.0283203125 0.049516908212560384
0 0.35498046875 0.5060386473429952 0.0302734375 0.05072463768115942
0 0.40087890625 0.40700483091787437 0.0263671875 0.04830917874396135
0 0.51025390625 0.41787439613526567 0.0283203125 0.05314009661835749
0 0.48486328125 0.5102657004830917 0.0263671875 0.056763285024154585
0 0.607421875 0.4142512077294686 0.029296875 0.05072463768115942
0 0.65576171875 0.5223429951690821 0.0283203125 0.056763285024154585
0 0.76513671875 0.5477053140096618 0.0322265625 0.05434782608695652
0 0.77783203125 0.40640096618357485 0.0302734375 0.05434782608695652
