0 0.513671875 0.4052757793764988 0.021484375 0.03597122302158273
0 0.55810546875 0.4316546762589928 0.0205078125 0.03357314148681055
0 0.49072265625 0.4940047961630695 0.0205078125 0.03357314148681055
0 0.6083984375 0.4964028776978417 0.01953125 0.040767386091127095
0 0.7041015625 0.5071942446043165 0.0234375 0.03836930455635491
0 0.6337890625 0.43884892086330934 0.0234375 0.03357314148681055
0 0.73388671875 0.4070743405275779 0.0244140625 0.039568345323741004
0 0.79345703125 0.3099520383693045 0.0205078125 0.03237410071942446
0 0.8291015625 0.4100719424460431 0.0234375 0.043165467625899276
0 0.6064453125 0.19964028776978415 0.01953125 0.029976019184652276
0 0.12060546875 0.4148681055155875 0.0263671875 0.03597122302158273
0 0.16015625 0.5149880095923262 0.0234375 0.03717026378896882
0 0.2060546875 0.41966426858513184 0.021484375 0.03597122302158273
0 0.2353515625 0.5071942446043165 0.0234375 0.03836930455635491
0 0.27587890625 0.4052757793764988 0.0224609375 0.03357314148681055
0 0.330078125 0.4190647482014388 0.01953125 0.03477218225419664
0 0.33251953125 0.49999999999999994 0.0224609375 0.03597122302158273
0 0.38232421875 0.43105515587529974 0.0185546875 0.029976019184652276
0 0.41259765625 0.48920863309352514 0.0224609375 0.03357314148681055
0 0.44970703125 0.42446043165467623 0.0205078125 0.031175059952038366
