0 0.119140625 0.40702781844802344 0.025390625 0.0527086383601757
0 0.212890625 0.3923865300146413 0.025390625 0.043923865300146414
0 0.23974609375 0.23792093704245976 0.0166015625 0.03367496339677892
0 0.29345703125 0.23938506588579794 0.0146484375 0.016105417276720352
0 0.3427734375 0.33455344070278187 0.015625 0.016105417276720352
0 0.35302734375 0.43704245973645683 0.0224609375 0.0424597364568082
0 0.9345703125 0.390190336749634 0.03125 0.05710102489019034
0 0.84033203125 0.38872620790629575 0.0244140625 0.048316251830161056
0 0.83447265625 0.2320644216691069 0.0263671875 0.048316251830161056
0 0.98974609375 0.3140556368960469 0.0146484375 0.027818448023426062
0 0.9150390625 0.28843338213762815 0.015625 0.02635431918008785
0 0.6884765625 0.45827232796486095 0.03125 0.055636896046852125
0 0.7275390625 0.34773060029282576 0.01171875 0.027818448023426062
0 0.73486328125 0.2635431918008785 0.0126953125 0.017569546120058566
0 0.70849609375 0.2650073206442167 0.0126953125 0.014641288433382138
0 0.66015625 0.21522693997071743 0.01171875 0.02342606149341142
0 0.61474609375 0.27013177159590046 0.0126953125 0.021961932650073207
0 0.546875 0.29941434846266474 0.01171875 0.024890190336749635
0 0.49658203125 0.27232796486090777 0.0068359375 0.014641288433382138
0 0.45703125 0.27672035139092244 0.009765625 0.017569546120058566
0 0.90771484375 0.8177159590043924 0.0712890625 0.13323572474377746
0 0.27490234375 0.2657393850658858 0.0166015625 0.016105417276720352
