0 0.1279296875 0.22643818849449202 0.046875 0.08812729498164014
0 0.23046875 0.2968176254589963 0.05078125 0.0795593635250918
0 0.28857421875 0.23806609547123622 0.0458984375 0.08200734394124846
0 0.3857421875 0.21664626682986535 0.044921875 0.07099143206854344
0 0.3896484375 0.35801713586291306 0.041015625 0.06976744186046512
0 0.5087890625 0.2025703794369645 0.044921875 0.06976744186046512
0 0.541015625 0.34394124847001223 0.04296875 0.07588739290085679
0 0.603515625 0.18482252141982863 0.044921875 0.07343941248470012
0 0.69921875 0.1854345165238678 0.04296875 0.06731946144430843
0 0.7236328125 0.3610771113831089 0.041015625 0.07588739290085679
0 0.82470703125 0.1964504283965728 0.0439453125 0.07711138310893512
