0 0.0400390625 0.5598958333333333 0.037109375 0.057291666666666664
0 0.0400390625 0.740234375 0.041015625 0.053385416666666664
0 0.55615234375 0.31705729166666663 0.0224609375 0.03515625
0 0.53515625 0.4583333333333333 0.01953125 0.03645833333333333
0 0.640625 0.38736979166666663 0.01953125 0.03515625
0 0.75732421875 0.30143229166666663 0.0185546875 0.03255208333333333
0 0.82763671875 0.39908854166666663 0.0166015625 0.03515625
0 0.91552734375 0.46940104166666663 0.0205078125 0.03515625
0 0.75830078125 0.5234375 0.0205078125 0.03125
0 0.71533203125 0.5735677083333333 0.0224609375 0.03255208333333333
0 0.7587890625 0.6510416666666666 0.01953125 0.033854166666666664
0 0.93505859375 0.3515625 0.0185546875 0.033854166666666664
