0 0.68603515625 0.5595611285266457 0.0244140625 0.04702194357366771
0 0.08056640625 0.7163009404388715 0.0283203125 0.04075235109717868
0 0.20751953125 0.7037617554858934 0.0263671875 0.04702194357366771
0 0.31982421875 0.7155172413793103 0.0302734375 0.045454545454545456
0 0.42431640625 0.7155172413793103 0.0302734375 0.048589341692789965
0 0.5400390625 0.7311912225705329 0.02734375 0.048589341692789965
0 0.65283203125 0.7217868338557993 0.0283203125 0.048589341692789965
0 0.77001953125 0.4012539184952978 0.0244140625 0.04702194357366771
0 0.82421875 0.28683385579937304 0.021484375 0.04075235109717868
0 0.85986328125 0.39263322884012536 0.0263671875 0.04231974921630094
0 0.94580078125 0.45846394984326017 0.0263671875 0.04231974921630094
0 0.86083984375 0.5556426332288401 0.0263671875 0.045454545454545456
0 0.76611328125 0.5595611285266457 0.0263671875 0.04702194357366771
0 0.7705078125 0.7100313479623824 0.02734375 0.050156739811912224
0 0.888671875 0.7139498432601881 0.029296875 0.05172413793103448
0 0.07958984375 0.43573667711598746 0.0244140625 0.050156739811912224
0 0.22509765625 0.2829153605015674 0.0224609375 0.03918495297805642
0 0.29345703125 0.2797805642633229 0.0205078125 0.03918495297805642
0 0.36376953125 0.27664576802507834 0.0244140625 0.04231974921630094
0 0.43310546875 0.2617554858934169 0.0224609375 0.0438871473354232
0 0.5078125 0.2719435736677116 0.0234375 0.04231974921630094
0 0.5859375 0.27664576802507834 0.01953125 0.03918495297805642
0 0.66455078125 0.2664576802507837 0.0244140625 0.0438871473354232
0 0.7451171875 0.280564263322884 0.021484375 0.04075235109717868
0 0.16943359375 0.40360501567398116 0.0244140625 0.04231974921630094
0 0.2548828125 0.4012539184952978 0.025390625 0.0438871473354232
0 0.3271484375 0.3793103448275862 0.0234375 0.0438871473354232
0 0.4140625 0.4122257053291536 0.0234375 0.0438871473354232
0 0.50537109375 0.40909090909090906 0.0244140625 0.04075235109717868
0 0.59130859375 0.42006269592476486 0.0224609375 0.04075235109717868
0 0.677734375 0.4184952978056426 0.021484375 0.04075235109717868
0 0.13427734375 0.5564263322884012 0.0244140625 0.04702194357366771
0 0.23388671875 0.5650470219435736 0.0244140625 0.03918495297805642
0 0.3271484375 0.5564263322884012 0.025390625 0.04702194357366771
0 0.4169921875 0.5462382445141065 0.02734375 0.045454545454545456
0 0.5009765625 0.5501567398119122 0.0234375 0.04702194357366771
0 0.59130859375 0.5509404388714734 0.0283203125 0.045454545454545456
