0 0.01220703125 0.2534722222222222 0.0205078125 0.11458333333333333
0 0.13037109375 0.23090277777777776 0.0400390625 0.10763888888888888
0 0.28076171875 0.20572916666666666 0.0419921875 0.11284722222222221
0 0.43408203125 0.15625 0.0400390625 0.10763888888888888
0 0.53173828125 0.20746527777777776 0.0341796875 0.109375
0 0.71630859375 0.171875 0.0400390625 0.12152777777777778
0 0.89208984375 0.1831597222222222 0.0400390625 0.0954861111111111
0 0.12255859375 0.5442708333333333 0.0380859375 0.08506944444444443
0 0.265625 0.5494791666666666 0.0390625 0.10243055555555555
0 0.4287109375 0.5512152777777778 0.0390625 0.09201388888888888
0 0.5888671875 0.5373263888888888 0.04296875 0.11979166666666666
0 0.75341796875 0.5225694444444444 0.0400390625 0.11458333333333333
0 0.93408203125 0.525173611111111 0.0439453125 0.109375
