0 0.5166015625 0.21025794841031792 0.09765625 0.05698860227954409
0 0.37744140625 0.2738452309538092 0.0712890625 0.044991001799640065
0 0.0185546875 0.5878824235152968 0.037109375 0.031193761247750446
0 0.07861328125 0.6904619076184763 0.0166015625 0.014397120575884822
0 0.1435546875 0.7048590281943611 0.021484375 0.015596880623875223
0 0.1357421875 0.6976604679064187 0.015625 0.014397120575884822
0 0.12451171875 0.6889622075584882 0.0126953125 0.013797240551889621
0 0.166015625 0.665866826634673 0.013671875 0.010797840431913616
0 0.77587890625 0.694361127774445 0.0166015625 0.013797240551889621
0 0.7255859375 0.689862027594481 0.013671875 0.013197360527894421
0 0.833984375 0.6856628674265146 0.013671875 0.011997600479904018
0 0.861328125 0.6817636472705458 0.015625 0.012597480503899219
0 0.87939453125 0.6844631073785242 0.0146484375 0.010797840431913616
0 0.89599609375 0.6850629874025195 0.0107421875 0.009598080383923215
0 0.95361328125 0.6862627474505099 0.0146484375 0.010797840431913616
0 0.92138671875 0.6871625674865026 0.0107421875 0.011397720455908818
0 0.912109375 0.6823635272945411 0.009765625 0.008998200359928014
0 0.77490234375 0.6784643071385722 0.0107421875 0.009598080383923215
0 0.791015625 0.6862627474505099 0.009765625 0.010797840431913616
0 0.8046875 0.6925614877024594 0.01171875 0.010197960407918415
0 0.94189453125 0.6727654469106178 0.0107421875 0.007798440311937611
0 0.15966796875 0.692861427714457 0.0146484375 0.010797840431913616
0 0.13134765625 0.6556688662267546 0.0107421875 0.008398320335932814
0 0.18408203125 0.7036592681463707 0.0166015625 0.013197360527894421
0 0.20556640625 0.7225554889022195 0.0205078125 0.017396520695860826
0 0.22509765625 0.6865626874625075 0.0146484375 0.012597480503899219
0 0.21875 0.7123575284943011 0.021484375 0.016196760647870425
0 0.1865234375 0.6970605878824234 0.017578125 0.013197360527894421
0 0.255859375 0.7027594481103778 0.025390625 0.018596280743851227
0 0.23876953125 0.6520695860827834 0.0126953125 0.009598080383923215
0 0.5615234375 0.695860827834433 0.015625 0.013197360527894421
0 0.5029296875 0.694361127774445 0.013671875 0.010197960407918415
0 0.5205078125 0.6862627474505099 0.009765625 0.009598080383923215
0 0.53076171875 0.6649670065986802 0.0107421875 0.008998200359928014
0 0.53271484375 0.7186562687462507 0.0185546875 0.01919616076784643
0 0.03369140625 0.5656868626274745 0.0107421875 0.007198560287942411
0 0.03271484375 0.5044991001799639 0.0087890625 0.004799040191961607
0 0.09033203125 0.516496700659868 0.0107421875 0.008398320335932814
0 0.12158203125 0.5206958608278344 0.0068359375 0.005998800239952009
0 0.14794921875 0.5197960407918416 0.0087890625 0.0065986802639472104
0 0.19287109375 0.5227954409118176 0.0087890625 0.0065986802639472104
0 0.2236328125 0.5170965806838632 0.009765625 0.007198560287942411
0 0.23828125 0.5236952609478104 0.0078125 0.005998800239952009
0 0.255859375 0.5227954409118176 0.0078125 0.0065986802639472104
0 0.06005859375 0.5725854829034193 0.0107421875 0.007798440311937611
0 0.07666015625 0.5725854829034193 0.0107421875 0.0065986802639472104
0 0.08349609375 0.5848830233953208 0.0126953125 0.010797840431913616
0 0.0556640625 0.5869826034793041 0.01171875 0.008998200359928014
0 0.10595703125 0.5884823035392921 0.0107421875 0.009598080383923215
0 0.10791015625 0.5977804439112177 0.0087890625 0.0065986802639472104
0 0.0986328125 0.6127774445110977 0.01171875 0.008998200359928014
0 0.08349609375 0.6001799640071985 0.0107421875 0.008998200359928014
0 0.1201171875 0.5986802639472105 0.009765625 0.007198560287942411
0 0.12890625 0.6073785242951409 0.009765625 0.0065986802639472104
0 0.14794921875 0.5836832633473304 0.0087890625 0.008398320335932814
0 0.15234375 0.5710857828434313 0.009765625 0.007198560287942411
0 0.16162109375 0.5821835632873424 0.0087890625 0.0065986802639472104
0 0.15087890625 0.5971805638872225 0.0087890625 0.007798440311937611
0 0.19189453125 0.5953809238152369 0.0087890625 0.007798440311937611
0 0.18896484375 0.5725854829034193 0.0107421875 0.007798440311937611
0 0.1513671875 0.5380923815236952 0.01171875 0.008398320335932814
0 0.24462890625 0.5761847630473905 0.0107421875 0.007798440311937611
0 0.2294921875 0.6010797840431913 0.009765625 0.008398320335932814
0 0.24755859375 0.6031793641271745 0.0087890625 0.007798440311937611
0 0.20947265625 0.6166766646670665 0.0107421875 0.007198560287942411
0 0.25 0.613377324535093 0.009765625 0.0065986802639472104
0 0.10400390625 0.7108578284343131 0.0283203125 0.01919616076784643
0 0.09423828125 0.6250749850029993 0.0126953125 0.009598080383923215
0 0.109375 0.6190761847630474 0.009765625 0.007198560287942411
0 0.12158203125 0.6226754649070185 0.0107421875 0.007198560287942411
0 0.11669921875 0.6331733653269346 0.0107421875 0.007798440311937611
0 0.09912109375 0.6457708458308338 0.0146484375 0.010197960407918415
0 0.12353515625 0.6421715656868626 0.0146484375 0.008998200359928014
0 0.13916015625 0.6379724055188961 0.0107421875 0.007798440311937611
0 0.15185546875 0.634373125374925 0.0107421875 0.007798440311937611
0 0.171875 0.638872225554889 0.009765625 0.008398320335932814
0 0.197265625 0.6241751649670065 0.01171875 0.011397720455908818
0 0.1767578125 0.6184763047390521 0.01171875 0.007198560287942411
0 0.20361328125 0.6349730053989202 0.0126953125 0.011397720455908818
0 0.22900390625 0.6247750449910018 0.0126953125 0.008998200359928014
0 0.2314453125 0.6610677864427114 0.01171875 0.010797840431913616
0 0.20947265625 0.6490701859628074 0.0107421875 0.008398320335932814
0 0.20556640625 0.6577684463107378 0.0126953125 0.010197960407918415
0 0.1875 0.6736652669466107 0.013671875 0.011997600479904018
0 0.203125 0.6871625674865026 0.015625 0.012597480503899219
0 0.2080078125 0.6775644871025794 0.013671875 0.010197960407918415
0 0.19873046875 0.670365926814637 0.0107421875 0.008998200359928014
0 0.22705078125 0.6760647870425914 0.0126953125 0.010797840431913616
0 0.24169921875 0.6370725854829034 0.0126953125 0.008398320335932814
0 0.154296875 0.656868626274745 0.01171875 0.007198560287942411
0 0.49560546875 0.6661667666466706 0.0166015625 0.012597480503899219
0 0.5595703125 0.6844631073785242 0.017578125 0.008398320335932814
0 0.52880859375 0.6835632873425315 0.0107421875 0.008998200359928014
0 0.7578125 0.6829634073185362 0.013671875 0.010197960407918415
0 0.7666015625 0.6625674865026994 0.01171875 0.007798440311937611
0 0.8017578125 0.664367126574685 0.013671875 0.007798440311937611
0 0.7431640625 0.694361127774445 0.015625 0.011397720455908818
0 0.78271484375 0.6604679064187162 0.0087890625 0.007198560287942411
0 0.7900390625 0.6487702459508098 0.009765625 0.0065986802639472104
0 0.8466796875 0.6526694661067786 0.01171875 0.009598080383923215
0 0.87353515625 0.6604679064187162 0.0107421875 0.008398320335932814
0 0.88671875 0.6619676064787042 0.009765625 0.0065986802639472104
0 0.89404296875 0.6694661067786443 0.0087890625 0.009598080383923215
0 0.9052734375 0.6751649670065987 0.009765625 0.0065986802639472104
0 0.9296875 0.6715656868626274 0.01171875 0.008998200359928014
0 0.6484375 0.5881823635272945 0.0078125 0.0065986802639472104
0 0.67431640625 0.5881823635272945 0.0087890625 0.007798440311937611
0 0.693359375 0.5884823035392921 0.0078125 0.007198560287942411
0 0.8486328125 0.6085782843431313 0.009765625 0.008998200359928014
0 0.86083984375 0.5992801439712057 0.0087890625 0.008398320335932814
0 0.8701171875 0.5992801439712057 0.0078125 0.007198560287942411
0 0.92431640625 0.6172765446910617 0.0126953125 0.009598080383923215
0 0.81884765625 0.6136772645470905 0.0107421875 0.007198560287942411
0 0.01171875 0.5053989202159568 0.009765625 0.007798440311937611
0 0.05419921875 0.4706058788242351 0.0087890625 0.005398920215956808
0 0.078125 0.47540491901619675 0.0078125 0.0065986802639472104
0 0.11572265625 0.6700659868026394 0.0126953125 0.010797840431913616
0 0.14892578125 0.6724655068986202 0.0107421875 0.008398320335932814
0 0.12109375 0.5842831433713257 0.01171875 0.008398320335932814
