0 0.0859375 0.28671875 0.029296875 0.0671875
0 0.17529296875 0.2828125 0.0322265625 0.07500000000000001
0 0.26220703125 0.28828125 0.0322265625 0.0734375
0 0.357421875 0.26875 0.03125 0.059375000000000004
0 0.44677734375 0.27421875 0.0322265625 0.07968750000000001
0 0.55859375 0.31015625 0.03125 0.07968750000000001
0 0.6513671875 0.28828125 0.03125 0.0671875
0 0.7333984375 0.27968750000000003 0.029296875 0.065625
0 0.82861328125 0.27734375 0.0283203125 0.051562500000000004
0 0.91357421875 0.275 0.0302734375 0.07187500000000001
