0 0.4560546875 0.1143827859569649 0.11328125 0.11211778029445074
0 0.61474609375 0.15147225368063422 0.1123046875 0.0956964892412231
0 0.02490234375 0.04530011325028313 0.0244140625 0.026047565118912798
0 0.0556640625 0.04784824462061155 0.025390625 0.02434881087202718
0 0.09375 0.08720271800679502 0.037109375 0.03397508493771235
0 0.15087890625 0.09881087202718007 0.0400390625 0.03567383918459796
0 0.21728515625 0.08437146092865233 0.0400390625 0.03397508493771235
0 0.26708984375 0.05747451868629672 0.0400390625 0.03227633069082673
0 0.30322265625 0.06483578708946773 0.0283203125 0.02434881087202718
0 0.1611328125 0.022933182332955833 0.025390625 0.022083805209513026
0 0.52685546875 0.03284258210645527 0.0439453125 0.03397508493771235
0 0.66357421875 0.033408833522083806 0.0478515625 0.026047565118912798
0 0.6611328125 0.0557757644394111 0.0390625 0.03454133635334088
0 0.79541015625 0.03935447338618347 0.0341796875 0.02548131370328426
0 0.8623046875 0.04728199320498302 0.044921875 0.03454133635334088
0 0.7998046875 0.11098527746319367 0.046875 0.035107587768969425
0 0.5263671875 0.11240090600226502 0.072265625 0.0753114382785957
0 0.9580078125 0.36834654586636467 0.083984375 0.06738391845979616
0 0.98046875 0.02491506228765572 0.0390625 0.03737259343148358
0 0.8935546875 0.008776896942242356 0.03515625 0.016421291053227635
0 0.18896484375 0.07276330690826728 0.0302734375 0.02548131370328426
0 0.60009765625 0.07219705549263873 0.0380859375 0.03114382785956965
0 0.77197265625 0.13137032842582108 0.0341796875 0.04869762174405436
0 0.47021484375 0.03567383918459796 0.0322265625 0.023782559456398643
0 0.59765625 0.04869762174405436 0.0234375 0.01925254813137033
0 0.01416015625 0.09060022650056626 0.0244140625 0.03284258210645527
