0 0.1015625 0.43245227606461084 0.02734375 0.057268722466960346
0 0.19189453125 0.527165932452276 0.0419921875 0.0763582966226138
0 0.2392578125 0.5212922173274596 0.0234375 0.026431718061674006
0 0.24658203125 0.5323054331864904 0.0380859375 0.04845814977973568
0 0.275390625 0.5741556534508077 0.02734375 0.05873715124816446
0 0.357421875 0.49045521292217326 0.02734375 0.06461086637298091
0 0.337890625 0.4133627019089574 0.021484375 0.04552129221732746
0 0.486328125 0.4977973568281938 0.029296875 0.06461086637298091
0 0.197265625 0.3355359765051395 0.015625 0.024963289280469897
0 0.4228515625 0.32599118942731276 0.01171875 0.023494860499265784
0 0.59716796875 0.30249632892804695 0.0107421875 0.026431718061674006
0 0.84130859375 0.6211453744493391 0.0322265625 0.07929515418502202
0 0.96728515625 0.5462555066079294 0.0341796875 0.07342143906020558
0 0.64111328125 0.4331864904552129 0.0166015625 0.049926578560939794
0 0.7294921875 0.5301027900146843 0.033203125 0.041116005873715125
0 0.6494140625 0.3274596182085169 0.009765625 0.020558002936857563
0 0.7939453125 0.3516886930983847 0.013671875 0.02790014684287812
0 0.77978515625 0.31277533039647576 0.0087890625 0.020558002936857563
0 0.837890625 0.3582966226138032 0.013671875 0.026431718061674006
0 0.8994140625 0.3700440528634361 0.015625 0.02936857562408223
0 0.943359375 0.35462555066079293 0.017578125 0.02790014684287812
0 0.9658203125 0.34948604992657856 0.015625 0.02936857562408223
0 0.96923828125 0.38472834067547723 0.0185546875 0.032305433186490456
0 0.8154296875 0.3098384728340675 0.013671875 0.023494860499265784
0 0.3154296875 0.7327459618208516 0.04296875 0.09104258443465492
0 0.5 0.7672540381791483 0.0546875 0.10425844346549192
0 0.443359375 0.3186490455212922 0.009765625 0.020558002936857563
0 0.68310546875 0.3766519823788546 0.0166015625 0.01908957415565345
0 0.10986328125 0.6784140969162995 0.0419921875 0.08516886930983847
0 0.15185546875 0.36710719530102787 0.0126953125 0.017621145374449337
0 0.3662109375 0.33259911894273125 0.009765625 0.01908957415565345
0 0.39013671875 0.32819383259911894 0.0126953125 0.01908957415565345
0 0.470703125 0.3039647577092511 0.01171875 0.020558002936857563
0 0.45654296875 0.3406754772393539 0.0107421875 0.023494860499265784
0 0.48583984375 0.32819383259911894 0.0107421875 0.01908957415565345
0 0.4921875 0.3076358296622614 0.009765625 0.013215859030837003
0 0.50927734375 0.3054331864904552 0.0126953125 0.020558002936857563
0 0.51220703125 0.3450807635829662 0.0146484375 0.023494860499265784
0 0.49462890625 0.3751835535976505 0.0126953125 0.01908957415565345
0 0.53125 0.3135095447870778 0.009765625 0.01908957415565345
0 0.55615234375 0.35609397944199705 0.0107421875 0.01908957415565345
0 0.5400390625 0.33480176211453744 0.009765625 0.020558002936857563
0 0.56982421875 0.3223201174743025 0.0087890625 0.013215859030837003
0 0.56298828125 0.35462555066079293 0.0107421875 0.02202643171806167
0 0.5849609375 0.3333333333333333 0.009765625 0.017621145374449337
0 0.6005859375 0.3575624082232012 0.013671875 0.02202643171806167
0 0.62451171875 0.3509544787077827 0.0146484375 0.026431718061674006
0 0.63623046875 0.35903083700440525 0.0126953125 0.02202643171806167
0 0.6171875 0.33113069016152713 0.01171875 0.024963289280469897
0 0.62841796875 0.31791483113069013 0.0107421875 0.01908957415565345
0 0.6591796875 0.29441997063142433 0.009765625 0.01908957415565345
0 0.68310546875 0.3274596182085169 0.0107421875 0.023494860499265784
0 0.67333984375 0.355359765051395 0.0126953125 0.032305433186490456
0 0.67041015625 0.32819383259911894 0.0126953125 0.02202643171806167
0 0.55615234375 0.24963289280469897 0.0068359375 0.011747430249632892
0 0.5732421875 0.25036710719530103 0.005859375 0.010279001468428781
0 0.515625 0.2753303964757709 0.0078125 0.013215859030837003
0 0.71044921875 0.316446402349486 0.0087890625 0.01908957415565345
0 0.7216796875 0.31130690161527164 0.009765625 0.017621145374449337
0 0.74853515625 0.3186490455212922 0.0126953125 0.026431718061674006
0 0.76318359375 0.3399412628487518 0.0146484375 0.02202643171806167
0 0.78125 0.3575624082232012 0.015625 0.02790014684287812
0 0.81787109375 0.35389133627019087 0.0146484375 0.026431718061674006
0 0.87109375 0.3531571218795888 0.013671875 0.02202643171806167
0 0.900390625 0.3186490455212922 0.013671875 0.023494860499265784
0 0.9130859375 0.33039647577092507 0.017578125 0.02936857562408223
0 0.796875 0.2555066079295154 0.005859375 0.008810572687224669
0 0.91015625 0.25844346549192365 0.005859375 0.008810572687224669
0 0.9189453125 0.27606461086637296 0.009765625 0.017621145374449337
0 0.0078125 0.513215859030837 0.015625 0.05433186490455213
