0 0.58984375 0.3004032258064516 0.048828125 0.10349462365591398
0 0.6689453125 0.35147849462365593 0.01953125 0.03091397849462366
0 0.0478515625 0.14180107526881722 0.01953125 0.03360215053763441
0 0.02490234375 0.19690860215053765 0.0146484375 0.03091397849462366
0 0.04638671875 0.2963709677419355 0.0185546875 0.03091397849462366
0 0.0615234375 0.31518817204301075 0.021484375 0.03360215053763441
0 0.095703125 0.26545698924731187 0.01953125 0.03091397849462366
0 0.0703125 0.2459677419354839 0.01953125 0.02688172043010753
0 0.08154296875 0.2002688172043011 0.0185546875 0.02956989247311828
0 0.1318359375 0.14650537634408603 0.015625 0.02688172043010753
0 0.14892578125 0.16733870967741937 0.0166015625 0.028225806451612906
0 0.17333984375 0.23051075268817206 0.0166015625 0.0228494623655914
0 0.29052734375 0.2594086021505377 0.0185546875 0.02956989247311828
0 0.3173828125 0.415994623655914 0.01953125 0.03360215053763441
0 0.29833984375 0.41935483870967744 0.0146484375 0.03494623655913979
0 0.373046875 0.4045698924731183 0.021484375 0.03494623655913979
0 0.52099609375 0.3252688172043011 0.0166015625 0.03494623655913979
0 0.94140625 0.38037634408602156 0.017578125 0.024193548387096777
0 0.947265625 0.2842741935483871 0.017578125 0.03091397849462366
0 0.98681640625 0.2513440860215054 0.0146484375 0.02688172043010753
0 0.81103515625 0.22043010752688175 0.0185546875 0.02688172043010753
0 0.79052734375 0.27755376344086025 0.0185546875 0.028225806451612906
0 0.76220703125 0.35013440860215056 0.0166015625 0.028225806451612906
0 0.740234375 0.33870967741935487 0.01171875 0.024193548387096777
0 0.74462890625 0.2862903225806452 0.0146484375 0.024193548387096777
0 0.7607421875 0.22983870967741937 0.013671875 0.024193548387096777
0 0.64306640625 0.06115591397849463 0.0146484375 0.028225806451612906
0 0.73095703125 0.04973118279569893 0.0166015625 0.024193548387096777
0 0.755859375 0.05309139784946237 0.01171875 0.03091397849462366
0 0.025390625 0.1532258064516129 0.013671875 0.02688172043010753
0 0.17578125 0.2735215053763441 0.017578125 0.025537634408602152
0 0.248046875 0.26545698924731187 0.029296875 0.08467741935483872
0 0.71484375 0.012096774193548388 0.015625 0.021505376344086023
0 0.82763671875 0.010080645161290324 0.0146484375 0.020161290322580648
0 0.8251953125 0.03494623655913979 0.013671875 0.021505376344086023
0 0.9560546875 0.4112903225806452 0.017578125 0.024193548387096777
