0 0.12060546875 0.2181044957472661 0.0458984375 0.0741190765492102
0 0.12744140625 0.42162818955042525 0.0458984375 0.07776427703523693
0 0.349609375 0.6287970838396111 0.052734375 0.08383961117861481
0 0.34619140625 0.39975698663426484 0.0439453125 0.07776427703523693
0 0.30224609375 0.20291616038882138 0.0439453125 0.07533414337788577
0 0.46142578125 0.18104495747266097 0.0439453125 0.07533414337788577
0 0.60986328125 0.1859052247873633 0.0419921875 0.07533414337788577
0 0.5703125 0.405224787363305 0.041015625 0.0789793438639125
0 0.56396484375 0.600243013365735 0.0478515625 0.09234507897934385
0 0.75537109375 0.402187120291616 0.0439453125 0.08019441069258809
0 0.78076171875 0.19501822600243013 0.0458984375 0.08383961117861481
