0 0.48388671875 0.5557795698924731 0.0205078125 0.036290322580645164
0 0.42626953125 0.5396505376344086 0.0205078125 0.036290322580645164
0 0.11328125 0.5275537634408602 0.0234375 0.036290322580645164
0 0.1435546875 0.726478494623656 0.009765625 0.012096774193548388
0 0.0576171875 0.6787634408602151 0.009765625 0.016129032258064516
0 0.0380859375 0.7244623655913979 0.009765625 0.013440860215053765
0 0.6474609375 0.7452956989247312 0.005859375 0.009408602150537635
0 0.61767578125 0.717741935483871 0.0068359375 0.010752688172043012
0 0.5888671875 0.6706989247311829 0.009765625 0.016129032258064516
0 0.56005859375 0.7426075268817205 0.0068359375 0.012096774193548388
0 0.54443359375 0.7405913978494624 0.0068359375 0.010752688172043012
0 0.5771484375 0.7412634408602151 0.005859375 0.009408602150537635
0 0.931640625 0.7002688172043011 0.005859375 0.010752688172043012
0 0.7646484375 0.40860215053763443 0.017578125 0.03763440860215054
0 0.3955078125 0.7305107526881721 0.0078125 0.009408602150537635
0 0.36328125 0.6975806451612904 0.005859375 0.010752688172043012
0 0.52685546875 0.7419354838709677 0.0068359375 0.013440860215053765
0 0.6669921875 0.745967741935484 0.005859375 0.008064516129032258
0 0.71337890625 0.7466397849462366 0.0048828125 0.006720430107526883
0 0.7265625 0.745967741935484 0.005859375 0.008064516129032258
0 0.9521484375 0.7063172043010754 0.005859375 0.009408602150537635
