0 0.94140625 0.019965277777777776 0.017578125 0.03298611111111111
0 0.896484375 0.04513888888888889 0.013671875 0.041666666666666664
0 0.9091796875 0.06597222222222222 0.017578125 0.03819444444444444
0 0.91650390625 0.17881944444444445 0.0205078125 0.05555555555555555
0 0.98974609375 0.17881944444444445 0.0146484375 0.04513888888888889
0 0.96142578125 0.3767361111111111 0.0244140625 0.05555555555555555
0 0.84326171875 0.012152777777777776 0.0166015625 0.024305555555555552
0 0.84912109375 0.14583333333333331 0.0185546875 0.03819444444444444
0 0.79443359375 0.07725694444444443 0.0166015625 0.03993055555555555
0 0.814453125 0.06076388888888889 0.01171875 0.03125
0 0.82861328125 0.21527777777777776 0.0185546875 0.04513888888888889
0 0.77783203125 0.2586805555555555 0.0166015625 0.05208333333333333
0 0.75830078125 0.2534722222222222 0.0185546875 0.059027777777777776
0 0.7412109375 0.22135416666666666 0.017578125 0.046875
0 0.76123046875 0.13975694444444445 0.0166015625 0.046875
0 0.73046875 0.07118055555555555 0.015625 0.041666666666666664
0 0.673828125 0.02690972222222222 0.017578125 0.03645833333333333
0 0.6884765625 0.16059027777777776 0.01953125 0.03993055555555555
0 0.63427734375 0.078125 0.0166015625 0.048611111111111105
0 0.65234375 0.1831597222222222 0.01953125 0.03993055555555555
0 0.58447265625 0.3810763888888889 0.0224609375 0.05381944444444444
0 0.5908203125 0.13368055555555555 0.017578125 0.05555555555555555
0 0.60107421875 0.09201388888888888 0.0166015625 0.034722222222222224
0 0.5546875 0.049479166666666664 0.01953125 0.046875
0 0.56884765625 0.19444444444444442 0.0185546875 0.041666666666666664
0 0.5419921875 0.19270833333333331 0.01953125 0.041666666666666664
0 0.5009765625 0.18836805555555555 0.021484375 0.05034722222222222
0 0.51806640625 0.2595486111111111 0.0224609375 0.05034722222222222
0 0.4755859375 0.23263888888888887 0.021484375 0.04513888888888889
0 0.44921875 0.18489583333333331 0.056640625 0.0642361111111111
0 0.78173828125 0.40104166666666663 0.0205078125 0.05208333333333333
0 0.63525390625 0.45920138888888884 0.0458984375 0.078125
0 0.51025390625 0.0234375 0.0185546875 0.043402777777777776
0 0.02197265625 0.203125 0.0166015625 0.04513888888888889
0 0.064453125 0.20572916666666666 0.017578125 0.046875
0 0.09912109375 0.2222222222222222 0.0166015625 0.041666666666666664
0 0.12060546875 0.2586805555555555 0.0146484375 0.03125
0 0.15673828125 0.21788194444444442 0.0166015625 0.03645833333333333
0 0.15380859375 0.27604166666666663 0.0166015625 0.04513888888888889
0 0.18310546875 0.4071180555555555 0.0205078125 0.05381944444444444
