0 0.107421875 0.25 0.044921875 0.0935672514619883
0 0.20458984375 0.2149122807017544 0.0458984375 0.08771929824561403
0 0.28369140625 0.24415204678362573 0.0439453125 0.08771929824561403
0 0.30126953125 0.1644736842105263 0.0380859375 0.08333333333333333
0 0.3955078125 0.24269005847953215 0.04296875 0.09064327485380116
0 0.3984375 0.1557017543859649 0.03515625 0.0804093567251462
0 0.4326171875 0.1732456140350877 0.02734375 0.07163742690058479
0 0.5087890625 0.13011695906432746 0.041015625 0.07894736842105263
0 0.509765625 0.22002923976608185 0.044921875 0.09210526315789473
0 0.59375 0.10453216374269006 0.033203125 0.07748538011695906
0 0.62939453125 0.16228070175438597 0.0419921875 0.0847953216374269
0 0.63134765625 0.27558479532163743 0.0439453125 0.09502923976608187
0 0.689453125 0.17543859649122806 0.041015625 0.08187134502923976
0 0.74853515625 0.22076023391812866 0.0439453125 0.09941520467836257
0 0.75146484375 0.26023391812865493 0.0009765625 0.011695906432748537
0 0.86376953125 0.1995614035087719 0.0517578125 0.10380116959064327
