0 0.10302734375 0.7234748010610079 0.0380859375 0.05702917771883289
0 0.0947265625 0.6259946949602122 0.033203125 0.0663129973474801
0 0.23681640625 0.4423076923076923 0.0087890625 0.014588859416445622
0 0.283203125 0.4986737400530504 0.009765625 0.021220159151193633
0 0.18896484375 0.42241379310344823 0.0087890625 0.014588859416445622
0 0.03271484375 0.366710875331565 0.0087890625 0.011936339522546418
0 0.1640625 0.41909814323607425 0.01171875 0.01326259946949602
0 0.87060546875 0.366710875331565 0.0068359375 0.011936339522546418
0 0.982421875 0.36007957559681697 0.005859375 0.011936339522546418
0 0.97265625 0.34416445623342173 0.005859375 0.009283819628647215
0 0.07275390625 0.49668435013262596 0.0146484375 0.03315649867374005
0 0.1845703125 0.5510610079575596 0.015625 0.03315649867374005
0 0.22705078125 0.5842175066312997 0.0146484375 0.027851458885941642
0 0.10595703125 0.42440318302387264 0.0107421875 0.01856763925729443
0 0.0859375 0.403183023872679 0.01171875 0.021220159151193633
0 0.18798828125 0.47214854111405835 0.0107421875 0.02652519893899204
0 0.2373046875 0.5039787798408488 0.01171875 0.023872679045092837
0 0.78662109375 0.3647214854111406 0.0068359375 0.01326259946949602
0 0.05224609375 0.5656498673740052 0.0205078125 0.04111405835543766
0 0.140625 0.41976127320954904 0.01171875 0.01989389920424403
0 0.28271484375 0.6631299734748011 0.0166015625 0.03713527851458886
0 0.4306640625 0.6790450928381963 0.015625 0.021220159151193633
