0 0.57861328125 0.052442996742671014 0.0263671875 0.0241042345276873
0 0.6787109375 0.025407166123778503 0.021484375 0.018241042345276876
0 0.69873046875 0.043973941368078175 0.0283203125 0.020195439739413682
0 0.6259765625 0.12084690553745929 0.021484375 0.018892508143322478
0 0.53271484375 0.06579804560260587 0.0263671875 0.02214983713355049
0 0.55224609375 0.028990228013029317 0.0263671875 0.020195439739413682
0 0.4560546875 0.05863192182410424 0.029296875 0.023452768729641693
0 0.46142578125 0.035830618892508145 0.0224609375 0.02214983713355049
0 0.4501953125 0.016286644951140065 0.01953125 0.018241042345276876
0 0.35791015625 0.01205211726384365 0.0302734375 0.020195439739413682
0 0.37060546875 0.07100977198697069 0.0283203125 0.020846905537459284
0 0.2861328125 0.04755700325732899 0.0234375 0.020846905537459284
0 0.25732421875 0.05928338762214984 0.0302734375 0.023452768729641693
0 0.2783203125 0.014006514657980456 0.02734375 0.0241042345276873
0 0.1708984375 0.030618892508143324 0.02734375 0.023452768729641693
0 0.064453125 0.028664495114006518 0.03125 0.02214983713355049
0 0.037109375 0.0752442996742671 0.0234375 0.014983713355048861
0 0.12353515625 0.08892508143322476 0.0224609375 0.01758957654723127
0 0.07470703125 0.01237785016286645 0.0224609375 0.018241042345276876
0 0.88720703125 0.41498371335504886 0.0322265625 0.026058631921824105
0 0.90869140625 0.3482084690553746 0.0341796875 0.028013029315960912
0 0.78369140625 0.3732899022801303 0.0302734375 0.026058631921824105
0 0.71826171875 0.36188925081433226 0.0302734375 0.026710097719869708
0 0.607421875 0.35146579804560263 0.033203125 0.025407166123778503
0 0.9814453125 0.4420195439739414 0.029296875 0.026710097719869708
0 0.66796875 0.48697068403908794 0.033203125 0.030618892508143324
0 0.0400390625 0.2563517915309446 0.03515625 0.052768729641693816
0 0.32421875 0.42931596091205215 0.03125 0.02214983713355049
