0 0.86083984375 0.24695407685098408 0.0419921875 0.051546391752577324
0 0.97998046875 0.2839737582005623 0.0380859375 0.04873477038425492
0 0.74560546875 0.2338331771321462 0.0400390625 0.06466729147141519
0 0.59912109375 0.24039362699156513 0.0693359375 0.09278350515463918
0 0.46044921875 0.2802249297094658 0.0654296875 0.09372071227741331
0 0.20263671875 0.2731958762886598 0.0576171875 0.05529522024367385
0 0.095703125 0.4165885660731022 0.013671875 0.015932521087160263
0 0.0810546875 0.39971883786316775 0.01171875 0.014058106841611996
0 0.05078125 0.4198687910028116 0.01171875 0.01499531396438613
0 0.0068359375 0.4119025304592315 0.013671875 0.019681349578256794
0 0.28466796875 0.40440487347703846 0.0126953125 0.014058106841611996
0 0.28857421875 0.3041237113402062 0.0087890625 0.008434864104967198
0 0.283203125 0.3669165885660731 0.01171875 0.01218369259606373
0 0.08349609375 0.37347703842549207 0.0126953125 0.01218369259606373
