0 0.41650390625 0.24136807817589578 0.0595703125 0.03713355048859935
0 0.17578125 0.5589576547231271 0.0234375 0.020846905537459284
0 0.060546875 0.6368078175895766 0.015625 0.016286644951140065
0 0.310546875 0.6195439739413681 0.01171875 0.011726384364820847
0 0.265625 0.6061889250814333 0.01171875 0.01237785016286645
0 0.06884765625 0.5863192182410424 0.0126953125 0.010423452768729642
0 0.10205078125 0.5684039087947883 0.0146484375 0.01237785016286645
0 0.75 0.23517915309446255 0.0625 0.03648208469055375
0 0.79248046875 0.6267100977198697 0.0087890625 0.009120521172638438
0 0.83740234375 0.6247557003257329 0.0107421875 0.009120521172638438
0 0.00390625 0.6214983713355049 0.0078125 0.014332247557003259
0 0.025390625 0.6403908794788273 0.01953125 0.014332247557003259
0 0.04248046875 0.6228013029315961 0.0126953125 0.010423452768729642
0 0.04345703125 0.5602605863192183 0.0146484375 0.014332247557003259
0 0.05517578125 0.5355048859934853 0.0126953125 0.011726384364820847
0 0.0322265625 0.5257328990228013 0.015625 0.011726384364820847
0 0.10546875 0.5241042345276873 0.013671875 0.00977198697068404
0 0.14013671875 0.5364820846905538 0.0126953125 0.011074918566775244
0 0.1376953125 0.5749185667752443 0.01171875 0.011074918566775244
0 0.18115234375 0.5364820846905538 0.0126953125 0.00977198697068404
0 0.1904296875 0.5570032573289903 0.01171875 0.011726384364820847
0 0.2119140625 0.5657980456026059 0.013671875 0.011074918566775244
0 0.23046875 0.5677524429967427 0.01171875 0.01237785016286645
0 0.22216796875 0.5449511400651466 0.0107421875 0.008469055374592834
0 0.20654296875 0.5488599348534202 0.0126953125 0.008469055374592834
0 0.2421875 0.5381107491856678 0.009765625 0.009120521172638438
0 0.26171875 0.5446254071661238 0.01171875 0.007817589576547232
0 0.2294921875 0.5433224755700325 0.0078125 0.007817589576547232
0 0.26220703125 0.5671009771986971 0.0126953125 0.011074918566775244
0 0.275390625 0.5680781758957655 0.009765625 0.009120521172638438
0 0.2939453125 0.5710097719869707 0.013671875 0.00977198697068404
0 0.271484375 0.5420195439739414 0.0078125 0.010423452768729642
0 0.2900390625 0.547557003257329 0.009765625 0.007166123778501629
0 0.201171875 0.539413680781759 0.013671875 0.007817589576547232
0 0.3203125 0.5680781758957655 0.009765625 0.007817589576547232
0 0.3271484375 0.569055374592834 0.009765625 0.00977198697068404
0 0.337890625 0.5710097719869707 0.009765625 0.00977198697068404
0 0.3671875 0.6 0.015625 0.011726384364820847
0 0.3720703125 0.5843648208469056 0.017578125 0.013029315960912053
0 0.4248046875 0.6276872964169381 0.015625 0.011074918566775244
0 0.43505859375 0.6335504885993486 0.0146484375 0.011074918566775244
0 0.87548828125 0.6280130293159609 0.0107421875 0.010423452768729642
