0 0.87353515625 0.1768707482993197 0.0283203125 0.024489795918367346
0 0.85205078125 0.16802721088435374 0.0185546875 0.02040816326530612
0 0.70556640625 0.17346938775510204 0.0283203125 0.02312925170068027
0 0.67578125 0.17346938775510204 0.009765625 0.008163265306122448
0 0.94091796875 0.17346938775510204 0.0068359375 0.005442176870748299
0 0.9765625 0.16666666666666666 0.009765625 0.008163265306122448
0 0.7109375 0.27653061224489794 0.029296875 0.027891156462585033
0 0.30322265625 0.22993197278911562 0.0400390625 0.03265306122448979
0 0.2431640625 0.18741496598639454 0.01953125 0.017006802721088433
0 0.20947265625 0.1880952380952381 0.0185546875 0.01564625850340136
0 0.18212890625 0.2030612244897959 0.0166015625 0.01564625850340136
0 0.1416015625 0.19795918367346937 0.01953125 0.014965986394557823
0 0.07568359375 0.18333333333333332 0.0185546875 0.014285714285714285
0 0.04833984375 0.195578231292517 0.0166015625 0.01292517006802721
0 0.0302734375 0.20986394557823126 0.015625 0.014285714285714285
0 0.0244140625 0.191156462585034 0.013671875 0.012244897959183673
0 0.12646484375 0.20816326530612245 0.0126953125 0.010884353741496598
0 0.283203125 0.19387755102040816 0.015625 0.016326530612244896
0 0.3037109375 0.191156462585034 0.01953125 0.014965986394557823
0 0.33984375 0.17312925170068025 0.01953125 0.017006802721088433
0 0.26708984375 0.18197278911564624 0.0146484375 0.01292517006802721
