0 0.68994140625 0.12242990654205609 0.0224609375 0.024299065420560748
0 0.7685546875 0.12180685358255453 0.025390625 0.020560747663551402
0 0.306640625 0.04423676012461059 0.03515625 0.026168224299065422
0 0.55810546875 0.03364485981308411 0.0322265625 0.026168224299065422
0 0.3779296875 0.11433021806853583 0.048828125 0.07414330218068536
0 0.29443359375 0.1884735202492212 0.0771484375 0.09034267912772587
0 0.21533203125 0.1280373831775701 0.0244140625 0.020560747663551402
0 0.10205078125 0.13582554517133957 0.0224609375 0.022429906542056077
0 0.10400390625 0.18348909657320872 0.0302734375 0.02928348909657321
0 0.11474609375 0.3133956386292835 0.0654296875 0.05482866043613707
0 0.68115234375 0.17975077881619939 0.0732421875 0.07663551401869159
0 0.876953125 0.2672897196261682 0.029296875 0.024922118380062308
0 0.90234375 0.3202492211838006 0.033203125 0.026168224299065422
0 0.8525390625 0.3769470404984424 0.033203125 0.029906542056074768
0 0.912109375 0.42897196261682247 0.03515625 0.01806853582554517
0 0.787109375 0.21152647975077882 0.03125 0.03177570093457944
0 0.67529296875 0.07165109034267914 0.0302734375 0.027414330218068536
0 0.779296875 0.07476635514018692 0.033203125 0.024922118380062308
0 0.89453125 0.07258566978193147 0.02734375 0.020560747663551402
0 0.0107421875 0.18006230529595016 0.01953125 0.024922118380062308
0 0.01513671875 0.07663551401869159 0.0244140625 0.019937694704049845
0 0.12109375 0.023364485981308414 0.029296875 0.023052959501557634
0 0.95849609375 0.3682242990654206 0.0341796875 0.028660436137071654
0 0.9853515625 0.335202492211838 0.029296875 0.029906542056074768
0 0.94482421875 0.31308411214953275 0.0322265625 0.028037383177570093
0 0.9677734375 0.28473520249221185 0.03515625 0.03115264797507788
0 0.90966796875 0.1735202492211838 0.0361328125 0.028037383177570093
0 0.9169921875 0.6504672897196262 0.04296875 0.03738317757009346
0 0.9521484375 0.5816199376947041 0.048828125 0.04797507788161994
0 0.90283203125 0.5856697819314642 0.0400390625 0.032398753894081
0 0.9755859375 0.49657320872274147 0.048828125 0.041121495327102804
0 0.00927734375 0.12554517133956386 0.0185546875 0.01806853582554517
0 0.10888671875 0.2644859813084112 0.0361328125 0.028037383177570093
0 0.435546875 0.038940809968847356 0.037109375 0.02679127725856698
0 0.68505859375 0.02367601246105919 0.0302734375 0.02118380062305296
0 0.23046875 0.03644859813084112 0.025390625 0.02180685358255452
