0 0.5361328125 0.2660277594183741 0.072265625 0.058823529411764705
0 0.22021484375 0.33443489755452743 0.0693359375 0.051553205551883675
0 0.7685546875 0.5558493060145406 0.068359375 0.058162590879048244
0 0.38720703125 0.8175809649702577 0.0185546875 0.015862524785194974
0 0.42822265625 0.8228684732319894 0.0166015625 0.014540647719762061
0 0.3388671875 0.8103106411103767 0.017578125 0.015862524785194974
0 0.4462890625 0.7937871777924652 0.017578125 0.014540647719762061
0 0.49072265625 0.8182419035029742 0.0205078125 0.01718440185062789
0 0.46337890625 0.8245208195637805 0.0166015625 0.015201586252478519
0 0.50341796875 0.8770654329147389 0.0224609375 0.01982815598149372
0 0.63623046875 0.8668208856576338 0.0224609375 0.017845340383344347
0 0.95751953125 0.8013879709187045 0.0224609375 0.020489094514210177
0 0.92138671875 0.8020489094514209 0.0205078125 0.016523463317911432
0 0.92529296875 0.7808988764044943 0.0263671875 0.017845340383344347
0 0.92626953125 0.735624586913417 0.0166015625 0.015862524785194974
0 0.9453125 0.7614011896893589 0.015625 0.013218770654329148
