0 0.27490234375 0.22296296296296295 0.1064453125 0.17925925925925926
0 0.43359375 0.2162962962962963 0.09375 0.2074074074074074
0 0.58544921875 0.26666666666666666 0.0908203125 0.16296296296296295
0 0.74560546875 0.3118518518518518 0.1025390625 0.17037037037037037
0 0.86865234375 0.23851851851851852 0.0263671875 0.05333333333333333
0 0.96240234375 0.3674074074074074 0.0302734375 0.05333333333333333
0 0.08837890625 0.2740740740740741 0.0107421875 0.02074074074074074
0 0.10400390625 0.35407407407407404 0.0146484375 0.026666666666666665
0 0.076171875 0.36592592592592593 0.01953125 0.038518518518518514
0 0.0087890625 0.4096296296296296 0.017578125 0.06666666666666667
0 0.10595703125 0.1688888888888889 0.0107421875 0.017777777777777778
0 0.07177734375 0.1496296296296296 0.0087890625 0.014814814814814814
0 0.0205078125 0.14444444444444443 0.0078125 0.013333333333333332
0 0.05322265625 0.21259259259259258 0.0087890625 0.016296296296296295
0 0.193359375 0.23037037037037036 0.009765625 0.016296296296296295
0 0.16650390625 0.1985185185185185 0.0087890625 0.017777777777777778
0 0.34912109375 0.21925925925925924 0.0068359375 0.011851851851851851
0 0.3349609375 0.14518518518518517 0.005859375 0.011851851851851851
0 0.32763671875 0.29333333333333333 0.0087890625 0.017777777777777778
0 0.3671875 0.32740740740740737 0.015625 0.023703703703703703
0 0.83349609375 0.17185185185185184 0.0087890625 0.014814814814814814
0 0.89794921875 0.1711111111111111 0.0087890625 0.016296296296296295
0 0.3662109375 0.22148148148148147 0.0078125 0.013333333333333332
0 0.607421875 0.09555555555555555 0.0078125 0.013333333333333332
0 0.62744140625 0.0962962962962963 0.0068359375 0.011851851851851851
0 0.48828125 0.11703703703703704 0.009765625 0.017777777777777778
0 0.7587890625 0.07407407407407407 0.005859375 0.008888888888888889
0 0.77490234375 0.07037037037037036 0.0048828125 0.01037037037037037
0 0.17529296875 0.15333333333333332 0.0068359375 0.013333333333333332
