0 0.32763671875 0.30000000000000004 0.0244140625 0.05625
0 0.42724609375 0.33359375 0.0263671875 0.0578125
0 0.5322265625 0.30703125000000003 0.025390625 0.060937500000000006
0 0.64892578125 0.24531250000000002 0.0244140625 0.059375000000000004
0 0.71142578125 0.36562500000000003 0.0224609375 0.059375000000000004
0 0.0341796875 0.40703125 0.013671875 0.0234375
0 0.14208984375 0.38203125000000004 0.0126953125 0.026562500000000003
0 0.1904296875 0.45625000000000004 0.013671875 0.03125
0 0.2841796875 0.43515625 0.01953125 0.051562500000000004
0 0.69189453125 0.28671875 0.0185546875 0.0328125
0 0.91650390625 0.25546875 0.0166015625 0.035937500000000004
0 0.97412109375 0.28359375000000003 0.0166015625 0.035937500000000004
0 0.82373046875 0.38828125 0.0185546875 0.0203125
