0 0.02587890625 0.6442873969375735 0.0087890625 0.016489988221436984
0 0.0751953125 0.6425206124852767 0.009765625 0.015312131919905771
0 0.083984375 0.6749116607773851 0.013671875 0.02355712603062426
0 0.11962890625 0.5906949352179034 0.0166015625 0.029446407538280327
0 0.0498046875 0.6007067137809187 0.0078125 0.009422850412249705
0 0.07861328125 0.6018845700824499 0.0068359375 0.01177856301531213
0 0.19482421875 0.6030624263839811 0.0068359375 0.01177856301531213
0 0.2236328125 0.6001177856301531 0.005859375 0.010600706713780918
0 0.23876953125 0.5853945818610129 0.0068359375 0.009422850412249705
0 0.18505859375 0.64075382803298 0.0107421875 0.016489988221436984
0 0.23583984375 0.6401648998822144 0.0087890625 0.012956419316843343
0 0.17529296875 0.6737338044758538 0.0107421875 0.016489988221436984
0 0.2138671875 0.6760895170789163 0.009765625 0.016489988221436984
0 0.1669921875 0.5753828032979976 0.0078125 0.010600706713780918
0 0.13671875 0.5700824499411071 0.005859375 0.01177856301531213
0 0.26220703125 0.6012956419316843 0.0068359375 0.010600706713780918
0 0.341796875 0.6472320376914016 0.0078125 0.012956419316843343
0 0.4423828125 0.6360424028268551 0.005859375 0.009422850412249705
0 0.470703125 0.6425206124852767 0.0078125 0.010600706713780918
0 0.50048828125 0.6507656065959952 0.0068359375 0.010600706713780918
0 0.51318359375 0.6366313309776207 0.0068359375 0.010600706713780918
0 0.494140625 0.6401648998822144 0.005859375 0.008244994110718492
0 0.48193359375 0.6083627797408716 0.0068359375 0.008244994110718492
0 0.509765625 0.6095406360424028 0.005859375 0.008244994110718492
0 0.85107421875 0.6454652532391048 0.0068359375 0.009422850412249705
0 0.349609375 0.4658421672555948 0.03125 0.041224970553592456
0 0.42041015625 0.5176678445229682 0.0263671875 0.038869257950530034
0 0.59228515625 0.2868080094228504 0.0302734375 0.04829210836277974
0 0.7197265625 0.37514723203769135 0.029296875 0.05771495877502944
0 0.8037109375 0.27679623085983507 0.037109375 0.061248527679623084
0 0.0166015625 0.5918727915194346 0.0078125 0.012956419316843343
0 0.04150390625 0.5830388692579505 0.0068359375 0.009422850412249705
0 0.05712890625 0.5512367491166077 0.0087890625 0.01177856301531213
0 0.1708984375 0.6071849234393404 0.0078125 0.010600706713780918
0 0.10693359375 0.5294464075382803 0.0068359375 0.012956419316843343
0 0.078125 0.5565371024734982 0.005859375 0.010600706713780918
0 0.03125 0.5282685512367491 0.005859375 0.010600706713780918
0 0.05810546875 0.5865724381625441 0.0087890625 0.01177856301531213
0 0.07177734375 0.5706713780918727 0.0068359375 0.010600706713780918
0 0.02490234375 0.574793875147232 0.0087890625 0.01177856301531213
0 0.0068359375 0.5259128386336867 0.005859375 0.010600706713780918
0 0.03076171875 0.5565371024734982 0.0087890625 0.012956419316843343
0 0.08984375 0.5871613663133097 0.0078125 0.010600706713780918
0 0.21044921875 0.5636042402826855 0.0068359375 0.010600706713780918
0 0.21728515625 0.5753828032979976 0.0068359375 0.010600706713780918
0 0.20263671875 0.5771495877502945 0.0068359375 0.009422850412249705
0 0.20458984375 0.591283863368669 0.0068359375 0.009422850412249705
0 0.0087890625 0.6702002355712603 0.01171875 0.02355712603062426
0 0.01904296875 0.4570082449941107 0.0068359375 0.009422850412249705
0 0.029296875 0.46407538280329796 0.0078125 0.01177856301531213
0 0.01318359375 0.4852767962308598 0.0068359375 0.009422850412249705
0 0.021484375 0.47585394581861007 0.0078125 0.009422850412249705
0 0.013671875 0.5005889281507656 0.005859375 0.009422850412249705
0 0.013671875 0.5147232037691402 0.0078125 0.009422850412249705
0 0.04150390625 0.48822143698468784 0.0068359375 0.008244994110718492
0 0.03857421875 0.5076560659599528 0.0068359375 0.009422850412249705
0 0.0361328125 0.5170789163722026 0.0078125 0.009422850412249705
0 0.0517578125 0.5035335689045936 0.005859375 0.010600706713780918
0 0.0615234375 0.49293286219081267 0.005859375 0.010600706713780918
0 0.07275390625 0.49234393404004706 0.0048828125 0.009422850412249705
0 0.04736328125 0.47173144876325085 0.0068359375 0.008244994110718492
0 0.052734375 0.46289752650176674 0.005859375 0.009422850412249705
0 0.0693359375 0.4752650176678445 0.0078125 0.010600706713780918
0 0.06103515625 0.5371024734982331 0.0068359375 0.009422850412249705
0 0.0615234375 0.5276796230859835 0.005859375 0.007067137809187279
0 0.06640625 0.525323910482921 0.005859375 0.009422850412249705
0 0.07275390625 0.5176678445229682 0.0068359375 0.010600706713780918
0 0.09033203125 0.5035335689045936 0.0068359375 0.010600706713780918
0 0.091796875 0.5212014134275618 0.0078125 0.010600706713780918
0 0.08203125 0.5288574793875147 0.005859375 0.007067137809187279
0 0.08544921875 0.5424028268551236 0.0068359375 0.010600706713780918
0 0.08642578125 0.5700824499411071 0.0068359375 0.009422850412249705
0 0.1064453125 0.5577149587750294 0.005859375 0.010600706713780918
0 0.11328125 0.5453474676089517 0.005859375 0.009422850412249705
0 0.119140625 0.5706713780918727 0.0078125 0.010600706713780918
0 0.12451171875 0.5312131919905771 0.0068359375 0.009422850412249705
0 0.1240234375 0.5194346289752649 0.005859375 0.009422850412249705
0 0.11572265625 0.5111896348645465 0.0068359375 0.007067137809187279
0 0.11181640625 0.4988221436984687 0.0048828125 0.008244994110718492
0 0.11181640625 0.486454652532391 0.0048828125 0.007067137809187279
0 0.09765625 0.4829210836277974 0.005859375 0.009422850412249705
0 0.09521484375 0.46289752650176674 0.0048828125 0.007067137809187279
0 0.11572265625 0.467020023557126 0.0048828125 0.008244994110718492
0 0.1328125 0.4782096584216725 0.005859375 0.007067137809187279
0 0.13671875 0.4952885747938751 0.005859375 0.010600706713780918
0 0.13427734375 0.5094228504122497 0.0068359375 0.012956419316843343
0 0.13525390625 0.5270906949352179 0.0068359375 0.010600706713780918
0 0.1494140625 0.5029446407538279 0.005859375 0.009422850412249705
0 0.14990234375 0.5300353356890459 0.0048828125 0.01177856301531213
0 0.1484375 0.5477031802120141 0.0078125 0.01177856301531213
0 0.1494140625 0.5606595995288575 0.0078125 0.009422850412249705
0 0.1455078125 0.5877502944640753 0.0078125 0.01177856301531213
0 0.17529296875 0.5771495877502945 0.0068359375 0.01177856301531213
0 0.17919921875 0.5683156654888103 0.0068359375 0.010600706713780918
0 0.16748046875 0.5500588928150765 0.0068359375 0.009422850412249705
0 0.16796875 0.5376914016489988 0.0078125 0.010600706713780918
0 0.17333984375 0.5288574793875147 0.0048828125 0.009422850412249705
0 0.18408203125 0.5359246171967019 0.0068359375 0.01177856301531213
0 0.1884765625 0.5594817432273262 0.005859375 0.009422850412249705
0 0.193359375 0.5506478209658421 0.005859375 0.008244994110718492
0 0.20166015625 0.5335689045936395 0.0068359375 0.01177856301531213
0 0.212890625 0.5235571260306242 0.0078125 0.010600706713780918
0 0.22216796875 0.5359246171967019 0.0068359375 0.009422850412249705
0 0.23193359375 0.5270906949352179 0.0068359375 0.010600706713780918
0 0.240234375 0.5435806831566549 0.005859375 0.010600706713780918
0 0.240234375 0.5206124852767962 0.005859375 0.009422850412249705
0 0.22900390625 0.5070671378091872 0.0068359375 0.010600706713780918
0 0.2158203125 0.5135453474676089 0.0078125 0.009422850412249705
0 0.2265625 0.5159010600706714 0.0078125 0.009422850412249705
0 0.19970703125 0.49646643109540634 0.0048828125 0.008244994110718492
0 0.21044921875 0.5047114252061248 0.0048828125 0.005889281507656065
0 0.22802734375 0.486454652532391 0.0068359375 0.009422850412249705
0 0.18701171875 0.4652532391048292 0.0048828125 0.007067137809187279
0 0.13232421875 0.43757361601884565 0.0048828125 0.005889281507656065
0 0.1416015625 0.431095406360424 0.00390625 0.007067137809187279
0 0.15087890625 0.4405182567726737 0.0048828125 0.007067137809187279
0 0.166015625 0.44287396937573614 0.005859375 0.007067137809187279
0 0.20361328125 0.44405182567726736 0.0048828125 0.007067137809187279
0 0.23046875 0.4570082449941107 0.005859375 0.007067137809187279
0 0.16552734375 0.469964664310954 0.0048828125 0.009422850412249705
0 0.14990234375 0.48939929328621906 0.0048828125 0.008244994110718492
0 0.16796875 0.4941107184923439 0.005859375 0.008244994110718492
0 0.1630859375 0.5005889281507656 0.00390625 0.004711425206124852
0 0.185546875 0.5005889281507656 0.00390625 0.007067137809187279
0 0.18798828125 0.505889281507656 0.0048828125 0.010600706713780918
0 0.171875 0.5111896348645465 0.005859375 0.009422850412249705
0 0.1591796875 0.5265017667844523 0.005859375 0.009422850412249705
0 0.189453125 0.5141342756183745 0.0078125 0.010600706713780918
0 0.189453125 0.4946996466431095 0.005859375 0.009422850412249705
0 0.1728515625 0.4829210836277974 0.005859375 0.009422850412249705
0 0.18212890625 0.48822143698468784 0.0048828125 0.008244994110718492
0 0.1396484375 0.47114252061248524 0.005859375 0.007067137809187279
0 0.13134765625 0.46289752650176674 0.0068359375 0.007067137809187279
0 0.18017578125 0.44287396937573614 0.0048828125 0.009422850412249705
0 0.232421875 0.43580683156654887 0.0078125 0.01177856301531213
0 0.21533203125 0.45583038869257947 0.0068359375 0.009422850412249705
0 0.1640625 0.45583038869257947 0.005859375 0.007067137809187279
0 0.0712890625 0.378680800942285 0.00390625 0.005889281507656065
0 0.13232421875 0.36749116607773846 0.0048828125 0.009422850412249705
0 0.1513671875 0.37279151943462896 0.005859375 0.008244994110718492
0 0.10498046875 0.3904593639575971 0.0068359375 0.008244994110718492
0 0.16845703125 0.3869257950530035 0.0068359375 0.010600706713780918
0 0.173828125 0.431095406360424 0.005859375 0.009422850412249705
0 0.22509765625 0.414605418138987 0.0068359375 0.01177856301531213
0 0.23046875 0.3775029446407538 0.005859375 0.008244994110718492
0 0.23681640625 0.38928150765606595 0.0048828125 0.008244994110718492
0 0.177734375 0.3857479387514723 0.00390625 0.008244994110718492
0 0.13232421875 0.3939929328621908 0.0048828125 0.008244994110718492
0 0.1630859375 0.41872791519434627 0.005859375 0.008244994110718492
0 0.21435546875 0.4193168433451119 0.0048828125 0.009422850412249705
0 0.2236328125 0.428150765606596 0.005859375 0.008244994110718492
0 0.1767578125 0.4022379269729093 0.005859375 0.008244994110718492
0 0.20068359375 0.4045936395759717 0.0048828125 0.008244994110718492
0 0.21240234375 0.39281507656065956 0.0048828125 0.008244994110718492
0 0.19921875 0.378680800942285 0.005859375 0.008244994110718492
0 0.1865234375 0.37514723203769135 0.005859375 0.008244994110718492
0 0.18701171875 0.414605418138987 0.0048828125 0.007067137809187279
0 0.26318359375 0.3498233215547703 0.0048828125 0.007067137809187279
0 0.2509765625 0.39222614840989395 0.005859375 0.009422850412249705
0 0.283203125 0.37573616018845696 0.005859375 0.009422850412249705
0 0.30029296875 0.3987043580683156 0.0087890625 0.015312131919905771
0 0.25244140625 0.5282685512367491 0.0068359375 0.010600706713780918
0 0.26025390625 0.5288574793875147 0.0068359375 0.009422850412249705
0 0.2529296875 0.5530035335689045 0.0078125 0.010600706713780918
0 0.26220703125 0.5412249705535924 0.0048828125 0.008244994110718492
0 0.26953125 0.5518256772673733 0.005859375 0.008244994110718492
0 0.27685546875 0.5400471142520612 0.0068359375 0.010600706713780918
0 0.255859375 0.49116607773851584 0.005859375 0.009422850412249705
0 0.26318359375 0.5017667844522968 0.0068359375 0.009422850412249705
0 0.2724609375 0.49764428739693756 0.005859375 0.010600706713780918
0 0.28076171875 0.5005889281507656 0.0048828125 0.009422850412249705
0 0.2880859375 0.5111896348645465 0.005859375 0.009422850412249705
0 0.2958984375 0.5023557126030624 0.005859375 0.010600706713780918
0 0.27685546875 0.48763250883392223 0.0048828125 0.007067137809187279
0 0.2548828125 0.46230859835100113 0.005859375 0.008244994110718492
0 0.263671875 0.4487632508833922 0.005859375 0.009422850412249705
0 0.25537109375 0.43050647820965837 0.0048828125 0.008244994110718492
0 0.27099609375 0.43580683156654887 0.0048828125 0.009422850412249705
0 0.2783203125 0.46348645465253235 0.005859375 0.008244994110718492
0 0.28271484375 0.45524146054181386 0.0048828125 0.008244994110718492
0 0.28662109375 0.43698468786808004 0.0048828125 0.007067137809187279
0 0.29345703125 0.4693757361601884 0.0048828125 0.008244994110718492
0 0.30810546875 0.469964664310954 0.0087890625 0.01177856301531213
0 0.30224609375 0.4564193168433451 0.0048828125 0.008244994110718492
0 0.3017578125 0.43757361601884565 0.005859375 0.010600706713780918
0 0.34130859375 0.428150765606596 0.0087890625 0.010600706713780918
0 0.39599609375 0.5347467608951707 0.0087890625 0.01177856301531213
0 0.38818359375 0.5229681978798586 0.0068359375 0.01177856301531213
0 0.3642578125 0.5259128386336867 0.009765625 0.012956419316843343
0 0.37451171875 0.4958775029446407 0.0068359375 0.009422850412249705
0 0.37109375 0.5482921083627798 0.0078125 0.010600706713780918
0 0.3759765625 0.5412249705535924 0.005859375 0.008244994110718492
0 0.36083984375 0.43698468786808004 0.0068359375 0.01177856301531213
0 0.37255859375 0.431095406360424 0.0048828125 0.007067137809187279
0 0.3837890625 0.45936395759717313 0.005859375 0.009422850412249705
0 0.3984375 0.45111896348645464 0.00390625 0.009422850412249705
0 0.40478515625 0.4275618374558304 0.0048828125 0.009422850412249705
0 0.39599609375 0.4988221436984687 0.0068359375 0.010600706713780918
0 0.38037109375 0.5141342756183745 0.0068359375 0.010600706713780918
0 0.39111328125 0.41755005889281505 0.0048828125 0.008244994110718492
0 0.35693359375 0.4204946996466431 0.0068359375 0.01177856301531213
0 0.32568359375 0.4363957597173145 0.0068359375 0.010600706713780918
0 0.46826171875 0.42638398115429915 0.0048828125 0.007067137809187279
0 0.45361328125 0.4493521790341578 0.0048828125 0.005889281507656065
0 0.47998046875 0.467020023557126 0.0048828125 0.008244994110718492
0 0.48779296875 0.4705535924617196 0.0048828125 0.005889281507656065
0 0.48681640625 0.45406360424028264 0.0048828125 0.005889281507656065
0 0.4677734375 0.4493521790341578 0.00390625 0.005889281507656065
0 0.45361328125 0.47585394581861007 0.0048828125 0.007067137809187279
0 0.4765625 0.4870435806831566 0.005859375 0.008244994110718492
0 0.50732421875 0.45583038869257947 0.0029296875 0.007067137809187279
0 0.53125 0.43462897526501765 0.00390625 0.007067137809187279
0 0.49951171875 0.4776207302709069 0.0048828125 0.008244994110718492
0 0.47314453125 0.5936395759717314 0.0068359375 0.01177856301531213
0 0.48486328125 0.5959952885747938 0.0048828125 0.009422850412249705
0 0.4931640625 0.5853945818610129 0.00390625 0.007067137809187279
0 0.50048828125 0.5948174322732627 0.0068359375 0.009422850412249705
0 0.50634765625 0.5871613663133097 0.0048828125 0.005889281507656065
0 0.51513671875 0.5959952885747938 0.0048828125 0.009422850412249705
0 0.5224609375 0.6071849234393404 0.005859375 0.010600706713780918
0 0.466796875 0.5795053003533569 0.005859375 0.009422850412249705
0 0.4677734375 0.5541813898704357 0.005859375 0.008244994110718492
0 0.47998046875 0.5588928150765606 0.0068359375 0.012956419316843343
0 0.49072265625 0.5541813898704357 0.0048828125 0.008244994110718492
0 0.48681640625 0.5636042402826855 0.0048828125 0.008244994110718492
0 0.4912109375 0.5618374558303887 0.00390625 0.007067137809187279
0 0.50048828125 0.5624263839811543 0.0048828125 0.008244994110718492
0 0.49755859375 0.5477031802120141 0.0048828125 0.007067137809187279
0 0.498046875 0.5335689045936395 0.005859375 0.007067137809187279
0 0.455078125 0.5482921083627798 0.005859375 0.008244994110718492
0 0.46923828125 0.5335689045936395 0.0048828125 0.007067137809187279
0 0.4609375 0.5123674911660777 0.005859375 0.009422850412249705
0 0.47509765625 0.5135453474676089 0.0048828125 0.009422850412249705
0 0.4775390625 0.5294464075382803 0.005859375 0.010600706713780918
0 0.48046875 0.5176678445229682 0.005859375 0.010600706713780918
0 0.49169921875 0.5235571260306242 0.0068359375 0.010600706713780918
0 0.5224609375 0.525323910482921 0.0078125 0.01177856301531213
0 0.5009765625 0.5206124852767962 0.00390625 0.007067137809187279
0 0.5087890625 0.5141342756183745 0.005859375 0.010600706713780918
0 0.51318359375 0.486454652532391 0.0048828125 0.009422850412249705
0 0.537109375 0.49823321554770317 0.005859375 0.009422850412249705
0 0.48828125 0.48409893992932856 0.0078125 0.009422850412249705
0 0.4453125 0.5135453474676089 0.005859375 0.009422850412249705
0 0.4453125 0.5276796230859835 0.0078125 0.009422850412249705
0 0.44482421875 0.5394581861012956 0.0087890625 0.009422850412249705
0 0.5029296875 0.574793875147232 0.009765625 0.01177856301531213
0 0.515625 0.5742049469964664 0.005859375 0.010600706713780918
0 0.51708984375 0.5541813898704357 0.0068359375 0.010600706713780918
0 0.5556640625 0.6348645465253239 0.0078125 0.009422850412249705
0 0.54296875 0.6395759717314488 0.0078125 0.009422850412249705
0 0.53662109375 0.6148409893992932 0.0068359375 0.009422850412249705
0 0.61865234375 0.607773851590106 0.0068359375 0.009422850412249705
0 0.6220703125 0.5930506478209658 0.005859375 0.010600706713780918
0 0.63134765625 0.5895170789163722 0.0048828125 0.008244994110718492
0 0.638671875 0.597173144876325 0.005859375 0.009422850412249705
0 0.62939453125 0.6095406360424028 0.0068359375 0.012956419316843343
0 0.64404296875 0.6083627797408716 0.0068359375 0.010600706713780918
0 0.64990234375 0.5948174322732627 0.0068359375 0.007067137809187279
0 0.6572265625 0.5954063604240282 0.005859375 0.008244994110718492
0 0.6640625 0.6042402826855123 0.005859375 0.009422850412249705
0 0.64990234375 0.6283863368669022 0.0048828125 0.008244994110718492
0 0.63623046875 0.630153121319199 0.0048828125 0.007067137809187279
0 0.62109375 0.5424028268551236 0.00390625 0.005889281507656065
0 0.630859375 0.541813898704358 0.005859375 0.007067137809187279
0 0.61669921875 0.5671378091872791 0.0029296875 0.005889281507656065
0 0.623046875 0.5777385159010601 0.00390625 0.005889281507656065
0 0.63818359375 0.5765606595995288 0.0048828125 0.005889281507656065
0 0.9306640625 0.6395759717314488 0.0078125 0.01177856301531213
0 0.92529296875 0.5789163722025913 0.0048828125 0.005889281507656065
0 0.95458984375 0.613663133097762 0.0048828125 0.007067137809187279
0 0.96337890625 0.6054181389870436 0.0048828125 0.007067137809187279
0 0.974609375 0.5954063604240282 0.005859375 0.005889281507656065
0 0.9755859375 0.5848056537102473 0.005859375 0.008244994110718492
0 0.97412109375 0.6148409893992932 0.0068359375 0.007067137809187279
0 0.966796875 0.6348645465253239 0.005859375 0.007067137809187279
0 0.94287109375 0.6484098939929328 0.0068359375 0.008244994110718492
0 0.94873046875 0.6442873969375735 0.0068359375 0.009422850412249705
0 0.98193359375 0.6336866902237926 0.0048828125 0.007067137809187279
0 0.9794921875 0.6525323910482921 0.0078125 0.01177856301531213
0 0.8515625 0.6354534746760895 0.0078125 0.010600706713780918
0 0.04345703125 0.34334511189634864 0.0048828125 0.005889281507656065
0 0.07177734375 0.3510011778563015 0.0048828125 0.007067137809187279
0 0.10302734375 0.37573616018845696 0.0048828125 0.007067137809187279
0 0.0869140625 0.36277974087161363 0.005859375 0.007067137809187279
0 0.1201171875 0.35159010600706714 0.005859375 0.005889281507656065
0 0.11181640625 0.3492343934040047 0.0048828125 0.008244994110718492
0 0.0810546875 0.323321554770318 0.005859375 0.005889281507656065
0 0.068359375 0.3244994110718492 0.005859375 0.005889281507656065
0 0.15283203125 0.33568904593639576 0.0048828125 0.007067137809187279
0 0.1845703125 0.3404004711425206 0.00390625 0.007067137809187279
0 0.19873046875 0.34275618374558303 0.0048828125 0.007067137809187279
0 0.16650390625 0.35924617196702 0.0048828125 0.007067137809187279
0 0.14599609375 0.362190812720848 0.0048828125 0.005889281507656065
0 0.15771484375 0.36336866902237924 0.0048828125 0.005889281507656065
0 0.14111328125 0.37514723203769135 0.0048828125 0.005889281507656065
0 0.111328125 0.38280329799764423 0.005859375 0.007067137809187279
0 0.06982421875 0.3686690223792697 0.0048828125 0.007067137809187279
0 0.20263671875 0.4193168433451119 0.0048828125 0.007067137809187279
0 0.1455078125 0.4040047114252061 0.005859375 0.007067137809187279
0 0.1572265625 0.428150765606596 0.005859375 0.008244994110718492
0 0.169921875 0.45229681978798586 0.005859375 0.007067137809187279
0 0.271484375 0.42697290930506476 0.00390625 0.005889281507656065
0 0.318359375 0.414605418138987 0.00390625 0.004711425206124852
0 0.30419921875 0.4199057714958775 0.0048828125 0.005889281507656065
0 0.3173828125 0.44522968197879853 0.00390625 0.004711425206124852
0 0.248046875 0.453474676089517 0.00390625 0.004711425206124852
0 0.3212890625 0.4646643109540636 0.00390625 0.005889281507656065
0 0.31103515625 0.3904593639575971 0.0048828125 0.005889281507656065
0 0.31396484375 0.362190812720848 0.0048828125 0.005889281507656065
0 0.37255859375 0.4028268551236749 0.0048828125 0.007067137809187279
0 0.34521484375 0.40577149587750294 0.0048828125 0.005889281507656065
0 0.3662109375 0.3904593639575971 0.00390625 0.005889281507656065
0 0.3310546875 0.42697290930506476 0.00390625 0.005889281507656065
0 0.31640625 0.40047114252061244 0.00390625 0.004711425206124852
0 0.32421875 0.40930506478209655 0.00390625 0.005889281507656065
0 0.32421875 0.39222614840989395 0.00390625 0.004711425206124852
0 0.357421875 0.3987043580683156 0.00390625 0.005889281507656065
0 0.3779296875 0.3939929328621908 0.00390625 0.005889281507656065
0 0.38134765625 0.40930506478209655 0.0048828125 0.005889281507656065
0 0.38818359375 0.4022379269729093 0.0048828125 0.005889281507656065
0 0.41552734375 0.4063604240282685 0.0048828125 0.007067137809187279
0 0.00732421875 0.3533568904593639 0.0048828125 0.007067137809187279
0 0.09423828125 0.3987043580683156 0.0048828125 0.005889281507656065
0 0.00341796875 0.5559481743227326 0.0068359375 0.009422850412249705
0 0.0048828125 0.5712603062426383 0.0078125 0.01177856301531213
0 0.23779296875 0.4045936395759717 0.0048828125 0.005889281507656065
0 0.25537109375 0.40577149587750294 0.0048828125 0.005889281507656065
0 0.2626953125 0.4063604240282685 0.00390625 0.007067137809187279
0 0.267578125 0.39988221436984683 0.00390625 0.005889281507656065
0 0.2431640625 0.4199057714958775 0.00390625 0.005889281507656065
0 0.27685546875 0.41696113074204944 0.0029296875 0.004711425206124852
0 0.2939453125 0.42167255594817427 0.00390625 0.004711425206124852
0 0.2822265625 0.41048292108362777 0.00390625 0.005889281507656065
0 0.27685546875 0.3939929328621908 0.0048828125 0.005889281507656065
0 0.30908203125 0.3851590106007067 0.0048828125 0.007067137809187279
0 0.396484375 0.45995288574793874 0.00390625 0.005889281507656065
0 0.4189453125 0.46230859835100113 0.00390625 0.0035335689045936395
0 0.4267578125 0.4740871613663133 0.00390625 0.005889281507656065
0 0.44287109375 0.4829210836277974 0.0048828125 0.007067137809187279
0 0.44384765625 0.4575971731448763 0.0068359375 0.008244994110718492
0 0.458984375 0.43580683156654887 0.00390625 0.004711425206124852
0 0.50634765625 0.44346289752650175 0.0048828125 0.005889281507656065
0 0.54052734375 0.4617196702002355 0.0048828125 0.004711425206124852
0 0.5380859375 0.4817432273262662 0.005859375 0.007067137809187279
0 0.5419921875 0.45465253239104825 0.00390625 0.004711425206124852
0 0.48291015625 0.43462897526501765 0.0048828125 0.007067137809187279
0 0.6376953125 0.40812720848056533 0.00390625 0.005889281507656065
0 0.62548828125 0.49764428739693756 0.0068359375 0.010600706713780918
0 0.6533203125 0.44699646643109536 0.005859375 0.008244994110718492
0 0.658203125 0.40930506478209655 0.005859375 0.008244994110718492
0 0.666015625 0.39811542991755006 0.00390625 0.004711425206124852
0 0.6787109375 0.40989399293286216 0.00390625 0.007067137809187279
0 0.64208984375 0.44699646643109536 0.0048828125 0.008244994110718492
0 0.62939453125 0.44228504122497053 0.0048828125 0.005889281507656065
0 0.63134765625 0.4499411071849234 0.0048828125 0.007067137809187279
0 0.63916015625 0.4228504122497055 0.0048828125 0.007067137809187279
0 0.63671875 0.4128386336866902 0.00390625 0.008244994110718492
0 0.916015625 0.4681978798586572 0.005859375 0.005889281507656065
0 0.92626953125 0.4570082449941107 0.0048828125 0.007067137809187279
0 0.93994140625 0.4564193168433451 0.0048828125 0.005889281507656065
0 0.95166015625 0.45465253239104825 0.0048828125 0.007067137809187279
0 0.908203125 0.4664310954063604 0.005859375 0.007067137809187279
0 0.96533203125 0.469964664310954 0.0048828125 0.007067137809187279
0 0.9775390625 0.4658421672555948 0.005859375 0.008244994110718492
0 0.9833984375 0.44228504122497053 0.00390625 0.005889281507656065
0 0.96142578125 0.43580683156654887 0.0048828125 0.004711425206124852
0 0.9169921875 0.4405182567726737 0.005859375 0.007067137809187279
0 0.908203125 0.4128386336866902 0.00390625 0.005889281507656065
0 0.90869140625 0.42697290930506476 0.0048828125 0.005889281507656065
0 0.93359375 0.4210836277974087 0.00390625 0.005889281507656065
0 0.9443359375 0.39988221436984683 0.00390625 0.005889281507656065
0 0.9453125 0.4122497055359246 0.00390625 0.004711425206124852
0 0.9970703125 0.43580683156654887 0.00390625 0.007067137809187279
0 0.97705078125 0.4234393404004711 0.0048828125 0.005889281507656065
0 0.98779296875 0.42697290930506476 0.0048828125 0.005889281507656065
0 0.99560546875 0.4069493521790341 0.0048828125 0.008244994110718492
0 0.96630859375 0.4228504122497055 0.0048828125 0.007067137809187279
0 0.95703125 0.4122497055359246 0.005859375 0.007067137809187279
0 0.96923828125 0.41696113074204944 0.0048828125 0.009422850412249705
0 0.94921875 0.47114252061248524 0.005859375 0.007067137809187279
0 0.91796875 0.39693757361601884 0.00390625 0.004711425206124852
0 0.90673828125 0.39693757361601884 0.0048828125 0.007067137809187279
0 0.9248046875 0.44522968197879853 0.00390625 0.007067137809187279
0 0.98876953125 0.39752650176678445 0.0048828125 0.005889281507656065
0 0.966796875 0.45524146054181386 0.005859375 0.008244994110718492
0 0.98193359375 0.450530035335689 0.0048828125 0.008244994110718492
0 0.98291015625 0.43521790341578326 0.0048828125 0.005889281507656065
0 0.9091796875 0.45229681978798586 0.005859375 0.007067137809187279
0 0.9873046875 0.4605418138987043 0.005859375 0.007067137809187279
0 0.4189453125 0.378680800942285 0.00390625 0.005889281507656065
0 0.39794921875 0.378680800942285 0.0029296875 0.005889281507656065
0 0.46337890625 0.37279151943462896 0.0029296875 0.005889281507656065
0 0.4853515625 0.38103651354534745 0.00390625 0.005889281507656065
0 0.47802734375 0.37161366313309774 0.0048828125 0.005889281507656065
0 0.51513671875 0.39163722025912834 0.0048828125 0.005889281507656065
0 0.42431640625 0.4334511189634864 0.0048828125 0.007067137809187279
0 0.43701171875 0.4316843345111896 0.0029296875 0.005889281507656065
0 0.37158203125 0.3698468786808009 0.0048828125 0.007067137809187279
0 0.99267578125 0.5783274440518257 0.0068359375 0.009422850412249705
0 0.9833984375 0.5689045936395759 0.005859375 0.009422850412249705
0 0.96044921875 0.5482921083627798 0.0048828125 0.008244994110718492
