0 0.90234375 0.30631510416666663 0.044921875 0.03841145833333333
0 0.34912109375 0.28483072916666663 0.0791015625 0.07356770833333333
0 0.11279296875 0.27799479166666663 0.0615234375 0.05598958333333333
0 0.79833984375 0.412109375 0.0166015625 0.015625
0 0.81396484375 0.41959635416666663 0.0146484375 0.016276041666666664
0 0.80712890625 0.44596354166666663 0.0224609375 0.020833333333333332
0 0.82958984375 0.4456380208333333 0.0166015625 0.014973958333333332
0 0.8603515625 0.44596354166666663 0.021484375 0.016927083333333332
0 0.74658203125 0.44694010416666663 0.0185546875 0.016276041666666664
0 0.6748046875 0.44108072916666663 0.013671875 0.013671875
0 0.6328125 0.45963541666666663 0.01953125 0.016927083333333332
0 0.58642578125 0.4505208333333333 0.0205078125 0.016927083333333332
0 0.61083984375 0.4544270833333333 0.0185546875 0.016927083333333332
0 0.642578125 0.4287109375 0.013671875 0.011067708333333332
0 0.69580078125 0.4182942708333333 0.0107421875 0.012369791666666666
0 0.7578125 0.41373697916666663 0.013671875 0.013671875
0 0.70703125 0.43912760416666663 0.009765625 0.008463541666666666
0 0.732421875 0.4524739583333333 0.013671875 0.013020833333333332
0 0.58740234375 0.42545572916666663 0.0107421875 0.011067708333333332
0 0.595703125 0.4143880208333333 0.01171875 0.008463541666666666
0 0.638671875 0.41080729166666663 0.009765625 0.010416666666666666
0 0.63720703125 0.3984375 0.0126953125 0.010416666666666666
0 0.75439453125 0.3997395833333333 0.0107421875 0.010416666666666666
0 0.72412109375 0.41373697916666663 0.0146484375 0.009765625
0 0.70458984375 0.3997395833333333 0.0107421875 0.009114583333333332
0 0.70263671875 0.3850911458333333 0.0107421875 0.009765625
0 0.73974609375 0.37369791666666663 0.0087890625 0.0078125
0 0.76123046875 0.3841145833333333 0.0087890625 0.009114583333333332
0 0.8125 0.373046875 0.01171875 0.009114583333333332
0 0.78076171875 0.3642578125 0.0107421875 0.008463541666666666
0 0.861328125 0.400390625 0.01953125 0.014322916666666666
0 0.830078125 0.3603515625 0.01171875 0.009765625
0 0.57861328125 0.39029947916666663 0.0107421875 0.009765625
0 0.64599609375 0.37760416666666663 0.0107421875 0.010416666666666666
0 0.5966796875 0.36979166666666663 0.009765625 0.009114583333333332
0 0.62646484375 0.3720703125 0.0068359375 0.007161458333333333
0 0.57177734375 0.3714192708333333 0.0107421875 0.009765625
0 0.5390625 0.37369791666666663 0.0078125 0.0078125
0 0.55322265625 0.4036458333333333 0.0107421875 0.009114583333333332
0 0.6044921875 0.390625 0.0078125 0.009114583333333332
0 0.61474609375 0.3798828125 0.0087890625 0.009765625
0 0.6943359375 0.35611979166666663 0.01171875 0.010416666666666666
0 0.73486328125 0.3515625 0.0107421875 0.009114583333333332
0 0.67626953125 0.34635416666666663 0.0107421875 0.010416666666666666
0 0.62353515625 0.3411458333333333 0.0087890625 0.0078125
0 0.58349609375 0.33170572916666663 0.0087890625 0.008463541666666666
0 0.5244140625 0.33463541666666663 0.009765625 0.009114583333333332
0 0.5107421875 0.3232421875 0.0078125 0.008463541666666666
0 0.658203125 0.31998697916666663 0.009765625 0.009765625
0 0.72705078125 0.3450520833333333 0.0087890625 0.009114583333333332
0 0.56396484375 0.35807291666666663 0.0107421875 0.010416666666666666
0 0.57763671875 0.32096354166666663 0.0087890625 0.009114583333333332
0 0.6337890625 0.3203125 0.009765625 0.009114583333333332
0 0.5478515625 0.3095703125 0.0078125 0.007161458333333333
0 0.55810546875 0.2962239583333333 0.0068359375 0.005208333333333333
0 0.80224609375 0.32779947916666663 0.0107421875 0.009765625
0 0.77294921875 0.328125 0.0107421875 0.009114583333333332
0 0.80224609375 0.36328125 0.0087890625 0.009114583333333332
0 0.83447265625 0.31640625 0.0087890625 0.009114583333333332
0 0.73193359375 0.32421875 0.0107421875 0.009114583333333332
0 0.69677734375 0.32584635416666663 0.0068359375 0.005859375
0 0.64697265625 0.33756510416666663 0.0107421875 0.008463541666666666
0 0.703125 0.2893880208333333 0.009765625 0.008463541666666666
0 0.67724609375 0.3056640625 0.0087890625 0.007161458333333333
0 0.65625 0.2835286458333333 0.009765625 0.007161458333333333
0 0.61376953125 0.32779947916666663 0.0087890625 0.007161458333333333
0 0.7236328125 0.27018229166666663 0.009765625 0.010416666666666666
0 0.78369140625 0.24967447916666666 0.0087890625 0.005859375
0 0.6201171875 0.24609375 0.0078125 0.006510416666666666
0 0.76025390625 0.28580729166666663 0.0068359375 0.006510416666666666
0 0.80224609375 0.3050130208333333 0.0087890625 0.008463541666666666
0 0.775390625 0.30143229166666663 0.009765625 0.0078125
0 0.7470703125 0.30338541666666663 0.0078125 0.0078125
0 0.63330078125 0.26171875 0.0068359375 0.0078125
0 0.6015625 0.26139322916666663 0.009765625 0.008463541666666666
0 0.8466796875 0.2705078125 0.009765625 0.007161458333333333
0 0.82421875 0.2744140625 0.009765625 0.008463541666666666
0 0.7978515625 0.27115885416666663 0.009765625 0.007161458333333333
0 0.84765625 0.25065104166666663 0.0078125 0.006510416666666666
0 0.978515625 0.3020833333333333 0.009765625 0.0078125
0 0.9833984375 0.3206380208333333 0.0078125 0.008463541666666666
0 0.91259765625 0.26236979166666663 0.0087890625 0.0078125
0 0.9140625 0.2412109375 0.0078125 0.007161458333333333
0 0.96533203125 0.2568359375 0.0068359375 0.005859375
0 0.9287109375 0.2548828125 0.0078125 0.005859375
0 0.9912109375 0.255859375 0.0078125 0.006510416666666666
0 0.1865234375 0.4462890625 0.01171875 0.011067708333333332
0 0.18701171875 0.4729817708333333 0.0146484375 0.012369791666666666
0 0.17041015625 0.4736328125 0.0126953125 0.009765625
0 0.27734375 0.4658203125 0.013671875 0.013671875
0 0.31298828125 0.4729817708333333 0.0185546875 0.014973958333333332
0 0.3076171875 0.4619140625 0.017578125 0.014973958333333332
0 0.21240234375 0.47330729166666663 0.0126953125 0.010416666666666666
0 0.19677734375 0.34928385416666663 0.0087890625 0.008463541666666666
0 0.20068359375 0.3294270833333333 0.0087890625 0.009114583333333332
0 0.22412109375 0.3323567708333333 0.0087890625 0.008463541666666666
0 0.22412109375 0.31803385416666663 0.0087890625 0.008463541666666666
0 0.265625 0.3274739583333333 0.009765625 0.009114583333333332
0 0.2666015625 0.30729166666666663 0.009765625 0.0078125
0 0.2822265625 0.30924479166666663 0.005859375 0.005208333333333333
0 0.21533203125 0.3011067708333333 0.0087890625 0.005859375
0 0.19287109375 0.30338541666666663 0.0087890625 0.0078125
0 0.16162109375 0.30078125 0.0087890625 0.006510416666666666
0 0.2421875 0.28776041666666663 0.0078125 0.006510416666666666
0 0.185546875 0.28678385416666663 0.0078125 0.007161458333333333
0 0.2822265625 0.27115885416666663 0.009765625 0.008463541666666666
0 0.25 0.27311197916666663 0.009765625 0.007161458333333333
0 0.2958984375 0.30631510416666663 0.0078125 0.007161458333333333
0 0.47021484375 0.267578125 0.0087890625 0.006510416666666666
0 0.5048828125 0.26725260416666663 0.009765625 0.007161458333333333
0 0.490234375 0.25358072916666663 0.0078125 0.005859375
0 0.48779296875 0.23046875 0.0068359375 0.006510416666666666
0 0.4404296875 0.22819010416666666 0.005859375 0.005859375
0 0.0556640625 0.22623697916666666 0.0078125 0.005859375
0 0.08984375 0.2265625 0.0078125 0.006510416666666666
0 0.11279296875 0.23600260416666666 0.0087890625 0.007161458333333333
0 0.2255859375 0.2610677083333333 0.0078125 0.0078125
0 0.27880859375 0.234375 0.0087890625 0.0078125
0 0.3076171875 0.2353515625 0.0078125 0.007161458333333333
0 0.330078125 0.23274739583333331 0.0078125 0.007161458333333333
0 0.7919921875 0.38248697916666663 0.015625 0.013671875
0 0.60400390625 0.2864583333333333 0.0087890625 0.0078125
