0 0.34716796875 0.17764060356652947 0.0322265625 0.04526748971193415
0 0.421875 0.242798353909465 0.03125 0.052126200274348417
0 0.619140625 0.2668038408779149 0.03515625 0.08093278463648833
0 0.59326171875 0.40397805212620025 0.0302734375 0.04252400548696845
0 0.77001953125 0.40466392318244165 0.0244140625 0.0411522633744856
0 0.0126953125 0.4746227709190672 0.0234375 0.046639231824417
0 0.04443359375 0.7517146776406035 0.0087890625 0.013717421124828532
0 0.01123046875 0.8443072702331961 0.0068359375 0.015089163237311385
0 0.001953125 0.8415637860082303 0.00390625 0.015089163237311385
0 0.04833984375 0.8408779149519889 0.0048828125 0.010973936899862825
0 0.05322265625 0.8497942386831275 0.0048828125 0.009602194787379972
0 0.0615234375 0.8285322359396433 0.00390625 0.0054869684499314125
0 0.072265625 0.8635116598079561 0.00390625 0.006858710562414266
0 0.0869140625 0.8463648834019204 0.005859375 0.010973936899862825
0 0.10009765625 0.8703703703703703 0.0048828125 0.012345679012345678
0 0.12841796875 0.8689986282578874 0.0048828125 0.009602194787379972
0 0.13037109375 0.8477366255144032 0.0048828125 0.010973936899862825
0 0.115234375 0.8449931412894375 0.005859375 0.010973936899862825
0 0.10595703125 0.8436213991769547 0.0048828125 0.008230452674897118
0 0.14794921875 0.8491083676268861 0.0048828125 0.008230452674897118
0 0.1650390625 0.8655692729766803 0.00390625 0.008230452674897118
0 0.173828125 0.8545953360768175 0.00390625 0.008230452674897118
0 0.216796875 0.8470507544581618 0.00390625 0.006858710562414266
0 0.234375 0.8477366255144032 0.00390625 0.008230452674897118
0 0.2421875 0.8422496570644719 0.00390625 0.010973936899862825
0 0.26220703125 0.8511659807956103 0.0048828125 0.009602194787379972
0 0.2568359375 0.8477366255144032 0.00390625 0.010973936899862825
0 0.271484375 0.8518518518518517 0.005859375 0.010973936899862825
0 0.28271484375 0.8580246913580246 0.0048828125 0.009602194787379972
0 0.2890625 0.8504801097393689 0.005859375 0.010973936899862825
0 0.3125 0.8497942386831275 0.005859375 0.009602194787379972
0 0.30322265625 0.8504801097393689 0.0048828125 0.008230452674897118
0 0.2958984375 0.8525377229080933 0.00390625 0.009602194787379972
0 0.39306640625 0.8470507544581618 0.0048828125 0.012345679012345678
0 0.40185546875 0.8429355281207133 0.0048828125 0.012345679012345678
0 0.42333984375 0.8463648834019204 0.0048828125 0.010973936899862825
0 0.43798828125 0.831275720164609 0.0048828125 0.008230452674897118
0 0.44775390625 0.8443072702331961 0.0068359375 0.012345679012345678
0 0.45263671875 0.8401920438957475 0.0048828125 0.012345679012345678
0 0.46435546875 0.8436213991769547 0.0068359375 0.013717421124828532
0 0.4697265625 0.8347050754458162 0.00390625 0.009602194787379972
0 0.427734375 0.821673525377229 0.005859375 0.010973936899862825
0 0.47705078125 0.8353909465020576 0.0068359375 0.010973936899862825
0 0.48583984375 0.836076817558299 0.0048828125 0.009602194787379972
0 0.49853515625 0.845679012345679 0.0048828125 0.015089163237311385
0 0.55615234375 0.8340192043895747 0.0068359375 0.010973936899862825
0 0.57421875 0.8305898491083675 0.005859375 0.012345679012345678
0 0.5849609375 0.8319615912208504 0.0078125 0.015089163237311385
0 0.609375 0.8278463648834019 0.0078125 0.015089163237311385
0 0.64013671875 0.8257887517146776 0.0068359375 0.013717421124828532
0 0.63671875 0.8086419753086419 0.00390625 0.009602194787379972
0 0.5849609375 0.8148148148148148 0.00390625 0.010973936899862825
0 0.75 0.7736625514403291 0.005859375 0.010973936899862825
0 0.751953125 0.7668038408779149 0.005859375 0.010973936899862825
0 0.736328125 0.7668038408779149 0.00390625 0.010973936899862825
0 0.7392578125 0.7784636488340192 0.005859375 0.009602194787379972
0 0.7236328125 0.8148148148148148 0.0078125 0.013717421124828532
0 0.7490234375 0.8106995884773662 0.0078125 0.013717421124828532
0 0.744140625 0.8305898491083675 0.0078125 0.012345679012345678
0 0.76220703125 0.8161865569272976 0.0087890625 0.013717421124828532
0 0.75439453125 0.8004115226337448 0.0068359375 0.012345679012345678
0 0.7763671875 0.8045267489711934 0.0078125 0.01783264746227709
0 0.787109375 0.8141289437585734 0.0078125 0.01783264746227709
0 0.8046875 0.8155006858710562 0.0078125 0.015089163237311385
0 0.7978515625 0.8134430727023318 0.005859375 0.013717421124828532
0 0.7705078125 0.8244170096021948 0.005859375 0.013717421124828532
0 0.7587890625 0.8463648834019204 0.0078125 0.013717421124828532
0 0.759765625 0.7530864197530863 0.005859375 0.010973936899862825
0 0.75927734375 0.7654320987654321 0.0029296875 0.0054869684499314125
0 0.74169921875 0.7441700960219478 0.0048828125 0.009602194787379972
0 0.75048828125 0.7455418381344306 0.0029296875 0.006858710562414266
0 0.72021484375 0.8010973936899862 0.0048828125 0.008230452674897118
0 0.72412109375 0.7812071330589848 0.0048828125 0.006858710562414266
0 0.86328125 0.7263374485596708 0.0078125 0.015089163237311385
0 0.890625 0.7277091906721536 0.013671875 0.0233196159122085
0 0.87060546875 0.8072702331961591 0.0087890625 0.01783264746227709
0 0.9228515625 0.7187928669410151 0.005859375 0.010973936899862825
0 0.9462890625 0.7510288065843621 0.00390625 0.009602194787379972
0 0.9482421875 0.7366255144032922 0.00390625 0.013717421124828532
0 0.92626953125 0.7524005486968449 0.0068359375 0.012345679012345678
0 0.9033203125 0.7386831275720164 0.005859375 0.012345679012345678
0 0.9091796875 0.7338820301783264 0.005859375 0.010973936899862825
0 0.935546875 0.7914951989026062 0.009765625 0.02194787379972565
0 0.92236328125 0.8203017832647461 0.0087890625 0.016460905349794237
0 0.9501953125 0.7990397805212619 0.013671875 0.0205761316872428
0 0.9619140625 0.7352537722908092 0.005859375 0.013717421124828532
0 0.96875 0.7517146776406035 0.005859375 0.010973936899862825
0 0.982421875 0.7194787379972565 0.00390625 0.009602194787379972
0 0.9873046875 0.7297668038408779 0.0078125 0.013717421124828532
0 0.98486328125 0.7421124828532235 0.0068359375 0.013717421124828532
0 0.986328125 0.7935528120713305 0.01171875 0.0205761316872428
0 0.97607421875 0.794238683127572 0.0068359375 0.013717421124828532
0 0.939453125 0.7050754458161865 0.00390625 0.008230452674897118
0 0.96240234375 0.7208504801097393 0.0068359375 0.009602194787379972
0 0.97021484375 0.6618655692729767 0.0048828125 0.009602194787379972
0 0.09912109375 0.8552812071330589 0.0048828125 0.009602194787379972
0 0.0712890625 0.8449931412894375 0.005859375 0.008230452674897118
