0 0.41748046875 0.41703377386196766 0.0107421875 0.014684287812041116
0 0.66552734375 0.3795888399412628 0.0361328125 0.06314243759177679
0 0.630859375 0.36270190895741555 0.029296875 0.05580029368575624
0 0.5859375 0.39941262848751835 0.033203125 0.06167400881057268
0 0.84912109375 0.42731277533039647 0.0166015625 0.035242290748898675
0 0.9013671875 0.3795888399412628 0.033203125 0.0513950073421439
0 0.4921875 0.4001468428781204 0.013671875 0.01908957415565345
0 0.2666015625 0.39574155653450804 0.041015625 0.07488986784140969
0 0.5400390625 0.4243759177679882 0.009765625 0.017621145374449337
0 0.462890625 0.35903083700440525 0.009765625 0.016152716593245228
0 0.38623046875 0.434654919236417 0.0087890625 0.014684287812041116
0 0.30078125 0.3729809104258443 0.009765625 0.014684287812041116
0 0.50439453125 0.43392070484581496 0.0107421875 0.01908957415565345
