0 0.78466796875 0.13895486935866982 0.0732421875 0.07838479809976247
0 0.93408203125 0.3539192399049881 0.0302734375 0.0332541567695962
0 0.90478515625 0.35589865399841647 0.0224609375 0.027711797307996833
0 0.93310546875 0.3171021377672209 0.0185546875 0.024544734758511478
0 0.9091796875 0.3258115597783056 0.017578125 0.01979414093428345
0 0.65283203125 0.3729216152019002 0.0166015625 0.02058590657165479
0 0.56884765625 0.34402216943784636 0.0107421875 0.013460015835312747
0 0.59619140625 0.3705463182897862 0.0146484375 0.01583531274742676
0 0.53076171875 0.3721298495645289 0.0146484375 0.017418844022169436
0 0.6572265625 0.3483768804433887 0.01171875 0.012668250197941409
0 0.8828125 0.33689627870150435 0.017578125 0.021377672209026127
0 0.62060546875 0.34402216943784636 0.0146484375 0.015043547110055422
0 0.19775390625 0.3871733966745843 0.0126953125 0.012668250197941409
0 0.63916015625 0.36381631037212986 0.0146484375 0.021377672209026127
0 0.95263671875 0.30364212193190815 0.0146484375 0.01979414093428345
0 0.57568359375 0.3768804433887569 0.0146484375 0.019002375296912115
0 0.546875 0.3737133808392716 0.013671875 0.01583531274742676
0 0.5244140625 0.34560570071258906 0.01171875 0.011876484560570071
0 0.60791015625 0.3412509897070467 0.0126953125 0.014251781472684084
0 0.58642578125 0.3515439429928741 0.0146484375 0.012668250197941409
0 0.6474609375 0.32818685669041964 0.013671875 0.015043547110055422
0 0.5771484375 0.331353919239905 0.01171875 0.013460015835312747
0 0.908203125 0.3028503562945368 0.01171875 0.013460015835312747
0 0.921875 0.3028503562945368 0.01171875 0.013460015835312747
0 0.91455078125 0.2897862232779097 0.0126953125 0.012668250197941409
0 0.87646484375 0.28186856690419637 0.0107421875 0.012668250197941409
0 0.95703125 0.2885985748218527 0.013671875 0.013460015835312747
0 0.9404296875 0.29730799683293746 0.013671875 0.015043547110055422
0 0.89501953125 0.31987331749802056 0.0126953125 0.014251781472684084
0 0.0458984375 0.31116389548693585 0.0078125 0.009501187648456057
0 0.1259765625 0.3555027711797308 0.0078125 0.00791765637371338
0 0.3046875 0.2589073634204275 0.08984375 0.09659540775930324
0 0.2490234375 0.38638163103721296 0.009765625 0.011084718923198733
0 0.23193359375 0.38400633412509894 0.0087890625 0.009501187648456057
0 0.25048828125 0.3657957244655582 0.0087890625 0.009501187648456057
0 0.64111328125 0.34283452098178935 0.0126953125 0.011084718923198733
0 0.6728515625 0.32739509105304826 0.01171875 0.011876484560570071
0 0.494140625 0.3515439429928741 0.01171875 0.011084718923198733
0 0.4951171875 0.33729216152019 0.009765625 0.011084718923198733
0 0.51416015625 0.32620744259699125 0.0107421875 0.011084718923198733
0 0.53955078125 0.34520981789390337 0.0087890625 0.009501187648456057
0 0.6064453125 0.32818685669041964 0.01171875 0.011876484560570071
0 0.50927734375 0.3733174980205859 0.0146484375 0.0166270783847981
0 0.5634765625 0.33689627870150435 0.01171875 0.015043547110055422
0 0.85595703125 0.3056215360253365 0.0126953125 0.01583531274742676
0 0.98876953125 0.30443388756927947 0.0126953125 0.01979414093428345
0 0.89990234375 0.24980205859065716 0.0126953125 0.011876484560570071
0 0.8701171875 0.27078384798099764 0.009765625 0.009501187648456057
0 0.873046875 0.2553444180522565 0.0078125 0.010292953285827395
0 0.97998046875 0.26920031670625494 0.0107421875 0.011084718923198733
0 0.935546875 0.23594615993665874 0.009765625 0.009501187648456057
0 0.8876953125 0.23079968329374503 0.0078125 0.007125890736342042
0 0.87548828125 0.23475851148060173 0.0087890625 0.008709422011084718
0 0.9052734375 0.2173396674584323 0.009765625 0.010292953285827395
0 0.9814453125 0.23990498812351543 0.009765625 0.011084718923198733
0 0.9921875 0.23832145684877276 0.0078125 0.009501187648456057
0 0.96337890625 0.22446555819477435 0.0107421875 0.008709422011084718
0 0.94921875 0.2585114806017419 0.01171875 0.011876484560570071
0 0.94287109375 0.22248614410134598 0.0087890625 0.009501187648456057
0 0.95703125 0.2070467141726049 0.009765625 0.010292953285827395
0 0.93505859375 0.21456848772763262 0.0107421875 0.009501187648456057
0 0.93115234375 0.19873317498020585 0.0087890625 0.009501187648456057
0 0.9072265625 0.19754552652414883 0.0078125 0.008709422011084718
0 0.6123046875 0.3163103721298495 0.009765625 0.008709422011084718
0 0.62841796875 0.3143309580364212 0.0087890625 0.00791765637371338
0 0.6611328125 0.2632620744259699 0.0078125 0.008709422011084718
0 0.71240234375 0.30997624703087884 0.0087890625 0.010292953285827395
0 0.70458984375 0.2917656373713381 0.0087890625 0.007125890736342042
0 0.55126953125 0.3250197941409343 0.0087890625 0.008709422011084718
0 0.64013671875 0.3178939034045922 0.0087890625 0.010292953285827395
0 0.65869140625 0.31155977830562154 0.0087890625 0.008709422011084718
0 0.646484375 0.31076801266825016 0.0078125 0.007125890736342042
0 0.6005859375 0.31353919239904987 0.0078125 0.00791765637371338
0 0.59423828125 0.32660332541567694 0.0087890625 0.008709422011084718
0 0.552734375 0.3424386381631037 0.009765625 0.010292953285827395
0 0.8955078125 0.30087094220110844 0.015625 0.012668250197941409
0 0.1689453125 0.34679334916864607 0.01171875 0.011084718923198733
