0 0.97314453125 0.30837004405286345 0.0517578125 0.09985315712187959
0 0.8505859375 0.355359765051395 0.05078125 0.09104258443465492
0 0.69287109375 0.40748898678414097 0.0498046875 0.07782672540381791
0 0.57568359375 0.38252569750367105 0.0517578125 0.09544787077826725
0 0.62548828125 0.24669603524229072 0.0498046875 0.09691629955947136
0 0.7119140625 0.1908957415565345 0.041015625 0.08223201174743025
0 0.81005859375 0.2342143906020558 0.0595703125 0.1013215859030837
0 0.87451171875 0.16299559471365638 0.0439453125 0.07929515418502202
0 0.8037109375 0.07709251101321586 0.044921875 0.07488986784140969
0 0.86376953125 0.053597650513950074 0.0380859375 0.07195301027900146
0 0.93994140625 0.07782672540381791 0.0400390625 0.07342143906020558
0 0.98828125 0.12922173274596183 0.0234375 0.1027900146842878
0 0.9677734375 0.05506607929515418 0.033203125 0.06901615271659324
0 0.7744140625 0.0447870778267254 0.033203125 0.05433186490455213
0 0.69287109375 0.12481644640234948 0.0361328125 0.06461086637298091
0 0.68505859375 0.060939794419970626 0.0361328125 0.06020558002936857
0 0.74609375 0.026431718061674006 0.029296875 0.049926578560939794
0 0.63232421875 0.17180616740088106 0.0419921875 0.07929515418502202
0 0.62109375 0.12041116005873714 0.03515625 0.07048458149779735
0 0.59619140625 0.09765051395007342 0.0302734375 0.057268722466960346
0 0.66015625 0.02276064610866373 0.029296875 0.03964757709251101
0 0.56298828125 0.03303964757709251 0.0322265625 0.05433186490455213
0 0.533203125 0.11894273127753303 0.037109375 0.06754772393538913
0 0.51318359375 0.1894273127753304 0.0439453125 0.08223201174743025
0 0.4853515625 0.049926578560939794 0.025390625 0.049926578560939794
0 0.51806640625 0.07342143906020558 0.0322265625 0.06167400881057268
0 0.4287109375 0.15638766519823788 0.037109375 0.06314243759177679
0 0.42578125 0.11747430249632893 0.03515625 0.06461086637298091
0 0.3994140625 0.060939794419970626 0.033203125 0.06314243759177679
0 0.34765625 0.19016152716593243 0.03515625 0.06607929515418502
0 0.4462890625 0.23348017621145373 0.041015625 0.0763582966226138
0 0.49267578125 0.28928046989720996 0.0439453125 0.08516886930983847
0 0.37890625 0.27165932452276065 0.041015625 0.0763582966226138
0 0.42822265625 0.4016152716593245 0.0478515625 0.09838472834067548
0 0.36572265625 0.593245227606461 0.0634765625 0.11160058737151247
0 0.30078125 0.39941262848751835 0.046875 0.09397944199706314
0 0.25048828125 0.30249632892804695 0.0419921875 0.08516886930983847
0 0.302734375 0.18869309838472834 0.0390625 0.06901615271659324
0 0.296875 0.05066079295154185 0.025390625 0.04552129221732746
0 0.35546875 0.05653450807635829 0.025390625 0.0513950073421439
0 0.3828125 0.008076358296622614 0.021484375 0.016152716593245228
0 0.28076171875 0.023494860499265784 0.0224609375 0.04405286343612334
0 0.2822265625 0.11894273127753303 0.033203125 0.05873715124816446
0 0.2333984375 0.11674008810572686 0.03515625 0.07488986784140969
0 0.19287109375 0.2488986784140969 0.0400390625 0.07782672540381791
0 0.25390625 0.08223201174743025 0.02734375 0.05286343612334801
0 0.22265625 0.07048458149779735 0.02734375 0.05286343612334801
0 0.234375 0.021292217327459617 0.0234375 0.042584434654919234
0 0.18701171875 0.02202643171806167 0.0322265625 0.04405286343612334
0 0.13671875 0.08149779735682819 0.037109375 0.06901615271659324
0 0.11572265625 0.05580029368575624 0.0263671875 0.049926578560939794
0 0.0830078125 0.10572687224669602 0.029296875 0.04698972099853157
0 0.060546875 0.16152716593245225 0.029296875 0.05873715124816446
0 0.08203125 0.26138032305433184 0.03515625 0.06754772393538913
0 0.142578125 0.4052863436123348 0.052734375 0.08810572687224669
0 0.115234375 0.3142437591776799 0.04296875 0.0763582966226138
0 0.046875 0.40381791483113066 0.048828125 0.08810572687224669
0 0.01708984375 0.3355359765051395 0.0341796875 0.07782672540381791
0 0.0166015625 0.23494860499265785 0.03125 0.06167400881057268
0 0.01708984375 0.14684287812041116 0.0263671875 0.04405286343612334
0 0.03076171875 0.10425844346549192 0.0263671875 0.04405286343612334
0 0.00927734375 0.07856093979441997 0.0185546875 0.03964757709251101
0 0.03955078125 0.06534508076358296 0.0205078125 0.042584434654919234
0 0.05126953125 0.031571218795888395 0.0205078125 0.042584434654919234
0 0.3359375 0.09544787077826725 0.033203125 0.06167400881057268
