0 0.259765625 0.46929824561403505 0.013671875 0.023391812865497075
0 0.4267578125 0.4605263157894737 0.013671875 0.029239766081871343
0 0.47412109375 0.47295321637426896 0.0146484375 0.027777777777777776
0 0.5146484375 0.4546783625730994 0.013671875 0.02631578947368421
0 0.55322265625 0.445906432748538 0.0126953125 0.029239766081871343
0 0.60498046875 0.45614035087719296 0.0146484375 0.03508771929824561
0 0.66015625 0.4605263157894737 0.015625 0.029239766081871343
0 0.68115234375 0.4641812865497076 0.0126953125 0.03070175438596491
0 0.76904296875 0.44225146198830406 0.0146484375 0.03070175438596491
0 0.8779296875 0.4539473684210526 0.013671875 0.027777777777777776
0 0.93505859375 0.42836257309941517 0.0146484375 0.029239766081871343
0 0.849609375 0.48318713450292394 0.01171875 0.019005847953216373
0 0.31640625 0.45248538011695905 0.013671875 0.021929824561403508
0 0.283203125 0.4685672514619883 0.013671875 0.019005847953216373
