0 0.02587890625 0.36875 0.0302734375 0.0625
0 0.08251953125 0.3984375 0.0361328125 0.078125
0 0.2216796875 0.371875 0.02734375 0.07187500000000001
0 0.29833984375 0.33906250000000004 0.0166015625 0.028125
0 0.32080078125 0.4296875 0.0126953125 0.059375000000000004
0 0.41796875 0.3953125 0.025390625 0.05
0 0.53759765625 0.42812500000000003 0.0087890625 0.025
0 0.6884765625 0.3796875 0.021484375 0.05625
0 0.76171875 0.38203125000000004 0.029296875 0.051562500000000004
0 0.94091796875 0.41796875 0.0263671875 0.0578125
