0 0.44140625 0.13379310344827586 0.0546875 0.11310344827586206
0 0.62548828125 0.2979310344827586 0.0615234375 0.12137931034482757
0 0.04443359375 0.3675862068965517 0.0166015625 0.03172413793103448
0 0.00537109375 0.4682758620689655 0.0087890625 0.03172413793103448
0 0.076171875 0.48275862068965514 0.017578125 0.03586206896551724
0 0.0927734375 0.4662068965517241 0.015625 0.03310344827586206
0 0.1064453125 0.3668965517241379 0.013671875 0.030344827586206893
0 0.154296875 0.48482758620689653 0.017578125 0.026206896551724135
0 0.17578125 0.4703448275862069 0.017578125 0.030344827586206893
0 0.18994140625 0.40344827586206894 0.0146484375 0.03172413793103448
0 0.21728515625 0.4082758620689655 0.0146484375 0.02482758620689655
0 0.162109375 0.4393103448275862 0.01171875 0.02896551724137931
0 0.14990234375 0.4337931034482758 0.0126953125 0.023448275862068962
0 0.74658203125 0.336551724137931 0.0146484375 0.022068965517241378
0 0.74560546875 0.3758620689655172 0.0185546875 0.03172413793103448
0 0.7431640625 0.40965517241379307 0.017578125 0.02482758620689655
0 0.79052734375 0.4041379310344827 0.0224609375 0.030344827586206893
0 0.8095703125 0.3758620689655172 0.017578125 0.03172413793103448
0 0.80419921875 0.3427586206896551 0.0166015625 0.023448275862068962
0 0.86474609375 0.2868965517241379 0.0146484375 0.02482758620689655
0 0.833984375 0.3793103448275862 0.01953125 0.03310344827586206
0 0.87841796875 0.37862068965517237 0.0205078125 0.03172413793103448
0 0.85205078125 0.4158620689655172 0.0185546875 0.03172413793103448
0 0.91650390625 0.37448275862068964 0.0205078125 0.039999999999999994
0 0.9033203125 0.34965517241379307 0.01953125 0.034482758620689655
0 0.90576171875 0.2889655172413793 0.0146484375 0.02896551724137931
0 0.93408203125 0.2806896551724138 0.0126953125 0.02896551724137931
0 0.91845703125 0.42068965517241375 0.0205078125 0.03586206896551724
0 0.93701171875 0.4048275862068965 0.0107421875 0.034482758620689655
0 0.95703125 0.2751724137931034 0.015625 0.02896551724137931
0 0.97412109375 0.396551724137931 0.0205078125 0.034482758620689655
0 0.94970703125 0.39931034482758615 0.0166015625 0.02896551724137931
0 0.9951171875 0.39034482758620687 0.009765625 0.030344827586206893
