0 0.16259765625 0.109375 0.0087890625 0.015625
0 0.18701171875 0.13593750000000002 0.0107421875 0.018750000000000003
0 0.1748046875 0.0390625 0.009765625 0.018750000000000003
0 0.1728515625 0.08281250000000001 0.009765625 0.018750000000000003
0 0.13330078125 0.037500000000000006 0.0068359375 0.0125
0 0.318359375 0.10078125 0.009765625 0.0171875
0 0.5048828125 0.10078125 0.01171875 0.0203125
0 0.603515625 0.02421875 0.009765625 0.0203125
0 0.552734375 0.07109375 0.0078125 0.0140625
0 0.6513671875 0.11171875 0.0078125 0.0171875
0 0.58642578125 0.07734375 0.0087890625 0.0171875
0 0.71533203125 0.10234375000000001 0.0107421875 0.0203125
0 0.92138671875 0.05 0.0068359375 0.018750000000000003
0 0.87060546875 0.01015625 0.0068359375 0.0140625
0 0.8916015625 0.00859375 0.009765625 0.0140625
0 0.24462890625 0.12265625000000001 0.0400390625 0.0890625
0 0.3681640625 0.153125 0.037109375 0.07187500000000001
0 0.1474609375 0.51171875 0.04296875 0.07968750000000001
0 0.310546875 0.4140625 0.041015625 0.08750000000000001
0 0.49853515625 0.19609375 0.0380859375 0.09531250000000001
0 0.4873046875 0.40937500000000004 0.04296875 0.084375
0 0.611328125 0.15937500000000002 0.041015625 0.09375
0 0.7060546875 0.18515625000000002 0.0390625 0.0859375
0 0.85595703125 0.18203125 0.0400390625 0.0859375
0 0.68896484375 0.43359375 0.0439453125 0.0921875
0 0.81787109375 0.36562500000000003 0.0419921875 0.08750000000000001
0 0.36328125 0.02890625 0.0078125 0.0140625
0 0.32080078125 0.0484375 0.0087890625 0.015625
0 0.28515625 0.03359375 0.0078125 0.010937500000000001
0 0.27392578125 0.041406250000000006 0.0087890625 0.0140625
0 0.287109375 0.10234375000000001 0.0078125 0.0171875
0 0.47119140625 0.078125 0.0087890625 0.015625
0 0.4619140625 0.025 0.009765625 0.0125
0 0.517578125 0.0484375 0.009765625 0.015625
0 0.5693359375 0.06875 0.009765625 0.015625
0 0.5947265625 0.049218750000000006 0.009765625 0.0234375
0 0.45703125 0.10703125000000001 0.009765625 0.0171875
0 0.40966796875 0.07734375 0.0087890625 0.0140625
0 0.767578125 0.109375 0.009765625 0.018750000000000003
0 0.673828125 0.06875 0.0078125 0.018750000000000003
0 0.69482421875 0.03125 0.0107421875 0.018750000000000003
0 0.7900390625 0.10859375 0.0078125 0.0171875
0 0.7392578125 0.11015625000000001 0.009765625 0.0171875
0 0.8193359375 0.10859375 0.0078125 0.0171875
0 0.84228515625 0.078125 0.0068359375 0.015625
0 0.8193359375 0.028125 0.0078125 0.015625
0 0.798828125 0.051562500000000004 0.0078125 0.015625
0 0.8037109375 0.07421875 0.01171875 0.0203125
0 0.7373046875 0.05390625 0.009765625 0.0140625
0 0.90234375 0.11093750000000001 0.0078125 0.015625
0 0.9189453125 0.08359375000000001 0.0078125 0.0171875
0 0.93994140625 0.10390625 0.0107421875 0.0203125
0 0.95458984375 0.0703125 0.0087890625 0.018750000000000003
0 0.96240234375 0.13593750000000002 0.0107421875 0.015625
0 0.97119140625 0.035937500000000004 0.0087890625 0.015625
0 0.11572265625 0.051562500000000004 0.0068359375 0.0125
