0 0.18115234375 0.21512481644640233 0.0302734375 0.06314243759177679
0 0.390625 0.21071953010279001 0.04296875 0.09544787077826725
0 0.61865234375 0.368575624082232 0.0498046875 0.07342143906020558
0 0.78955078125 0.24816446402349485 0.0478515625 0.0763582966226138
0 0.43408203125 0.4096916299559471 0.0341796875 0.05580029368575624
0 0.9794921875 0.4133627019089574 0.0234375 0.042584434654919234
0 0.0244140625 0.4353891336270191 0.01953125 0.042584434654919234
0 0.0849609375 0.45227606461086634 0.01953125 0.0381791483113069
0 0.84326171875 0.42217327459618204 0.0205078125 0.033773861967694566
0 0.89697265625 0.4133627019089574 0.0224609375 0.03083700440528634
0 0.23291015625 0.32966226138032306 0.0166015625 0.024963289280469897
