0 0.900390625 0.24743024963289278 0.029296875 0.057268722466960346
0 0.8203125 0.24669603524229072 0.03125 0.05580029368575624
0 0.7548828125 0.26505139500734215 0.02734375 0.06020558002936857
0 0.78466796875 0.4185022026431718 0.0302734375 0.05580029368575624
0 0.7060546875 0.5352422907488986 0.029296875 0.06020558002936857
0 0.7021484375 0.41556534508076354 0.029296875 0.05580029368575624
0 0.65966796875 0.2672540381791483 0.0283203125 0.05286343612334801
0 0.609375 0.41483113069016153 0.029296875 0.05433186490455213
0 0.6015625 0.5513950073421439 0.02734375 0.06020558002936857
0 0.55615234375 0.2621145374449339 0.0283203125 0.05433186490455213
0 0.46826171875 0.2422907488986784 0.0283203125 0.05580029368575624
0 0.37890625 0.2577092511013216 0.02734375 0.06020558002936857
0 0.1826171875 0.2701908957415565 0.033203125 0.06167400881057268
0 0.28125 0.26284875183553597 0.029296875 0.06167400881057268
0 0.22705078125 0.4229074889867841 0.0302734375 0.05873715124816446
0 0.32177734375 0.42070484581497797 0.0283203125 0.057268722466960346
0 0.18603515625 0.5558002936857562 0.0361328125 0.06607929515418502
0 0.34033203125 0.5602055800293686 0.0302734375 0.06020558002936857
0 0.39208984375 0.6343612334801761 0.0322265625 0.06167400881057268
0 0.42236328125 0.40602055800293685 0.0283203125 0.05433186490455213
0 0.5205078125 0.40895741556534504 0.02734375 0.057268722466960346
0 0.46484375 0.5447870778267254 0.03125 0.049926578560939794
0 0.51220703125 0.632892804698972 0.0322265625 0.06461086637298091
