0 0.19287109375 0.17578125 0.0380859375 0.08281250000000001
0 0.2861328125 0.18203125 0.041015625 0.08281250000000001
0 0.2353515625 0.44609375 0.0390625 0.07968750000000001
0 0.37255859375 0.36171875000000003 0.0361328125 0.0890625
0 0.5185546875 0.43671875000000004 0.0390625 0.07968750000000001
0 0.5380859375 0.21250000000000002 0.037109375 0.078125
0 0.416015625 0.18125000000000002 0.03515625 0.08125
0 0.673828125 0.17578125 0.0390625 0.0890625
0 0.81689453125 0.16718750000000002 0.0380859375 0.08125
0 0.7919921875 0.32890625 0.0390625 0.07968750000000001
0 0.662109375 0.40156250000000004 0.0390625 0.078125
