0 0.064453125 0.43229166666666663 0.0234375 0.05208333333333333
0 0.12109375 0.42447916666666663 0.013671875 0.020833333333333332
0 0.3408203125 0.49479166666666663 0.02734375 0.04427083333333333
0 0.27490234375 0.4453125 0.0185546875 0.041666666666666664
0 0.31005859375 0.4270833333333333 0.0166015625 0.0390625
0 0.251953125 0.435546875 0.015625 0.04036458333333333
0 0.22802734375 0.4153645833333333 0.0205078125 0.04427083333333333
0 0.33837890625 0.4055989583333333 0.0146484375 0.03255208333333333
0 0.4765625 0.3997395833333333 0.02734375 0.0546875
0 0.5439453125 0.42252604166666663 0.02734375 0.05078125
0 0.57373046875 0.4114583333333333 0.0146484375 0.03125
0 0.6083984375 0.44921875 0.0234375 0.046875
0 0.62353515625 0.3899739583333333 0.0185546875 0.03255208333333333
0 0.65771484375 0.42447916666666663 0.0244140625 0.049479166666666664
0 0.6875 0.443359375 0.025390625 0.05598958333333333
0 0.73974609375 0.42643229166666663 0.0302734375 0.04817708333333333
0 0.71728515625 0.4583333333333333 0.0205078125 0.028645833333333332
0 0.8037109375 0.517578125 0.02734375 0.053385416666666664
0 0.78662109375 0.6328125 0.0341796875 0.057291666666666664
0 0.87646484375 0.4583333333333333 0.0185546875 0.0390625
0 0.95703125 0.4544270833333333 0.015625 0.0390625
0 0.24365234375 0.640625 0.0341796875 0.046875
0 0.2978515625 0.39322916666666663 0.013671875 0.0234375
0 0.2685546875 0.3919270833333333 0.015625 0.0234375
0 0.17578125 0.39518229166666663 0.013671875 0.022135416666666664
0 0.10205078125 0.4602864583333333 0.0146484375 0.024739583333333332
0 0.32421875 0.376953125 0.013671875 0.022135416666666664
0 0.37255859375 0.3704427083333333 0.0087890625 0.01953125
0 0.38671875 0.4173177083333333 0.015625 0.029947916666666664
0 0.80810546875 0.462890625 0.0205078125 0.03255208333333333
