0 0.1328125 0.49768786127167636 0.015625 0.021965317919075147
0 0.30419921875 0.507514450867052 0.0146484375 0.027745664739884393
0 0.34228515625 0.4479768786127168 0.0087890625 0.012716763005780347
0 0.3974609375 0.4815028901734104 0.015625 0.024277456647398846
0 0.45068359375 0.4393063583815029 0.0087890625 0.013872832369942197
0 0.47119140625 0.44855491329479774 0.0146484375 0.023121387283236997
0 0.5234375 0.4739884393063584 0.017578125 0.020809248554913295
0 0.5322265625 0.41676300578034686 0.009765625 0.015028901734104047
0 0.61865234375 0.4763005780346821 0.0146484375 0.020809248554913295
0 0.65576171875 0.48439306358381506 0.0126953125 0.025433526011560695
0 0.71435546875 0.45144508670520234 0.0126953125 0.017341040462427747
0 0.8447265625 0.4439306358381503 0.01953125 0.025433526011560695
0 0.923828125 0.4497109826589596 0.01171875 0.0161849710982659
0 0.98193359375 0.43988439306358385 0.0146484375 0.017341040462427747
0 0.296875 0.476878612716763 0.01171875 0.021965317919075147
