0 0.19287109375 0.17274305555555555 0.0322265625 0.08159722222222222
0 0.2802734375 0.20833333333333331 0.033203125 0.0798611111111111
0 0.37451171875 0.2048611111111111 0.0322265625 0.07291666666666666
0 0.47705078125 0.22743055555555555 0.0341796875 0.0798611111111111
0 0.5869140625 0.20572916666666666 0.033203125 0.08159722222222222
0 0.67822265625 0.21354166666666666 0.0361328125 0.08680555555555555
0 0.66162109375 0.4696180555555555 0.0341796875 0.078125
0 0.78564453125 0.25 0.0341796875 0.07638888888888888
0 0.31494140625 0.5338541666666666 0.0361328125 0.078125
0 0.43017578125 0.517361111111111 0.0361328125 0.08680555555555555
0 0.5380859375 0.5555555555555556 0.037109375 0.0625
