0 0.0712890625 0.36992840095465396 0.029296875 0.04534606205250597
0 0.00634765625 0.3884248210023867 0.0126953125 0.03460620525059666
0 0.18017578125 0.37768496420047737 0.0283203125 0.041766109785202864
0 0.28466796875 0.3758949880668258 0.0244140625 0.04534606205250597
0 0.322265625 0.3747016706443914 0.0234375 0.03579952267303103
0 0.4052734375 0.3842482100238664 0.021484375 0.03341288782816229
0 0.48193359375 0.37828162291169454 0.0224609375 0.03102625298329356
0 0.54638671875 0.37768496420047737 0.0263671875 0.032219570405727926
0 0.61865234375 0.37112171837708835 0.0263671875 0.03341288782816229
0 0.66796875 0.3788782816229117 0.025390625 0.0441527446300716
0 0.7451171875 0.3597852028639618 0.02734375 0.0441527446300716
0 0.86181640625 0.38126491646778043 0.0263671875 0.05131264916467781
0 0.884765625 0.38126491646778043 0.033203125 0.053699284009546544
0 0.9697265625 0.44868735083532224 0.029296875 0.081145584725537
