0 0.0859375 0.28216374269005845 0.033203125 0.06140350877192982
0 0.18603515625 0.26461988304093564 0.0341796875 0.06432748538011696
0 0.216796875 0.402046783625731 0.033203125 0.06432748538011696
0 0.28515625 0.2799707602339181 0.029296875 0.06286549707602339
0 0.2783203125 0.408625730994152 0.03125 0.06578947368421052
0 0.3447265625 0.4122807017543859 0.03125 0.05555555555555555
0 0.37158203125 0.27923976608187134 0.0302734375 0.05555555555555555
0 0.458984375 0.26096491228070173 0.029296875 0.05701754385964912
0 0.43310546875 0.38523391812865493 0.0322265625 0.06286549707602339
0 0.53564453125 0.266812865497076 0.0283203125 0.05116959064327485
0 0.61767578125 0.2704678362573099 0.0302734375 0.05555555555555555
0 0.61083984375 0.3991228070175438 0.0322265625 0.06140350877192982
0 0.517578125 0.36330409356725146 0.033203125 0.06871345029239766
0 0.80078125 0.2880116959064327 0.03125 0.06725146198830409
0 0.90283203125 0.2975146198830409 0.0302734375 0.054093567251461985
0 0.8310546875 0.4334795321637427 0.03125 0.06286549707602339
0 0.70751953125 0.2711988304093567 0.0283203125 0.059941520467836254
0 0.68115234375 0.4005847953216374 0.0302734375 0.06140350877192982
0 0.75537109375 0.41666666666666663 0.0302734375 0.06140350877192982
