0 0.064453125 0.2805989583333333 0.03125 0.06640625
0 0.15576171875 0.2962239583333333 0.0302734375 0.06380208333333333
0 0.244140625 0.30533854166666663 0.02734375 0.05859375
0 0.30859375 0.3274739583333333 0.02734375 0.053385416666666664
0 0.38134765625 0.349609375 0.0244140625 0.05078125
0 0.4453125 0.35807291666666663 0.0234375 0.04427083333333333
0 0.49560546875 0.37955729166666663 0.0224609375 0.045572916666666664
0 0.54736328125 0.3899739583333333 0.0205078125 0.04036458333333333
0 0.59619140625 0.4055989583333333 0.0205078125 0.037760416666666664
0 0.67919921875 0.4309895833333333 0.0185546875 0.033854166666666664
0 0.64208984375 0.42057291666666663 0.0205078125 0.033854166666666664
