0 0.12353515625 0.4186939820742637 0.0126953125 0.02560819462227913
0 0.20654296875 0.40396927016645323 0.0126953125 0.02432778489116517
0 0.171875 0.3962868117797695 0.015625 0.02432778489116517
0 0.31396484375 0.4846350832266325 0.0126953125 0.02176696542893726
0 0.0166015625 0.40909090909090906 0.01171875 0.026888604353393086
0 0.21484375 0.49167733674775926 0.013671875 0.020486555697823303
0 0.625 0.4833546734955185 0.025390625 0.029449423815620997
0 0.82421875 0.3873239436619718 0.01171875 0.02176696542893726
0 0.7177734375 0.4161331626120358 0.009765625 0.015364916773367477
0 0.9736328125 0.45326504481434055 0.0078125 0.015364916773367477
0 0.3564453125 0.42509603072983354 0.01171875 0.015364916773367477
0 0.28466796875 0.4295774647887324 0.0068359375 0.011523687580025609
0 0.1875 0.39820742637644047 0.0078125 0.023047375160051217
0 0.279296875 0.4782330345710627 0.009765625 0.016645326504481434
0 0.97705078125 0.48975672215108834 0.0087890625 0.016645326504481434
0 0.34716796875 0.42125480153649164 0.0087890625 0.017925736235595388
0 0.0205078125 0.4827144686299616 0.01171875 0.017925736235595388
