0 0.1640625 0.07899305555555555 0.046875 0.10590277777777778
0 0.1552734375 0.17795138888888887 0.044921875 0.109375
0 0.27099609375 0.22395833333333331 0.0478515625 0.12152777777777778
0 0.302734375 0.0876736111111111 0.04296875 0.10590277777777778
0 0.46240234375 0.23524305555555555 0.0458984375 0.109375
0 0.4052734375 0.1015625 0.041015625 0.0954861111111111
0 0.53466796875 0.09027777777777778 0.0400390625 0.10069444444444443
0 0.771484375 0.21527777777777776 0.046875 0.10763888888888888
0 0.7880859375 0.06510416666666666 0.04296875 0.09895833333333333
0 0.671875 0.06944444444444445 0.041015625 0.10069444444444443
0 0.66064453125 0.32291666666666663 0.0439453125 0.10763888888888888
