0 0.12451171875 0.24472891566265062 0.0322265625 0.05271084337349398
0 0.30615234375 0.3305722891566265 0.0224609375 0.04668674698795181
0 0.31494140625 0.2274096385542169 0.0380859375 0.05421686746987952
0 0.45654296875 0.2296686746987952 0.0419921875 0.06174698795180723
0 0.5185546875 0.25 0.03125 0.05421686746987952
0 0.2470703125 0.6573795180722892 0.025390625 0.04668674698795181
0 0.41015625 0.6897590361445783 0.029296875 0.060240963855421686
0 0.734375 0.7055722891566265 0.01171875 0.01957831325301205
0 0.7724609375 0.720632530120482 0.015625 0.022590361445783132
0 0.6611328125 0.6694277108433735 0.009765625 0.01957831325301205
0 0.4609375 0.6912650602409639 0.009765625 0.01807228915662651
0 0.84619140625 0.2801204819277109 0.0263671875 0.04819277108433735
0 0.9111328125 0.2033132530120482 0.04296875 0.05120481927710844
