0 0.31591796875 0.2908745247148289 0.0380859375 0.0697084917617237
0 0.3330078125 0.3035487959442332 0.0234375 0.062103929024081114
0 0.35498046875 0.29467680608365016 0.0263671875 0.04689480354879594
0 0.48095703125 0.3288973384030418 0.0361328125 0.06463878326996197
0 0.55224609375 0.24968314321926488 0.0380859375 0.053231939163498096
0 0.650390625 0.23764258555133078 0.0390625 0.07984790874524714
0 0.72998046875 0.2591888466413181 0.0341796875 0.05703422053231939
0 0.79345703125 0.3257287705956907 0.0244140625 0.048162230671736375
0 0.87451171875 0.2141951837769328 0.0458984375 0.06844106463878327
0 0.986328125 0.2845373891001267 0.025390625 0.036755386565272496
