0 0.05908203125 0.814070351758794 0.0185546875 0.020100502512562818
0 0.095703125 0.6060301507537689 0.01171875 0.01206030150753769
0 0.0146484375 0.6592964824120604 0.009765625 0.016080402010050253
0 0.40966796875 0.885427135678392 0.0146484375 0.018090452261306535
0 0.48095703125 0.8467336683417086 0.0146484375 0.017085427135678392
0 0.89599609375 0.5371859296482413 0.0087890625 0.013065326633165831
0 0.81201171875 0.6673366834170855 0.0087890625 0.01206030150753769
0 0.16650390625 0.5532663316582915 0.0087890625 0.011055276381909548
0 0.3310546875 0.6467336683417086 0.009765625 0.013065326633165831
0 0.3828125 0.6844221105527639 0.01171875 0.01206030150753769
