0 0.59423828125 0.7068713450292398 0.0087890625 0.01608187134502924
0 0.55712890625 0.597953216374269 0.0068359375 0.011695906432748537
0 0.45458984375 0.516812865497076 0.0068359375 0.01023391812865497
0 0.72314453125 0.5562865497076023 0.0068359375 0.013157894736842105
0 0.05126953125 0.9064327485380117 0.0126953125 0.02046783625730994
0 0.09033203125 0.5219298245614035 0.0068359375 0.011695906432748537
0 0.0576171875 0.540204678362573 0.005859375 0.007309941520467836
0 0.02783203125 0.5292397660818713 0.0068359375 0.008771929824561403
0 0.08349609375 0.5036549707602339 0.0048828125 0.01023391812865497
0 0.07470703125 0.4473684210526315 0.0029296875 0.005847953216374269
0 0.06494140625 0.4232456140350877 0.0048828125 0.007309941520467836
0 0.087890625 0.41081871345029236 0.00390625 0.008771929824561403
0 0.10986328125 0.4546783625730994 0.0048828125 0.005847953216374269
0 0.24462890625 0.48684210526315785 0.0048828125 0.008771929824561403
0 0.6640625 0.4049707602339181 0.005859375 0.008771929824561403
0 0.24853515625 0.5782163742690059 0.0048828125 0.01023391812865497
