0 0.05126953125 0.4622395833333333 0.0126953125 0.026041666666666664
0 0.10009765625 0.47265625 0.0107421875 0.018229166666666664
0 0.08642578125 0.4993489583333333 0.0107421875 0.016927083333333332
0 0.4130859375 0.5013020833333333 0.01171875 0.0234375
0 0.68603515625 0.5065104166666666 0.0146484375 0.020833333333333332
0 0.77587890625 0.478515625 0.0107421875 0.01953125
0 0.80029296875 0.48893229166666663 0.0146484375 0.022135416666666664
0 0.6884765625 0.44010416666666663 0.025390625 0.03645833333333333
0 0.7412109375 0.4348958333333333 0.029296875 0.033854166666666664
0 0.86474609375 0.4466145833333333 0.0048828125 0.010416666666666666
0 0.7373046875 0.5013020833333333 0.025390625 0.03645833333333333
0 0.697265625 0.49088541666666663 0.021484375 0.020833333333333332
0 0.93310546875 0.4296875 0.0068359375 0.0078125
0 0.94580078125 0.5 0.0087890625 0.018229166666666664
