0 0.068359375 0.3001302083333333 0.025390625 0.045572916666666664
0 0.07568359375 0.32096354166666663 0.0146484375 0.029947916666666664
0 0.1103515625 0.33203125 0.0234375 0.04427083333333333
0 0.01318359375 0.375 0.0263671875 0.0546875
0 0.0126953125 0.45768229166666663 0.025390625 0.061197916666666664
0 0.03125 0.45703125 0.0234375 0.05208333333333333
0 0.05419921875 0.4388020833333333 0.0185546875 0.033854166666666664
0 0.17236328125 0.5846354166666666 0.0341796875 0.057291666666666664
0 0.16357421875 0.369140625 0.0283203125 0.04817708333333333
0 0.1923828125 0.3391927083333333 0.0234375 0.04296875
0 0.2216796875 0.37890625 0.02734375 0.046875
0 0.26123046875 0.3841145833333333 0.0263671875 0.04427083333333333
0 0.2998046875 0.4016927083333333 0.017578125 0.037760416666666664
0 0.28271484375 0.41080729166666663 0.0185546875 0.03515625
0 0.2958984375 0.22591145833333331 0.0546875 0.053385416666666664
0 0.46337890625 0.40299479166666663 0.0185546875 0.03255208333333333
0 0.50732421875 0.38151041666666663 0.0185546875 0.028645833333333332
0 0.5517578125 0.4466145833333333 0.017578125 0.026041666666666664
0 0.568359375 0.45377604166666663 0.013671875 0.022135416666666664
0 0.57666015625 0.40104166666666663 0.0146484375 0.028645833333333332
0 0.5888671875 0.37760416666666663 0.01171875 0.0234375
0 0.72998046875 0.4134114583333333 0.0087890625 0.022135416666666664
0 0.76025390625 0.39127604166666663 0.0126953125 0.022135416666666664
0 0.77490234375 0.39453125 0.0166015625 0.028645833333333332
0 0.81494140625 0.4251302083333333 0.0126953125 0.01953125
0 0.8134765625 0.455078125 0.009765625 0.01953125
0 0.83447265625 0.43229166666666663 0.0107421875 0.015625
0 0.84521484375 0.4212239583333333 0.0126953125 0.01953125
0 0.85986328125 0.44010416666666663 0.0107421875 0.018229166666666664
0 0.86181640625 0.4192708333333333 0.0126953125 0.020833333333333332
0 0.6904296875 0.19596354166666666 0.048828125 0.07161458333333333
0 0.02294921875 0.3177083333333333 0.0244140625 0.046875
0 0.8837890625 0.421875 0.01171875 0.018229166666666664
0 0.87353515625 0.453125 0.0087890625 0.015625
0 0.8984375 0.427734375 0.01171875 0.016927083333333332
0 0.8984375 0.46354166666666663 0.009765625 0.013020833333333332
0 0.91357421875 0.4192708333333333 0.0107421875 0.015625
0 0.93359375 0.41666666666666663 0.0078125 0.015625
0 0.939453125 0.4212239583333333 0.0078125 0.014322916666666666
0 0.9619140625 0.416015625 0.009765625 0.016927083333333332
0 0.97314453125 0.416015625 0.0087890625 0.014322916666666666
0 0.8193359375 0.14973958333333331 0.0078125 0.015625
0 0.9775390625 0.48046875 0.02734375 0.03645833333333333
0 0.31787109375 0.36979166666666663 0.0166015625 0.03125
0 0.25732421875 0.3470052083333333 0.0166015625 0.02734375
0 0.06640625 0.4134114583333333 0.017578125 0.03255208333333333
0 0.1826171875 0.48697916666666663 0.029296875 0.033854166666666664
0 0.3349609375 0.39518229166666663 0.01953125 0.03515625
0 0.44384765625 0.388671875 0.0166015625 0.03515625
0 0.93994140625 0.4505208333333333 0.0087890625 0.015625
0 0.5517578125 0.38932291666666663 0.013671875 0.020833333333333332
