0 0.17578125 0.27569444444444446 0.060546875 0.08750000000000001
0 0.28564453125 0.17569444444444446 0.0537109375 0.09861111111111112
0 0.31591796875 0.32708333333333334 0.0537109375 0.08472222222222223
0 0.43701171875 0.35347222222222224 0.0537109375 0.08750000000000001
0 0.4267578125 0.24791666666666667 0.0546875 0.07361111111111111
0 0.5537109375 0.2604166666666667 0.052734375 0.08750000000000001
0 0.64501953125 0.2548611111111111 0.0498046875 0.08750000000000001
0 0.720703125 0.3180555555555556 0.052734375 0.08888888888888889
0 0.75927734375 0.17500000000000002 0.0498046875 0.09444444444444444
0 0.83740234375 0.32569444444444445 0.0517578125 0.08750000000000001
0 0.6474609375 0.40972222222222227 0.05859375 0.09166666666666667
0 0.51806640625 0.4930555555555556 0.0537109375 0.08055555555555556
