0 0.5986328125 0.004557291666666666 0.015625 0.009114583333333332
0 0.68310546875 0.009765625 0.0166015625 0.01953125
0 0.77978515625 0.021484375 0.0185546875 0.02734375
0 0.6455078125 0.25846354166666663 0.037109375 0.06380208333333333
0 0.708984375 0.25846354166666663 0.037109375 0.06640625
0 0.578125 0.23763020833333331 0.041015625 0.06380208333333333
0 0.49365234375 0.20052083333333331 0.0380859375 0.0703125
0 0.87548828125 0.26041666666666663 0.0224609375 0.03645833333333333
0 0.82373046875 0.22786458333333331 0.0498046875 0.0703125
0 0.302734375 0.24479166666666666 0.041015625 0.06510416666666666
0 0.22021484375 0.24479166666666666 0.0419921875 0.0703125
0 0.14599609375 0.28515625 0.0380859375 0.06770833333333333
0 0.41455078125 0.150390625 0.0439453125 0.06901041666666666
