0 0.09130859375 0.40625 0.0361328125 0.05208333333333333
0 0.24267578125 0.34049479166666663 0.0341796875 0.053385416666666664
0 0.38427734375 0.2688802083333333 0.0341796875 0.05598958333333333
0 0.51611328125 0.2734375 0.0322265625 0.049479166666666664
0 0.01025390625 0.48502604166666663 0.0166015625 0.037760416666666664
0 0.1328125 0.44986979166666663 0.01953125 0.03255208333333333
0 0.6484375 0.32291666666666663 0.029296875 0.04427083333333333
0 0.7880859375 0.3450520833333333 0.029296875 0.049479166666666664
0 0.68798828125 0.28776041666666663 0.0185546875 0.03645833333333333
0 0.927734375 0.37760416666666663 0.02734375 0.049479166666666664
0 0.79296875 0.275390625 0.01171875 0.022135416666666664
0 0.857421875 0.33072916666666663 0.015625 0.026041666666666664
0 0.87060546875 0.26236979166666663 0.0146484375 0.024739583333333332
0 0.75634765625 0.2845052083333333 0.0146484375 0.022135416666666664
