0 0.43115234375 0.4016152716593245 0.0205078125 0.03671071953010279
0 0.46630859375 0.3898678414096916 0.0205078125 0.03964757709251101
0 0.513671875 0.37738619676945667 0.0234375 0.041116005873715125
0 0.0380859375 0.4265785609397944 0.013671875 0.02790014684287812
0 0.05810546875 0.3986784140969163 0.0205078125 0.03964757709251101
0 0.24853515625 0.3766519823788546 0.0205078125 0.03671071953010279
0 0.1416015625 0.3883994126284875 0.013671875 0.02790014684287812
0 0.43359375 0.63215859030837 0.0859375 0.11306901615271658
0 0.91748046875 0.3964757709251101 0.0224609375 0.041116005873715125
0 0.80322265625 0.4052863436123348 0.0244140625 0.035242290748898675
0 0.76171875 0.39133627019089573 0.021484375 0.042584434654919234
0 0.72802734375 0.36123348017621143 0.0205078125 0.041116005873715125
0 0.67626953125 0.381791483113069 0.0205078125 0.0381791483113069
0 0.63427734375 0.39574155653450804 0.0185546875 0.033773861967694566
0 0.3828125 0.434654919236417 0.021484375 0.035242290748898675
