0 0.02392578125 0.2718954248366013 0.0146484375 0.01830065359477124
0 0.05810546875 0.26666666666666666 0.0205078125 0.03137254901960784
0 0.1416015625 0.24444444444444444 0.0703125 0.11241830065359476
0 0.20068359375 0.27124183006535946 0.0185546875 0.027450980392156862
0 0.2626953125 0.39738562091503266 0.05859375 0.09934640522875816
0 0.38037109375 0.3333333333333333 0.0556640625 0.09934640522875816
0 0.42431640625 0.1738562091503268 0.0537109375 0.08366013071895424
0 0.494140625 0.2895424836601307 0.056640625 0.08758169934640522
0 0.86083984375 0.44052287581699345 0.0615234375 0.08627450980392157
0 0.76171875 0.37712418300653594 0.05859375 0.09803921568627451
0 0.623046875 0.31437908496732025 0.056640625 0.09019607843137255
0 0.5830078125 0.28431372549019607 0.015625 0.0326797385620915
0 0.78515625 0.2771241830065359 0.01171875 0.02091503267973856
0 0.8935546875 0.2699346405228758 0.0234375 0.03790849673202614
0 0.93798828125 0.29084967320261434 0.0166015625 0.027450980392156862
0 0.98779296875 0.29281045751633983 0.0126953125 0.023529411764705882
0 0.1806640625 0.26013071895424833 0.009765625 0.02091503267973856
