0 0.5615234375 0.07562408223201174 0.07421875 0.057268722466960346
0 0.65576171875 0.803230543318649 0.0244140625 0.041116005873715125
0 0.5556640625 0.8113069016152716 0.021484375 0.03671071953010279
0 0.44384765625 0.7657856093979442 0.0224609375 0.03083700440528634
0 0.36572265625 0.7988252569750367 0.0224609375 0.0381791483113069
0 0.49072265625 0.6945668135095447 0.0244140625 0.0381791483113069
0 0.40771484375 0.6828193832599119 0.0224609375 0.0381791483113069
0 0.3642578125 0.7474302496328927 0.021484375 0.02936857562408223
0 0.28173828125 0.6894273127753303 0.0244140625 0.042584434654919234
0 0.279296875 0.7533039647577092 0.021484375 0.04405286343612334
0 0.083984375 0.7415565345080763 0.0234375 0.0381791483113069
0 0.07421875 0.6020558002936858 0.021484375 0.0381791483113069
0 0.01318359375 0.6688693098384728 0.0224609375 0.04552129221732746
0 0.53271484375 0.540381791483113 0.0205078125 0.04405286343612334
0 0.4931640625 0.5587371512481645 0.02734375 0.03671071953010279
0 0.375 0.5359765051395007 0.0234375 0.04405286343612334
0 0.05712890625 0.47356828193832595 0.0205078125 0.03964757709251101
0 0.21826171875 0.3252569750367107 0.0205078125 0.03671071953010279
0 0.29541015625 0.3105726872246696 0.0205078125 0.033773861967694566
0 0.1591796875 0.31571218795888395 0.01953125 0.02936857562408223
0 0.1318359375 0.24816446402349485 0.017578125 0.026431718061674006
0 0.18310546875 0.2004405286343612 0.0185546875 0.03964757709251101
0 0.13037109375 0.13509544787077826 0.0166015625 0.032305433186490456
0 0.056640625 0.12481644640234948 0.017578125 0.026431718061674006
0 0.1630859375 0.09030837004405286 0.015625 0.02790014684287812
0 0.228515625 0.08516886930983847 0.013671875 0.026431718061674006
0 0.263671875 0.1872246696035242 0.017578125 0.033773861967694566
0 0.2861328125 0.14170337738619676 0.013671875 0.02790014684287812
0 0.37841796875 0.32378854625550657 0.0166015625 0.04552129221732746
0 0.40966796875 0.05506607929515418 0.0166015625 0.03083700440528634
0 0.23046875 0.2540381791483113 0.01953125 0.0381791483113069
0 0.908203125 0.6857562408223201 0.021484375 0.0381791483113069
0 0.861328125 0.6350954478707782 0.017578125 0.02790014684287812
0 0.8671875 0.5389133627019089 0.015625 0.032305433186490456
0 0.93212890625 0.5477239353891336 0.0205078125 0.0381791483113069
0 0.97119140625 0.4919236417033774 0.0205078125 0.032305433186490456
0 0.9443359375 0.33113069016152713 0.017578125 0.03083700440528634
0 0.90234375 0.47356828193832595 0.0234375 0.033773861967694566
0 0.3359375 0.19897209985315711 0.01953125 0.03671071953010279
0 0.701171875 0.0763582966226138 0.015625 0.035242290748898675
0 0.724609375 0.07488986784140969 0.017578125 0.026431718061674006
0 0.71728515625 0.02790014684287812 0.0185546875 0.026431718061674006
0 0.65283203125 0.023494860499265784 0.0166015625 0.02936857562408223
0 0.19775390625 0.7268722466960352 0.0185546875 0.035242290748898675
0 0.775390625 0.7577092511013216 0.015625 0.0381791483113069
0 0.8857421875 0.7826725403817915 0.025390625 0.041116005873715125
