0 0.21630859375 0.4401459854014598 0.0478515625 0.08905109489051094
0 0.3486328125 0.4635036496350365 0.052734375 0.0948905109489051
0 0.478515625 0.5211678832116788 0.05078125 0.09635036496350365
0 0.57080078125 0.583941605839416 0.0498046875 0.09635036496350365
0 0.6484375 0.5518248175182482 0.048828125 0.0875912408759124
0 0.77001953125 0.23065693430656933 0.0498046875 0.09343065693430656
0 0.6474609375 0.27883211678832115 0.048828125 0.09635036496350365
0 0.56689453125 0.3007299270072992 0.0439453125 0.0875912408759124
0 0.46630859375 0.27883211678832115 0.0478515625 0.08467153284671532
0 0.52490234375 0.2313868613138686 0.0478515625 0.09197080291970802
0 0.4033203125 0.2678832116788321 0.044921875 0.07153284671532846
0 0.32421875 0.22773722627737225 0.048828125 0.09343065693430656
0 0.25048828125 0.3 0.0498046875 0.08613138686131386
0 0.7119140625 0.1635036496350365 0.044921875 0.08467153284671532
0 0.11376953125 0.45985401459854014 0.0048828125 0.01167883211678832
0 0.13427734375 0.46788321167883207 0.0048828125 0.010218978102189781
0 0.01904296875 0.46131386861313867 0.0048828125 0.01751824817518248
0 0.08642578125 0.4810218978102189 0.0029296875 0.010218978102189781
