0 0.275390625 0.11747430249632893 0.044921875 0.08810572687224669
0 0.41650390625 0.0947136563876652 0.0458984375 0.08663729809104258
0 0.5341796875 0.12187958883994125 0.046875 0.07929515418502202
0 0.673828125 0.11086637298091041 0.041015625 0.08076358296622613
0 0.16455078125 0.37812041116005873 0.0458984375 0.07782672540381791
0 0.36865234375 0.33480176211453744 0.0498046875 0.08810572687224669
0 0.60888671875 0.3054331864904552 0.0458984375 0.09104258443465492
0 0.81494140625 0.32158590308370044 0.0419921875 0.07929515418502202
0 0.677734375 0.4963289280469897 0.044921875 0.08223201174743025
0 0.5 0.5014684287812041 0.044921875 0.0895741556534508
0 0.30517578125 0.5381791483113069 0.0498046875 0.08663729809104258
