0 0.2373046875 0.1776798825256975 0.017578125 0.02936857562408223
0 0.26904296875 0.2158590308370044 0.0166015625 0.02936857562408223
0 0.33154296875 0.1960352422907489 0.0205078125 0.03671071953010279
0 0.40478515625 0.29441997063142433 0.0166015625 0.03083700440528634
0 0.501953125 0.28120411160058734 0.017578125 0.033773861967694566
0 0.2158203125 0.4067547723935389 0.017578125 0.05286343612334801
0 0.37646484375 0.39794419970631423 0.0224609375 0.049926578560939794
0 0.517578125 0.3641703377386197 0.021484375 0.04698972099853157
0 0.78369140625 0.34948604992657856 0.0146484375 0.041116005873715125
0 0.90625 0.48825256975036707 0.02734375 0.04552129221732746
0 0.62646484375 0.1960352422907489 0.0166015625 0.03083700440528634
0 0.74267578125 0.23861967694566813 0.0185546875 0.03671071953010279
0 0.765625 0.17474302496328928 0.017578125 0.032305433186490456
0 0.658203125 0.38913362701908955 0.017578125 0.0381791483113069
