0 0.0546875 0.19205729166666666 0.021484375 0.029947916666666664
0 0.16455078125 0.19921875 0.0068359375 0.018229166666666664
0 0.2744140625 0.17708333333333331 0.017578125 0.033854166666666664
0 0.3544921875 0.19596354166666666 0.0234375 0.03515625
0 0.40673828125 0.17122395833333331 0.0166015625 0.04817708333333333
0 0.48828125 0.18684895833333331 0.017578125 0.053385416666666664
0 0.53271484375 0.18815104166666666 0.0146484375 0.04817708333333333
0 0.70703125 0.20377604166666666 0.009765625 0.01953125
0 0.97021484375 0.13932291666666666 0.0146484375 0.033854166666666664
0 0.99267578125 0.19270833333333331 0.0146484375 0.0390625
