0 0.09375 0.4993489583333333 0.041015625 0.07421875
0 0.20166015625 0.46158854166666663 0.0400390625 0.07161458333333333
0 0.2626953125 0.5006510416666666 0.03515625 0.06380208333333333
0 0.36328125 0.45768229166666663 0.03515625 0.06640625
0 0.4267578125 0.447265625 0.03515625 0.06640625
0 0.5205078125 0.4368489583333333 0.03515625 0.05859375
0 0.5966796875 0.44791666666666663 0.03515625 0.06510416666666666
0 0.67529296875 0.43619791666666663 0.0341796875 0.05208333333333333
0 0.74609375 0.44986979166666663 0.033203125 0.061197916666666664
0 0.85302734375 0.4173177083333333 0.0322265625 0.04817708333333333
0 0.919921875 0.45703125 0.03125 0.0546875
