0 0.0068359375 0.3845486111111111 0.013671875 0.029513888888888888
0 0.04443359375 0.3680555555555555 0.0185546875 0.027777777777777776
0 0.08349609375 0.3836805555555555 0.0166015625 0.034722222222222224
0 0.12646484375 0.3758680555555555 0.0185546875 0.03645833333333333
0 0.171875 0.3810763888888889 0.01953125 0.03993055555555555
0 0.20849609375 0.3984375 0.0244140625 0.03993055555555555
0 0.26220703125 0.35416666666666663 0.0224609375 0.04513888888888889
0 0.3232421875 0.3628472222222222 0.0234375 0.048611111111111105
0 0.37744140625 0.3689236111111111 0.0224609375 0.05034722222222222
0 0.42919921875 0.40625 0.0283203125 0.048611111111111105
0 0.486328125 0.37760416666666663 0.021484375 0.046875
0 0.56640625 0.40451388888888884 0.0234375 0.05208333333333333
0 0.587890625 0.41059027777777773 0.015625 0.05034722222222222
0 0.64208984375 0.453125 0.0205078125 0.041666666666666664
0 0.6572265625 0.3862847222222222 0.021484375 0.046875
0 0.7177734375 0.42795138888888884 0.015625 0.03298611111111111
0 0.76220703125 0.4392361111111111 0.0087890625 0.017361111111111112
0 0.869140625 0.4314236111111111 0.01171875 0.01909722222222222
0 0.80908203125 0.4331597222222222 0.0126953125 0.022569444444444444
0 0.83349609375 0.43402777777777773 0.0126953125 0.024305555555555552
0 0.9013671875 0.43229166666666663 0.015625 0.027777777777777776
0 0.7333984375 0.4175347222222222 0.01171875 0.029513888888888888
0 0.69189453125 0.42795138888888884 0.0107421875 0.026041666666666664
0 0.7412109375 0.4270833333333333 0.0078125 0.017361111111111112
0 0.92822265625 0.4236111111111111 0.0166015625 0.03125
0 0.421875 0.5833333333333333 0.021484375 0.048611111111111105
