0 0.3486328125 0.17241379310344826 0.033203125 0.04518430439952437
0 0.1416015625 0.20868014268727703 0.029296875 0.03923900118906064
0 0.072265625 0.24673008323424492 0.037109375 0.04875148632580261
0 0.0380859375 0.1961950059453032 0.029296875 0.04518430439952437
0 0.0859375 0.19976218787158143 0.021484375 0.03329369797859691
0 0.3798828125 0.17360285374554102 0.03125 0.047562425683709865
0 0.53564453125 0.19143876337693222 0.0224609375 0.049940546967895356
0 0.9931640625 0.16468489892984542 0.013671875 0.04637336504161712
0 0.96533203125 0.007728894173602853 0.0126953125 0.015457788347205705
0 0.9111328125 0.004161712247324614 0.013671875 0.008323424494649227
0 0.7568359375 0.21462544589774077 0.08984375 0.17241379310344826
0 0.21630859375 0.19500594530321044 0.1103515625 0.15695600475624255
0 0.93359375 0.22175980975029724 0.03515625 0.0511296076099881
0 0.91650390625 0.16765755053507728 0.0283203125 0.042806183115338875
0 0.69873046875 0.2116527942925089 0.0341796875 0.042806183115338875
0 0.498046875 0.17063020214030913 0.02734375 0.04399524375743163
0 0.4248046875 0.17717003567181924 0.03125 0.047562425683709865
0 0.10986328125 0.22354340071343637 0.0244140625 0.026159334126040427
0 0.66455078125 0.12960760998810938 0.0166015625 0.02853745541022592
