0 0.13525390625 0.27043269230769235 0.0537109375 0.08653846153846154
0 0.2138671875 0.17608173076923078 0.048828125 0.07572115384615385
0 0.3369140625 0.2355769230769231 0.052734375 0.0889423076923077
0 0.3994140625 0.18810096153846154 0.044921875 0.06850961538461539
0 0.49462890625 0.22115384615384617 0.0517578125 0.0889423076923077
0 0.580078125 0.3155048076923077 0.05859375 0.08293269230769232
0 0.42138671875 0.3419471153846154 0.0634765625 0.08293269230769232
0 0.255859375 0.3623798076923077 0.0546875 0.06850961538461539
0 0.24169921875 0.4837740384615385 0.0673828125 0.09735576923076923
0 0.55712890625 0.16766826923076925 0.0458984375 0.07572115384615385
0 0.64013671875 0.234375 0.0478515625 0.0625
0 0.8388671875 0.2566105769230769 0.046875 0.07572115384615385
0 0.79345703125 0.3966346153846154 0.0556640625 0.07932692307692309
0 0.70703125 0.3419471153846154 0.05859375 0.08774038461538462
0 0.71875 0.5486778846153847 0.05859375 0.09254807692307693
0 0.81884765625 0.5168269230769231 0.0654296875 0.09134615384615385
0 0.62158203125 0.6322115384615385 0.0654296875 0.08653846153846154
0 0.287109375 0.5859375 0.05859375 0.09254807692307693
0 0.47216796875 0.6141826923076923 0.0634765625 0.0889423076923077
