0 0.892578125 0.6233480176211453 0.017578125 0.03083700440528634
0 0.8154296875 0.6042584434654918 0.017578125 0.03083700440528634
0 0.77880859375 0.5594713656387665 0.0166015625 0.02936857562408223
0 0.75927734375 0.5190895741556534 0.0146484375 0.024963289280469897
0 0.7138671875 0.48017621145374445 0.01171875 0.017621145374449337
0 0.681640625 0.5308370044052864 0.01171875 0.02202643171806167
0 0.740234375 0.6395007342143906 0.017578125 0.03964757709251101
0 0.66943359375 0.6035242290748898 0.0166015625 0.02936857562408223
0 0.6083984375 0.6527165932452276 0.01953125 0.033773861967694566
0 0.642578125 0.5550660792951542 0.017578125 0.026431718061674006
0 0.6064453125 0.4941262848751835 0.01171875 0.01908957415565345
0 0.5556640625 0.5418502202643172 0.013671875 0.020558002936857563
0 0.5234375 0.5734214390602056 0.015625 0.024963289280469897
0 0.49072265625 0.619676945668135 0.0185546875 0.032305433186490456
0 0.50244140625 0.4845814977973568 0.0126953125 0.020558002936857563
0 0.455078125 0.5411160058737151 0.013671875 0.02202643171806167
0 0.408203125 0.5624082232011747 0.013671875 0.023494860499265784
0 0.40869140625 0.6681350954478708 0.0205078125 0.032305433186490456
0 0.35546875 0.6093979441997063 0.015625 0.032305433186490456
0 0.37890625 0.5051395007342143 0.013671875 0.023494860499265784
0 0.3232421875 0.552863436123348 0.015625 0.02202643171806167
0 0.283203125 0.6299559471365639 0.01953125 0.026431718061674006
0 0.2744140625 0.5088105726872246 0.013671875 0.01908957415565345
0 0.2216796875 0.5609397944199705 0.017578125 0.023494860499265784
0 0.17822265625 0.4919236417033774 0.0146484375 0.020558002936857563
0 0.1015625 0.5212922173274596 0.015625 0.026431718061674006
0 0.1474609375 0.6505139500734214 0.01953125 0.035242290748898675
