0 0.94873046875 0.46884272997032644 0.0107421875 0.02077151335311573
0 0.921875 0.4762611275964392 0.009765625 0.017804154302670624
0 0.91845703125 0.45623145400593473 0.0087890625 0.016320474777448073
0 0.90283203125 0.48442136498516325 0.0087890625 0.019287833827893175
0 0.90478515625 0.46439169139465875 0.0087890625 0.01483679525222552
0 0.9287109375 0.46810089020771517 0.0078125 0.016320474777448073
0 0.86474609375 0.48293768545994065 0.0205078125 0.03115727002967359
0 0.83740234375 0.47477744807121663 0.0126953125 0.026706231454005934
0 0.81201171875 0.46587537091988135 0.0107421875 0.02077151335311573
0 0.79345703125 0.4732937685459941 0.0087890625 0.01483679525222552
0 0.77197265625 0.48293768545994065 0.0087890625 0.016320474777448073
0 0.7529296875 0.4695845697329377 0.009765625 0.016320474777448073
0 0.7412109375 0.46884272997032644 0.0078125 0.01483679525222552
0 0.72607421875 0.4732937685459941 0.0068359375 0.01483679525222552
0 0.82568359375 0.4725519287833828 0.0087890625 0.016320474777448073
0 0.99267578125 0.4792284866468843 0.0126953125 0.02077151335311573
0 0.6533203125 0.4673590504451039 0.013671875 0.026706231454005934
0 0.68212890625 0.478486646884273 0.0068359375 0.013353115727002967
0 0.63232421875 0.4695845697329377 0.0107421875 0.019287833827893175
0 0.59326171875 0.4732937685459941 0.0087890625 0.01483679525222552
0 0.57080078125 0.4859050445103858 0.0107421875 0.02225519287833828
0 0.51220703125 0.4050445103857567 0.0224609375 0.03857566765578635
0 0.4765625 0.4910979228486647 0.01171875 0.02077151335311573
0 0.462890625 0.4851632047477745 0.01171875 0.017804154302670624
0 0.44580078125 0.4540059347181009 0.0087890625 0.017804154302670624
0 0.435546875 0.4673590504451039 0.009765625 0.02077151335311573
0 0.4052734375 0.46810089020771517 0.005859375 0.013353115727002967
0 0.36572265625 0.4755192878338279 0.0068359375 0.013353115727002967
0 0.35205078125 0.49035608308605344 0.0126953125 0.02225519287833828
0 0.32666015625 0.46587537091988135 0.0107421875 0.02077151335311573
0 0.31298828125 0.47477744807121663 0.0068359375 0.011869436201780416
0 0.423828125 0.4732937685459941 0.009765625 0.017804154302670624
0 0.27685546875 0.4762611275964392 0.0068359375 0.01483679525222552
0 0.2587890625 0.47106824925816027 0.0078125 0.016320474777448073
0 0.2333984375 0.49258160237388726 0.01171875 0.02373887240356083
0 0.2109375 0.4762611275964392 0.009765625 0.02077151335311573
0 0.19580078125 0.46513353115727 0.0087890625 0.016320474777448073
0 0.18017578125 0.4621661721068249 0.0068359375 0.016320474777448073
0 0.15869140625 0.4695845697329377 0.0068359375 0.019287833827893175
0 0.1318359375 0.4859050445103858 0.009765625 0.02225519287833828
0 0.11572265625 0.4970326409495549 0.0126953125 0.02373887240356083
0 0.09326171875 0.505192878338279 0.0126953125 0.019287833827893175
0 0.23388671875 0.46439169139465875 0.0087890625 0.017804154302670624
0 0.34912109375 0.4725519287833828 0.0107421875 0.019287833827893175
0 0.04638671875 0.4547477744807122 0.0146484375 0.03412462908011869
