0 0.93896484375 0.42070484581497797 0.0087890625 0.01908957415565345
0 0.85302734375 0.4243759177679882 0.0048828125 0.011747430249632892
0 0.806640625 0.5323054331864904 0.0078125 0.016152716593245228
0 0.8076171875 0.5227606461086637 0.0078125 0.011747430249632892
0 0.8408203125 0.5124816446402349 0.005859375 0.011747430249632892
0 0.67333984375 0.5301027900146843 0.0068359375 0.017621145374449337
0 0.6826171875 0.5066079295154184 0.005859375 0.008810572687224669
0 0.49072265625 0.5734214390602056 0.0087890625 0.01908957415565345
0 0.58642578125 0.5543318649045521 0.0068359375 0.016152716593245228
0 0.58203125 0.580029368575624 0.01171875 0.023494860499265784
0 0.1767578125 0.6424375917767988 0.015625 0.033773861967694566
0 0.32666015625 0.6226138032305433 0.0107421875 0.026431718061674006
0 0.4140625 0.6813509544787077 0.015625 0.035242290748898675
0 0.37255859375 0.4544787077826725 0.0029296875 0.007342143906020558
0 0.34423828125 0.5095447870778267 0.0048828125 0.008810572687224669
0 0.724609375 0.5829662261380323 0.005859375 0.017621145374449337
0 0.849609375 0.5323054331864904 0.00390625 0.013215859030837003
0 0.17919921875 0.44566813509544784 0.0029296875 0.007342143906020558
0 0.2783203125 0.5102790014684288 0.00390625 0.010279001468428781
0 0.30615234375 0.5440528634361234 0.0048828125 0.010279001468428781
