0 0.97216796875 0.41276041666666663 0.0556640625 0.13020833333333331
0 0.8671875 0.37369791666666663 0.03515625 0.06510416666666666
0 0.83740234375 0.35026041666666663 0.0283203125 0.049479166666666664
0 0.8076171875 0.33658854166666663 0.01953125 0.02734375
0 0.71044921875 0.3216145833333333 0.0166015625 0.0234375
0 0.6767578125 0.33854166666666663 0.0234375 0.0390625
0 0.5205078125 0.36588541666666663 0.041015625 0.0703125
0 0.60693359375 0.3216145833333333 0.0146484375 0.026041666666666664
0 0.5439453125 0.31315104166666663 0.01953125 0.029947916666666664
0 0.54833984375 0.29947916666666663 0.0146484375 0.0234375
0 0.47900390625 0.3138020833333333 0.0146484375 0.028645833333333332
0 0.47412109375 0.29361979166666663 0.0126953125 0.022135416666666664
0 0.40625 0.31901041666666663 0.017578125 0.03125
0 0.37646484375 0.322265625 0.0087890625 0.014322916666666666
0 0.3447265625 0.2923177083333333 0.013671875 0.022135416666666664
0 0.3203125 0.31640625 0.021484375 0.041666666666666664
0 0.29296875 0.28190104166666663 0.013671875 0.022135416666666664
0 0.28466796875 0.306640625 0.0126953125 0.024739583333333332
0 0.1572265625 0.29361979166666663 0.017578125 0.029947916666666664
0 0.1875 0.28776041666666663 0.01171875 0.020833333333333332
0 0.171875 0.361328125 0.0390625 0.05859375
0 0.091796875 0.30143229166666663 0.025390625 0.04817708333333333
0 0.05322265625 0.294921875 0.0166015625 0.02734375
