0 0.96728515625 0.3763020833333333 0.0205078125 0.033854166666666664
0 0.81494140625 0.35416666666666663 0.0205078125 0.03125
0 0.7705078125 0.39322916666666663 0.01171875 0.04427083333333333
0 0.9267578125 0.4075520833333333 0.015625 0.04427083333333333
0 0.646484375 0.38151041666666663 0.01953125 0.041666666666666664
0 0.59912109375 0.404296875 0.0244140625 0.05078125
0 0.5048828125 0.384765625 0.015625 0.03255208333333333
0 0.4306640625 0.408203125 0.04296875 0.10807291666666666
0 0.2265625 0.41080729166666663 0.0390625 0.05598958333333333
0 0.181640625 0.396484375 0.0234375 0.03515625
0 0.07763671875 0.41015625 0.0126953125 0.020833333333333332
