0 0.5498046875 0.07856093979441997 0.017578125 0.03671071953010279
0 0.64892578125 0.14977973568281938 0.0244140625 0.049926578560939794
0 0.48046875 0.3399412628487518 0.087890625 0.16886930983847281
0 0.26123046875 0.29588839941262846 0.0419921875 0.08370044052863436
0 0.4677734375 0.1461086637298091 0.029296875 0.06314243759177679
0 0.275390625 0.14390602055800292 0.025390625 0.049926578560939794
0 0.25537109375 0.09251101321585903 0.0224609375 0.049926578560939794
0 0.88818359375 0.17474302496328928 0.0322265625 0.05580029368575624
0 0.74951171875 0.30249632892804695 0.0517578125 0.09985315712187959
0 0.76123046875 0.0763582966226138 0.0224609375 0.0381791483113069
0 0.12353515625 0.20117474302496327 0.0302734375 0.06167400881057268
