0 0.7900390625 0.3236040609137056 0.01171875 0.048223350253807105
0 0.8486328125 0.22715736040609136 0.01171875 0.03807106598984771
0 0.9365234375 0.2512690355329949 0.0078125 0.02030456852791878
0 0.6923828125 0.2652284263959391 0.005859375 0.027918781725888322
0 0.66357421875 0.2614213197969543 0.0068359375 0.02030456852791878
0 0.65771484375 0.3045685279187817 0.0068359375 0.025380710659898477
0 0.61669921875 0.3426395939086294 0.0068359375 0.03045685279187817
0 0.7041015625 0.30203045685279184 0.005859375 0.03045685279187817
0 0.49560546875 0.30076142131979694 0.0087890625 0.027918781725888322
0 0.53369140625 0.2842639593908629 0.0048828125 0.035532994923857864
0 0.552734375 0.2309644670050761 0.005859375 0.02030456852791878
0 0.5810546875 0.26903553299492383 0.005859375 0.025380710659898477
0 0.46923828125 0.31218274111675126 0.0107421875 0.03045685279187817
0 0.45654296875 0.24619289340101522 0.0087890625 0.025380710659898477
0 0.42138671875 0.27918781725888325 0.0087890625 0.04060913705583756
0 0.35498046875 0.2576142131979695 0.0087890625 0.027918781725888322
0 0.38525390625 0.24619289340101522 0.0087890625 0.03045685279187817
0 0.255859375 0.24999999999999997 0.01171875 0.03807106598984771
0 0.3056640625 0.26903553299492383 0.0078125 0.02030456852791878
0 0.2958984375 0.3045685279187817 0.0078125 0.03045685279187817
0 0.19921875 0.28553299492385786 0.005859375 0.027918781725888322
0 0.16943359375 0.24619289340101522 0.0126953125 0.04060913705583756
0 0.17724609375 0.26776649746192893 0.0087890625 0.032994923857868015
0 0.0244140625 0.3210659898477157 0.01953125 0.053299492385786795
0 0.564453125 0.27538071065989844 0.0078125 0.017766497461928932
0 0.36279296875 0.2703045685279188 0.0068359375 0.012690355329949238
