0 0.724609375 0.126953125 0.04296875 0.10026041666666666
0 0.7880859375 0.28580729166666663 0.01953125 0.04036458333333333
0 0.9453125 0.31315104166666663 0.0234375 0.04036458333333333
0 0.5478515625 0.32096354166666663 0.015625 0.02734375
0 0.4921875 0.318359375 0.01171875 0.029947916666666664
0 0.38818359375 0.306640625 0.0185546875 0.03255208333333333
0 0.3408203125 0.39713541666666663 0.080078125 0.15364583333333331
0 0.13427734375 0.36588541666666663 0.0126953125 0.018229166666666664
0 0.1083984375 0.33984375 0.01171875 0.020833333333333332
0 0.06103515625 0.35807291666666663 0.0263671875 0.033854166666666664
