0 0.16259765625 0.37109375 0.0419921875 0.0703125
0 0.201171875 0.30143229166666663 0.046875 0.07421875
0 0.25830078125 0.33984375 0.0419921875 0.07552083333333333
0 0.31005859375 0.33268229166666663 0.0576171875 0.08463541666666666
0 0.3837890625 0.35221354166666663 0.0390625 0.06901041666666666
0 0.44091796875 0.4134114583333333 0.0517578125 0.09505208333333333
0 0.431640625 0.30078125 0.048828125 0.07552083333333333
0 0.49072265625 0.3587239583333333 0.0458984375 0.07942708333333333
0 0.54150390625 0.30533854166666663 0.0634765625 0.09765625
0 0.5498046875 0.46875 0.048828125 0.0859375
0 0.615234375 0.38932291666666663 0.052734375 0.08854166666666666
0 0.78515625 0.4192708333333333 0.052734375 0.08072916666666666
0 0.9560546875 0.42252604166666663 0.048828125 0.08203125
