0 0.8466796875 0.4426086956521739 0.025390625 0.06434782608695652
0 0.62890625 0.2791304347826087 0.125 0.28
0 0.0146484375 0.2765217391304348 0.029296875 0.08347826086956522
0 0.08740234375 0.23652173913043478 0.0380859375 0.07304347826086957
0 0.216796875 0.25478260869565217 0.0234375 0.06086956521739131
0 0.076171875 0.5017391304347826 0.029296875 0.05739130434782609
0 0.3876953125 0.3834782608695652 0.091796875 0.2556521739130435
0 0.51220703125 0.2765217391304348 0.0244140625 0.052173913043478265
0 0.7509765625 0.26608695652173914 0.01953125 0.04173913043478261
0 0.94140625 0.26173913043478264 0.009765625 0.022608695652173914
