0 0.904296875 0.6934306569343065 0.01953125 0.04671532846715328
0 0.95166015625 0.5985401459854014 0.0126953125 0.02335766423357664
0 0.9111328125 0.5277372262773722 0.01171875 0.016058394160583942
0 0.84912109375 0.6204379562043795 0.0166015625 0.032116788321167884
0 0.8359375 0.5978102189781022 0.01171875 0.0218978102189781
0 0.814453125 0.5875912408759124 0.009765625 0.0218978102189781
0 0.78271484375 0.5708029197080292 0.0107421875 0.01751824817518248
0 0.734375 0.5766423357664233 0.009765625 0.020437956204379562
0 0.78564453125 0.4963503649635036 0.0068359375 0.014598540145985401
0 0.802734375 0.5007299270072992 0.005859375 0.01167883211678832
0 0.615234375 0.5124087591240876 0.0078125 0.014598540145985401
0 0.56787109375 0.49999999999999994 0.0068359375 0.01313868613138686
0 0.53125 0.5408759124087591 0.005859375 0.016058394160583942
0 0.55712890625 0.5343065693430656 0.0068359375 0.01751824817518248
0 0.4990234375 0.5773722627737226 0.009765625 0.01897810218978102
0 0.22265625 0.5978102189781022 0.013671875 0.02773722627737226
0 0.2646484375 0.6481751824817518 0.01171875 0.03503649635036496
0 0.2021484375 0.5087591240875912 0.009765625 0.01313868613138686
0 0.2158203125 0.4890510948905109 0.0078125 0.014598540145985401
0 0.283203125 0.49562043795620436 0.0078125 0.01313868613138686
0 0.2578125 0.49999999999999994 0.005859375 0.01313868613138686
0 0.119140625 0.5160583941605839 0.0078125 0.016058394160583942
0 0.09765625 0.48321167883211674 0.005859375 0.01167883211678832
0 0.0986328125 0.5175182481751824 0.005859375 0.01313868613138686
0 0.025390625 0.7262773722627737 0.017578125 0.03065693430656934
0 0.03857421875 0.7350364963503649 0.0146484375 0.03065693430656934
0 0.31201171875 0.6408759124087591 0.0146484375 0.029197080291970802
0 0.32373046875 0.5467153284671532 0.0087890625 0.01897810218978102
0 0.26806640625 0.5386861313868613 0.0068359375 0.014598540145985401
0 0.3916015625 0.686861313868613 0.01171875 0.02773722627737226
0 0.44384765625 0.6854014598540146 0.0126953125 0.03357664233576642
0 0.53564453125 0.6635036496350365 0.0126953125 0.0218978102189781
0 0.63525390625 0.6992700729927007 0.0107421875 0.029197080291970802
0 0.66259765625 0.6291970802919707 0.0126953125 0.02627737226277372
0 0.5380859375 0.5364963503649635 0.005859375 0.01313868613138686
0 0.72265625 0.5423357664233577 0.0078125 0.01897810218978102
0 0.75537109375 0.5255474452554744 0.0068359375 0.014598540145985401
0 0.35009765625 0.4978102189781022 0.0068359375 0.014598540145985401
0 0.22802734375 0.454014598540146 0.0048828125 0.00875912408759124
0 0.216796875 0.4620437956204379 0.005859375 0.010218978102189781
0 0.123046875 0.46715328467153283 0.005859375 0.01167883211678832
0 0.20458984375 0.4656934306569343 0.0048828125 0.00875912408759124
0 0.2314453125 0.4824817518248175 0.0078125 0.016058394160583942
0 0.64013671875 0.5211678832116788 0.0068359375 0.01167883211678832
0 0.68310546875 0.47810218978102187 0.0048828125 0.010218978102189781
0 0.716796875 0.5072992700729927 0.005859375 0.01313868613138686
0 0.7392578125 0.48613138686131385 0.0078125 0.01167883211678832
0 0.72705078125 0.4437956204379562 0.0068359375 0.014598540145985401
0 0.490234375 0.46861313868613136 0.005859375 0.01167883211678832
0 0.47265625 0.5751824817518247 0.009765625 0.01751824817518248
0 0.55126953125 0.5496350364963504 0.0068359375 0.01313868613138686
0 0.1357421875 0.5985401459854014 0.009765625 0.01751824817518248
0 0.2509765625 0.4810218978102189 0.005859375 0.01313868613138686
0 0.314453125 0.4620437956204379 0.005859375 0.01313868613138686
0 0.2978515625 0.4562043795620438 0.005859375 0.010218978102189781
0 0.0556640625 0.7124087591240875 0.017578125 0.040875912408759124
0 0.8291015625 0.510948905109489 0.005859375 0.01167883211678832
0 0.68408203125 0.527007299270073 0.0068359375 0.01167883211678832
0 0.89404296875 0.5321167883211678 0.0068359375 0.016058394160583942
