0 0.16748046875 0.45839416058394156 0.0068359375 0.014598540145985401
0 0.9326171875 0.4875912408759124 0.005859375 0.01167883211678832
0 0.908203125 0.472992700729927 0.005859375 0.01167883211678832
0 0.90869140625 0.5481751824817518 0.0068359375 0.01313868613138686
0 0.2939453125 0.5087591240875912 0.01171875 0.01897810218978102
0 0.1923828125 0.4912408759124087 0.0078125 0.016058394160583942
0 0.2392578125 0.4700729927007299 0.0078125 0.014598540145985401
0 0.26220703125 0.46934306569343065 0.0068359375 0.01313868613138686
0 0.93212890625 0.5430656934306569 0.0068359375 0.01751824817518248
0 0.837890625 0.5343065693430656 0.0078125 0.014598540145985401
0 0.84130859375 0.4868613138686131 0.0068359375 0.01313868613138686
0 0.90576171875 0.518978102189781 0.0087890625 0.016058394160583942
0 0.2783203125 0.46642335766423354 0.005859375 0.01313868613138686
0 0.26220703125 0.49051094890510943 0.0107421875 0.020437956204379562
0 0.375 0.47810218978102187 0.005859375 0.016058394160583942
0 0.3359375 0.49999999999999994 0.0078125 0.01897810218978102
0 0.33154296875 0.4773722627737226 0.0087890625 0.014598540145985401
0 0.45263671875 0.5474452554744526 0.0107421875 0.01751824817518248
0 0.9599609375 0.7240875912408758 0.01953125 0.03503649635036496
0 0.984375 0.6437956204379561 0.015625 0.02627737226277372
0 0.97607421875 0.5861313868613138 0.0087890625 0.01897810218978102
0 0.95458984375 0.6525547445255474 0.0146484375 0.02335766423357664
0 0.880859375 0.6978102189781021 0.017578125 0.03503649635036496
0 0.8486328125 0.7277372262773723 0.017578125 0.03357664233576642
0 0.78173828125 0.6591240875912409 0.0126953125 0.024817518248175182
0 0.9326171875 0.5978102189781022 0.01171875 0.024817518248175182
0 0.9521484375 0.5656934306569342 0.009765625 0.024817518248175182
0 0.96435546875 0.5437956204379562 0.0087890625 0.01897810218978102
0 0.8994140625 0.5700729927007299 0.01171875 0.01897810218978102
0 0.84130859375 0.5569343065693431 0.0107421875 0.0218978102189781
0 0.86181640625 0.5197080291970803 0.0107421875 0.014598540145985401
0 0.8818359375 0.6386861313868613 0.013671875 0.02773722627737226
0 0.83544921875 0.610948905109489 0.0126953125 0.024817518248175182
0 0.884765625 0.5474452554744526 0.009765625 0.020437956204379562
0 0.29443359375 0.8306569343065693 0.0205078125 0.049635036496350364
0 0.26953125 0.9518248175182481 0.02734375 0.058394160583941604
0 0.3955078125 0.8021897810218978 0.0234375 0.04525547445255474
0 0.48876953125 0.9167883211678831 0.0205078125 0.04671532846715328
0 0.5546875 0.9635036496350364 0.037109375 0.07007299270072992
0 0.60986328125 0.7912408759124087 0.0244140625 0.05255474452554744
0 0.6611328125 0.7708029197080292 0.02734375 0.04671532846715328
0 0.548828125 0.7197080291970802 0.017578125 0.03503649635036496
0 0.478515625 0.756934306569343 0.021484375 0.04817518248175182
0 0.64794921875 0.6627737226277371 0.0224609375 0.040875912408759124
0 0.17333984375 0.683941605839416 0.0166015625 0.02773722627737226
0 0.10791015625 0.7518248175182481 0.0166015625 0.03795620437956204
0 0.07958984375 0.6036496350364963 0.0166015625 0.02773722627737226
0 0.03955078125 0.6051094890510949 0.0126953125 0.024817518248175182
0 0.01123046875 0.5861313868613138 0.0068359375 0.02773722627737226
0 0.1513671875 0.6007299270072992 0.013671875 0.02773722627737226
0 0.21826171875 0.5846715328467152 0.0126953125 0.024817518248175182
0 0.17333984375 0.5591240875912409 0.0126953125 0.02335766423357664
0 0.1484375 0.5554744525547445 0.009765625 0.0218978102189781
0 0.1259765625 0.5445255474452554 0.009765625 0.020437956204379562
0 0.06494140625 0.5467153284671532 0.0107421875 0.024817518248175182
0 0.04833984375 0.5394160583941605 0.0087890625 0.024817518248175182
0 0.02734375 0.454014598540146 0.0078125 0.01167883211678832
0 0.01220703125 0.5284671532846715 0.0068359375 0.01751824817518248
0 0.13037109375 0.5021897810218978 0.0107421875 0.020437956204379562
0 0.14794921875 0.5182481751824817 0.0107421875 0.020437956204379562
0 0.208984375 0.5226277372262773 0.009765625 0.020437956204379562
0 0.17578125 0.4978102189781022 0.009765625 0.020437956204379562
0 0.21044921875 0.4635036496350365 0.0068359375 0.01313868613138686
0 0.10986328125 0.4817518248175182 0.0107421875 0.01751824817518248
0 0.0751953125 0.4802919708029197 0.0078125 0.01751824817518248
0 0.36181640625 0.5927007299270073 0.0146484375 0.029197080291970802
0 0.42138671875 0.5824817518248174 0.0126953125 0.02335766423357664
0 0.466796875 0.6131386861313868 0.01171875 0.02335766423357664
0 0.498046875 0.6291970802919707 0.013671875 0.029197080291970802
0 0.3955078125 0.6116788321167883 0.01171875 0.020437956204379562
0 0.330078125 0.6992700729927007 0.0234375 0.032116788321167884
0 0.2529296875 0.6043795620437956 0.017578125 0.03503649635036496
0 0.27490234375 0.6087591240875913 0.0126953125 0.02627737226277372
0 0.29248046875 0.6160583941605839 0.0107421875 0.02627737226277372
0 0.2451171875 0.510948905109489 0.0078125 0.014598540145985401
0 0.27294921875 0.5248175182481751 0.0087890625 0.01897810218978102
0 0.32568359375 0.5386861313868613 0.0107421875 0.02335766423357664
0 0.3662109375 0.5510948905109488 0.01171875 0.01897810218978102
0 0.3271484375 0.6014598540145984 0.013671875 0.029197080291970802
0 0.3935546875 0.5262773722627737 0.009765625 0.016058394160583942
0 0.4208984375 0.5072992700729927 0.0078125 0.01897810218978102
0 0.4794921875 0.518978102189781 0.009765625 0.01897810218978102
0 0.44873046875 0.527007299270073 0.0107421875 0.020437956204379562
0 0.4638671875 0.5007299270072992 0.0078125 0.01751824817518248
0 0.5087890625 0.5255474452554744 0.0078125 0.014598540145985401
0 0.56201171875 0.6708029197080292 0.0166015625 0.02773722627737226
0 0.58203125 0.6043795620437956 0.009765625 0.02335766423357664
0 0.53955078125 0.545985401459854 0.0087890625 0.01751824817518248
0 0.51708984375 0.49343065693430654 0.0087890625 0.01751824817518248
0 0.58740234375 0.5474452554744526 0.0107421875 0.020437956204379562
0 0.61083984375 0.5781021897810219 0.0068359375 0.01751824817518248
0 0.64453125 0.602919708029197 0.013671875 0.02627737226277372
0 0.7314453125 0.6474452554744525 0.013671875 0.024817518248175182
0 0.72802734375 0.5598540145985401 0.0107421875 0.0218978102189781
0 0.7041015625 0.5437956204379562 0.009765625 0.01897810218978102
0 0.66748046875 0.5291970802919708 0.0087890625 0.016058394160583942
0 0.6923828125 0.5058394160583941 0.0078125 0.016058394160583942
0 0.8046875 0.5167883211678832 0.0078125 0.014598540145985401
0 0.78076171875 0.5277372262773722 0.0087890625 0.016058394160583942
0 0.77197265625 0.5007299270072992 0.0068359375 0.014598540145985401
0 0.7763671875 0.4846715328467153 0.0078125 0.014598540145985401
0 0.62939453125 0.5890510948905109 0.0126953125 0.024817518248175182
0 0.5791015625 0.5766423357664233 0.013671875 0.02627737226277372
0 0.5849609375 0.5167883211678832 0.009765625 0.01751824817518248
0 0.61328125 0.5072992700729927 0.0078125 0.016058394160583942
0 0.62548828125 0.5277372262773722 0.0107421875 0.0218978102189781
0 0.65087890625 0.4722627737226277 0.0068359375 0.016058394160583942
0 0.56103515625 0.4978102189781022 0.0087890625 0.020437956204379562
0 0.71435546875 0.510948905109489 0.0087890625 0.01751824817518248
0 0.5048828125 0.5883211678832116 0.009765625 0.02627737226277372
0 0.48974609375 0.5525547445255474 0.0068359375 0.016058394160583942
0 0.46044921875 0.4656934306569343 0.0068359375 0.01167883211678832
0 0.49365234375 0.4576642335766423 0.0087890625 0.016058394160583942
0 0.4228515625 0.4627737226277372 0.005859375 0.01167883211678832
0 0.60107421875 0.4620437956204379 0.0107421875 0.01313868613138686
0 0.6376953125 0.47372262773722623 0.005859375 0.010218978102189781
0 0.38916015625 0.9576642335766423 0.0302734375 0.0437956204379562
0 0.3671875 0.45985401459854014 0.0078125 0.014598540145985401
0 0.1357421875 0.4430656934306569 0.005859375 0.010218978102189781
0 0.1318359375 0.45985401459854014 0.005859375 0.01167883211678832
0 0.0908203125 0.4554744525547445 0.005859375 0.01167883211678832
0 0.1181640625 0.40072992700729926 0.00390625 0.0072992700729927005
0 0.02978515625 0.4802919708029197 0.0087890625 0.014598540145985401
0 0.046875 0.45912408759124085 0.0078125 0.016058394160583942
0 0.21728515625 0.4992700729927007 0.0107421875 0.029197080291970802
0 0.56494140625 0.5927007299270073 0.0087890625 0.020437956204379562
0 0.94775390625 0.9868613138686131 0.0302734375 0.02627737226277372
