0 0.96240234375 0.4802452316076294 0.0224609375 0.04768392370572207
0 0.8984375 0.47820163487738415 0.021484375 0.04087193460490463
0 0.8310546875 0.43460490463215257 0.0234375 0.03814713896457766
0 0.837890625 0.3964577656675749 0.021484375 0.03542234332425068
0 0.88720703125 0.40122615803814715 0.0205078125 0.039509536784741145
0 0.93701171875 0.3991825613079019 0.0185546875 0.04087193460490463
0 0.96826171875 0.41689373297002724 0.0185546875 0.04087193460490463
0 0.9755859375 0.3181198910081744 0.015625 0.03678474114441417
0 0.93359375 0.3106267029972752 0.017578125 0.03814713896457766
0 0.8818359375 0.3174386920980926 0.01953125 0.03542234332425068
0 0.86669921875 0.3569482288828338 0.0205078125 0.03814713896457766
0 0.81005859375 0.35967302452316074 0.0185546875 0.03814713896457766
0 0.8154296875 0.24455040871934605 0.021484375 0.03678474114441417
0 0.87548828125 0.23705722070844687 0.0185546875 0.04087193460490463
0 0.93798828125 0.24795640326975477 0.0244140625 0.04632152588555858
0 0.822265625 0.3337874659400545 0.0234375 0.043596730245231606
0 0.76953125 0.40122615803814715 0.01953125 0.04495912806539509
0 0.7890625 0.39441416893732967 0.017578125 0.031335149863760216
0 0.953125 0.06198910081743869 0.01953125 0.03678474114441417
0 0.9775390625 0.1955040871934605 0.021484375 0.03678474114441417
0 0.97802734375 0.1491825613079019 0.0185546875 0.02861035422343324
0 0.93212890625 0.20435967302452315 0.0185546875 0.03542234332425068
0 0.92236328125 0.15122615803814712 0.0205078125 0.03814713896457766
0 0.91748046875 0.10286103542234332 0.0166015625 0.025885558583106268
0 0.8818359375 0.1832425068119891 0.017578125 0.03405994550408719
0 0.85400390625 0.15463215258855587 0.0185546875 0.02861035422343324
0 0.81640625 0.1989100817438692 0.01953125 0.03542234332425068
0 0.814453125 0.1444141689373297 0.017578125 0.0326975476839237
0 0.8154296875 0.0994550408719346 0.017578125 0.03542234332425068
0 0.86669921875 0.09059945504087193 0.0166015625 0.031335149863760216
0 0.8935546875 0.06198910081743869 0.021484375 0.03678474114441417
0 0.88671875 0.01907356948228883 0.017578125 0.02997275204359673
0 0.91796875 0.01634877384196185 0.01953125 0.0326975476839237
0 0.83740234375 0.048365122615803814 0.0205078125 0.039509536784741145
0 0.82373046875 0.017029972752043595 0.0166015625 0.03405994550408719
0 0.7607421875 0.2595367847411444 0.01953125 0.031335149863760216
0 0.7763671875 0.19754768392370572 0.017578125 0.0326975476839237
0 0.76318359375 0.13760217983651227 0.0205078125 0.03542234332425068
0 0.75390625 0.0946866485013624 0.017578125 0.039509536784741145
0 0.7939453125 0.060626702997275204 0.015625 0.03405994550408719
0 0.736328125 0.04768392370572207 0.021484375 0.04087193460490463
0 0.72998046875 0.017029972752043595 0.0146484375 0.02861035422343324
0 0.69482421875 0.0497275204359673 0.0166015625 0.03405994550408719
0 0.70703125 0.11171662125340599 0.021484375 0.04087193460490463
0 0.7236328125 0.15258855585831063 0.01953125 0.03814713896457766
0 0.72021484375 0.19822888283378745 0.0224609375 0.039509536784741145
0 0.7236328125 0.24795640326975477 0.01953125 0.03814713896457766
0 0.67138671875 0.247275204359673 0.0224609375 0.03678474114441417
0 0.67333984375 0.19482288828337874 0.0224609375 0.0326975476839237
0 0.6630859375 0.14577656675749318 0.01953125 0.04087193460490463
0 0.654296875 0.0994550408719346 0.017578125 0.0326975476839237
0 0.64208984375 0.06198910081743869 0.0205078125 0.03678474114441417
0 0.6220703125 0.23910081743869208 0.01953125 0.039509536784741145
0 0.62451171875 0.19686648501362397 0.0146484375 0.039509536784741145
0 0.6123046875 0.1553133514986376 0.01953125 0.03814713896457766
0 0.724609375 0.46253405994550406 0.0234375 0.04495912806539509
0 0.75439453125 0.46730245231607626 0.0283203125 0.04632152588555858
0 0.71484375 0.3971389645776567 0.01953125 0.039509536784741145
0 0.7236328125 0.3569482288828338 0.017578125 0.03542234332425068
0 0.72119140625 0.31471389645776565 0.0166015625 0.0326975476839237
0 0.76025390625 0.3079019073569482 0.0185546875 0.04087193460490463
0 0.74267578125 0.3215258855585831 0.0107421875 0.024523160762942777
0 0.6787109375 0.35354223433242504 0.017578125 0.03678474114441417
0 0.666015625 0.3174386920980926 0.017578125 0.03542234332425068
0 0.666015625 0.3971389645776567 0.017578125 0.039509536784741145
0 0.5869140625 0.42029972752043593 0.021484375 0.04223433242506812
0 0.580078125 0.35831062670299724 0.0234375 0.043596730245231606
0 0.61962890625 0.3140326975476839 0.0205078125 0.03678474114441417
0 0.57373046875 0.25136239782016345 0.0205078125 0.039509536784741145
0 0.5390625 0.41212534059945505 0.02734375 0.04768392370572207
0 0.5146484375 0.35490463215258855 0.0234375 0.04223433242506812
0 0.4775390625 0.40667574931880107 0.021484375 0.04223433242506812
0 0.46923828125 0.3637602179836512 0.0224609375 0.03814713896457766
0 0.51318359375 0.31335149863760214 0.0205078125 0.03814713896457766
0 0.5576171875 0.30926430517711173 0.021484375 0.03542234332425068
0 0.52294921875 0.25136239782016345 0.0185546875 0.03405994550408719
0 0.4580078125 0.25204359673024523 0.01953125 0.03814713896457766
0 0.4052734375 0.25408719346049047 0.0234375 0.04223433242506812
0 0.45263671875 0.20708446866485014 0.0166015625 0.02997275204359673
0 0.5166015625 0.19686648501362397 0.021484375 0.039509536784741145
0 0.5830078125 0.19482288828337874 0.0234375 0.043596730245231606
0 0.43505859375 0.19073569482288827 0.0244140625 0.043596730245231606
0 0.4912109375 0.164850136239782 0.021484375 0.04632152588555858
0 0.52099609375 0.1478201634877384 0.0185546875 0.03678474114441417
0 0.55419921875 0.1478201634877384 0.0185546875 0.03678474114441417
0 0.55126953125 0.10286103542234332 0.0185546875 0.031335149863760216
0 0.6005859375 0.10490463215258855 0.021484375 0.03542234332425068
0 0.59130859375 0.05994550408719346 0.0205078125 0.0326975476839237
0 0.5478515625 0.05381471389645776 0.017578125 0.03678474114441417
0 0.52880859375 0.020435967302452316 0.0166015625 0.02997275204359673
0 0.50341796875 0.060626702997275204 0.0185546875 0.03405994550408719
0 0.48583984375 0.10626702997275204 0.0166015625 0.043596730245231606
0 0.4404296875 0.0933242506811989 0.021484375 0.039509536784741145
0 0.4443359375 0.14373297002724794 0.017578125 0.039509536784741145
0 0.4736328125 0.017029972752043595 0.01953125 0.03405994550408719
0 0.45166015625 0.08106267029972752 0.0185546875 0.03678474114441417
0 0.36328125 0.19414168937329698 0.017578125 0.039509536784741145
0 0.30908203125 0.19754768392370572 0.0185546875 0.03814713896457766
0 0.35205078125 0.05108991825613079 0.0205078125 0.03678474114441417
0 0.3935546875 0.06471389645776567 0.01953125 0.039509536784741145
0 0.37841796875 0.014986376021798364 0.0166015625 0.02997275204359673
0 0.419921875 0.014986376021798364 0.017578125 0.02997275204359673
0 0.298828125 0.05108991825613079 0.01953125 0.04223433242506812
0 0.271484375 0.41076294277929154 0.017578125 0.03678474114441417
0 0.21923828125 0.47275204359673023 0.0205078125 0.043596730245231606
0 0.15771484375 0.4523160762942779 0.0205078125 0.04087193460490463
0 0.09619140625 0.4645776566757493 0.0224609375 0.043596730245231606
0 0.0458984375 0.3991825613079019 0.0234375 0.04087193460490463
0 0.04150390625 0.36035422343324247 0.0205078125 0.039509536784741145
0 0.099609375 0.3630790190735695 0.017578125 0.03678474114441417
0 0.16455078125 0.4141689373297003 0.0185546875 0.0326975476839237
0 0.21728515625 0.4162125340599455 0.0224609375 0.04223433242506812
0 0.20849609375 0.36580381471389645 0.0224609375 0.039509536784741145
0 0.1767578125 0.3732970027247956 0.025390625 0.04087193460490463
0 0.1396484375 0.3119891008174387 0.01953125 0.043596730245231606
0 0.1474609375 0.25885558583106266 0.01953125 0.0326975476839237
0 0.0771484375 0.3126702997275204 0.021484375 0.04495912806539509
0 0.04638671875 0.2534059945504087 0.0185546875 0.03814713896457766
0 0.1005859375 0.24523160762942778 0.01953125 0.03814713896457766
0 0.2041015625 0.24455040871934605 0.017578125 0.03678474114441417
0 0.2197265625 0.3249318801089918 0.017578125 0.039509536784741145
0 0.06689453125 0.2064032697547684 0.0166015625 0.04223433242506812
0 0.11328125 0.1893732970027248 0.017578125 0.04087193460490463
0 0.16357421875 0.2064032697547684 0.0166015625 0.03405994550408719
0 0.21875 0.19754768392370572 0.015625 0.03814713896457766
0 0.234375 0.10013623978201634 0.01953125 0.03678474114441417
0 0.28125 0.09536784741144413 0.01953125 0.04087193460490463
0 0.240234375 0.04632152588555858 0.017578125 0.03814713896457766
0 0.1962890625 0.05926430517711172 0.01953125 0.031335149863760216
0 0.2216796875 0.015667574931880108 0.021484375 0.031335149863760216
0 0.1689453125 0.013623978201634877 0.01953125 0.027247956403269755
0 0.126953125 0.05858310626702997 0.01953125 0.04087193460490463
0 0.12548828125 0.10217983651226158 0.0185546875 0.0326975476839237
0 0.16943359375 0.09196185286103542 0.0185546875 0.04223433242506812
0 0.07666015625 0.1103542234332425 0.0185546875 0.03542234332425068
0 0.08642578125 0.1505449591280654 0.0185546875 0.03678474114441417
0 0.04248046875 0.15599455040871935 0.0185546875 0.039509536784741145
0 0.02587890625 0.10286103542234332 0.0205078125 0.04223433242506812
0 0.0400390625 0.05994550408719346 0.015625 0.03542234332425068
0 0.0927734375 0.07356948228882834 0.017578125 0.03814713896457766
0 0.11083984375 0.01907356948228883 0.0185546875 0.03542234332425068
0 0.0830078125 0.01771117166212534 0.017578125 0.03542234332425068
0 0.00927734375 0.41212534059945505 0.0185546875 0.03405994550408719
0 0.01318359375 0.30926430517711173 0.0185546875 0.03542234332425068
0 0.01513671875 0.1989100817438692 0.0146484375 0.02997275204359673
0 0.10888671875 0.40940054495912803 0.0205078125 0.03678474114441417
0 0.6162109375 0.42234332425068116 0.021484375 0.043596730245231606
