0 0.30517578125 0.2781629116117851 0.0712890625 0.0779896013864818
0 0.0849609375 0.0805892547660312 0.021484375 0.05025996533795494
0 0.15673828125 0.08838821490467937 0.0224609375 0.05892547660311958
0 0.107421875 0.06065857885615251 0.021484375 0.05199306759098787
0 0.1298828125 0.05719237435008665 0.021484375 0.04506065857885615
0 0.23046875 0.07972270363951472 0.01953125 0.04852686308492201
0 0.30615234375 0.0927209705372617 0.0224609375 0.05719237435008665
0 0.43310546875 0.134315424610052 0.0166015625 0.04332755632582322
0 0.3740234375 0.11091854419410745 0.017578125 0.04506065857885615
0 0.64990234375 0.1854419410745234 0.0205078125 0.05892547660311958
0 0.70166015625 0.13691507798960137 0.0224609375 0.04506065857885615
0 0.74560546875 0.17937608318890813 0.0185546875 0.03986135181975736
0 0.7529296875 0.20103986135181975 0.01953125 0.031195840554592718
0 0.7216796875 0.17417677642980936 0.017578125 0.04679376083188908
0 0.8095703125 0.1923743500866551 0.017578125 0.04506065857885615
0 0.8505859375 0.1681109185441941 0.017578125 0.05199306759098787
0 0.89794921875 0.17244367417677642 0.0224609375 0.05719237435008665
0 0.94873046875 0.1993067590987868 0.0166015625 0.04159445407279029
0 0.96826171875 0.14211438474870017 0.0205078125 0.04159445407279029
0 0.841796875 0.03552859618717504 0.017578125 0.03292894280762565
0 0.92578125 0.1681109185441941 0.017578125 0.04852686308492201
