0 0.92236328125 0.310546875 0.0244140625 0.04036458333333333
0 0.8212890625 0.3177083333333333 0.01953125 0.03125
0 0.67626953125 0.20442708333333331 0.0244140625 0.03645833333333333
0 0.61376953125 0.2727864583333333 0.0224609375 0.04036458333333333
0 0.54443359375 0.22591145833333331 0.0244140625 0.037760416666666664
0 0.45556640625 0.21940104166666666 0.0205078125 0.04036458333333333
0 0.38427734375 0.3294270833333333 0.0224609375 0.0390625
0 0.33642578125 0.32291666666666663 0.0166015625 0.0546875
0 0.265625 0.296875 0.025390625 0.0390625
0 0.17529296875 0.2923177083333333 0.0185546875 0.037760416666666664
0 0.04345703125 0.392578125 0.0185546875 0.037760416666666664
