0 0.20849609375 0.3065693430656934 0.0283203125 0.04671532846715328
0 0.30126953125 0.31386861313868614 0.0224609375 0.0437956204379562
0 0.392578125 0.30510948905109486 0.025390625 0.0437956204379562
0 0.49951171875 0.3072992700729927 0.0224609375 0.04525547445255474
0 0.58740234375 0.3072992700729927 0.0244140625 0.04525547445255474
0 0.6865234375 0.29562043795620435 0.025390625 0.04525547445255474
0 0.7744140625 0.3072992700729927 0.025390625 0.04525547445255474
0 0.89208984375 0.27810218978102186 0.0302734375 0.03941605839416058
0 0.1669921875 0.5094890510948905 0.025390625 0.049635036496350364
0 0.3056640625 0.49343065693430654 0.025390625 0.05255474452554744
0 0.4375 0.48613138686131385 0.02734375 0.049635036496350364
0 0.56201171875 0.491970802919708 0.0283203125 0.04671532846715328
0 0.681640625 0.4897810218978102 0.02734375 0.04817518248175182
0 0.8203125 0.4970802919708029 0.029296875 0.05401459854014598
0 0.107421875 0.28613138686131384 0.02734375 0.04671532846715328
