0 0.15869140625 0.27198124267291907 0.0185546875 0.025791324736225085
0 0.2099609375 0.27198124267291907 0.015625 0.025791324736225085
0 0.2431640625 0.05451348182883939 0.017578125 0.029308323563892142
0 0.41259765625 0.021688159437280186 0.0166015625 0.02227432590855803
0 0.50537109375 0.0615474794841735 0.0146484375 0.02227432590855803
0 0.55712890625 0.1969519343493552 0.0185546875 0.03048065650644783
0 0.71533203125 0.20281359906213364 0.0185546875 0.028135990621336458
0 0.80419921875 0.05685814771395076 0.0166015625 0.026963657678780773
0 0.63525390625 0.10199296600234466 0.0146484375 0.021101992966002344
0 0.46240234375 0.6535756154747948 0.0224609375 0.029308323563892142
0 0.68408203125 0.742086752637749 0.0205078125 0.028135990621336458
0 0.689453125 0.5978898007033997 0.017578125 0.025791324736225085
0 0.39453125 0.49179366940211017 0.017578125 0.019929660023446656
0 0.96630859375 0.3645955451348183 0.0107421875 0.01875732708089097
0 0.978515625 0.36400937866354044 0.01171875 0.019929660023446656
0 0.5888671875 0.011723329425556858 0.015625 0.021101992966002344
0 0.72705078125 0.1406799531066823 0.0126953125 0.01875732708089097
