0 0.2333984375 0.4219810040705563 0.03125 0.059701492537313425
0 0.3583984375 0.3683853459972863 0.01953125 0.036635006784260515
0 0.41015625 0.4423337856173677 0.017578125 0.035278154681139755
0 0.34326171875 0.31411126187245586 0.0107421875 0.020352781546811395
0 0.29833984375 0.3175033921302578 0.0146484375 0.027137042062415195
0 0.19580078125 0.34056987788331067 0.0146484375 0.018995929443690635
0 0.2236328125 0.32428765264586157 0.01171875 0.018995929443690635
0 0.14453125 0.34803256445047487 0.025390625 0.04748982360922659
0 0.08740234375 0.3066485753052917 0.0068359375 0.010854816824966078
0 0.1005859375 0.31886024423337855 0.005859375 0.010854816824966078
0 0.17578125 0.32157394843962006 0.0078125 0.013568521031207597
0 0.384765625 0.33242876526458615 0.009765625 0.018995929443690635
0 0.46875 0.296472184531886 0.01171875 0.017639077340569877
0 0.02001953125 0.3127544097693351 0.0087890625 0.014925373134328356
