0 0.66259765625 0.453125 0.0185546875 0.03819444444444444
0 0.69482421875 0.4956597222222222 0.0146484375 0.03645833333333333
0 0.63232421875 0.4583333333333333 0.0146484375 0.024305555555555552
0 0.61572265625 0.5277777777777778 0.0126953125 0.03125
0 0.548828125 0.53125 0.015625 0.03125
0 0.544921875 0.4618055555555555 0.013671875 0.027777777777777776
0 0.384765625 0.45138888888888884 0.021484375 0.05208333333333333
0 0.20947265625 0.4765625 0.0283203125 0.06770833333333333
0 0.58642578125 0.46354166666666663 0.0107421875 0.017361111111111112
0 0.61865234375 0.4921875 0.0087890625 0.01909722222222222
