0 0.1015625 0.5256211180124223 0.01171875 0.017080745341614904
0 0.14306640625 0.499223602484472 0.0107421875 0.020186335403726708
0 0.18701171875 0.5543478260869564 0.0107421875 0.024844720496894408
0 0.23779296875 0.5861801242236024 0.0126953125 0.023291925465838508
0 0.09033203125 0.5225155279503105 0.0107421875 0.020186335403726708
0 0.52978515625 0.5737577639751552 0.0126953125 0.023291925465838508
0 0.5546875 0.5357142857142857 0.013671875 0.021739130434782608
0 0.85546875 0.37267080745341613 0.005859375 0.012422360248447204
0 0.8740234375 0.3804347826086956 0.005859375 0.009316770186335404
0 0.89111328125 0.3773291925465838 0.0068359375 0.012422360248447204
0 0.9384765625 0.3858695652173913 0.0078125 0.013975155279503104
0 0.96728515625 0.3967391304347826 0.0068359375 0.013975155279503104
0 0.95947265625 0.3967391304347826 0.0068359375 0.013975155279503104
0 0.99462890625 0.39285714285714285 0.0068359375 0.015527950310559004
0 0.91455078125 0.4604037267080745 0.0107421875 0.017080745341614904
0 0.7919921875 0.6203416149068323 0.015625 0.02950310559006211
0 0.96240234375 0.5023291925465838 0.0087890625 0.017080745341614904
0 0.8271484375 0.6513975155279502 0.01171875 0.02950310559006211
0 0.38134765625 0.5256211180124223 0.0107421875 0.020186335403726708
0 0.3818359375 0.4619565217391304 0.009765625 0.020186335403726708
0 0.4228515625 0.4479813664596273 0.009765625 0.017080745341614904
0 0.38427734375 0.4495341614906832 0.0087890625 0.017080745341614904
0 0.54296875 0.3695652173913043 0.005859375 0.012422360248447204
0 0.52880859375 0.36723602484472045 0.0048828125 0.010869565217391304
0 0.44921875 0.40527950310559 0.0078125 0.015527950310559004
0 0.4375 0.39518633540372666 0.005859375 0.010869565217391304
0 0.451171875 0.35015527950310554 0.005859375 0.010869565217391304
0 0.98388671875 0.4301242236024844 0.0107421875 0.018633540372670808
0 0.9140625 0.38431677018633537 0.0078125 0.013975155279503104
0 0.50634765625 0.36723602484472045 0.0048828125 0.010869565217391304
0 0.51220703125 0.3711180124223602 0.0048828125 0.009316770186335404
0 0.47314453125 0.374223602484472 0.0068359375 0.012422360248447204
0 0.8427734375 0.5279503105590062 0.009765625 0.021739130434782608
