0 0.1494140625 0.22213500784929358 0.01953125 0.0423861852433281
0 0.3134765625 0.3163265306122449 0.01953125 0.04552590266875981
0 0.27880859375 0.3178963893249608 0.0205078125 0.04866562009419152
0 0.318359375 0.22370486656200944 0.015625 0.04552590266875981
0 0.20703125 0.30612244897959184 0.01171875 0.02511773940345369
0 0.189453125 0.30847723704866564 0.01171875 0.026687598116169546
0 0.25390625 0.4175824175824176 0.01953125 0.04709576138147567
0 0.32373046875 0.39560439560439564 0.0126953125 0.0282574568288854
0 0.21728515625 0.41601255886970173 0.0185546875 0.03767660910518054
0 0.15478515625 0.43014128728414447 0.0263671875 0.06279434850863423
0 0.0908203125 0.402668759811617 0.01171875 0.026687598116169546
0 0.08544921875 0.3288854003139718 0.0205078125 0.03924646781789639
0 0.13916015625 0.3014128728414443 0.0087890625 0.01883830455259027
0 0.1650390625 0.5054945054945055 0.0234375 0.04709576138147567
0 0.1962890625 0.5078492935635793 0.015625 0.03924646781789639
0 0.2509765625 0.20957613814756673 0.01171875 0.026687598116169546
