0 0.03857421875 0.18167701863354035 0.0322265625 0.05900621118012422
0 0.0107421875 0.19254658385093165 0.021484375 0.049689440993788817
0 0.0966796875 0.20341614906832298 0.01171875 0.021739130434782608
0 0.0634765625 0.19642857142857142 0.009765625 0.017080745341614904
0 0.115234375 0.21428571428571427 0.0078125 0.015527950310559004
0 0.1259765625 0.21661490683229812 0.0078125 0.017080745341614904
0 0.2431640625 0.24145962732919252 0.01953125 0.05745341614906832
0 0.6669921875 0.21661490683229812 0.0234375 0.04503105590062111
0 0.8525390625 0.187111801242236 0.03125 0.06677018633540373
0 0.904296875 0.19099378881987578 0.02734375 0.06521739130434782
0 0.71826171875 0.23059006211180122 0.0302734375 0.08850931677018634
0 0.744140625 0.1327639751552795 0.025390625 0.06677018633540373
