0 0.2001953125 0.1774406332453826 0.212890625 0.1358839050131926
0 0.34375 0.19371152154793317 0.123046875 0.08311345646437995
0 0.771484375 0.15391380826737028 0.39453125 0.13896218117854003
0 0.63037109375 0.47559366754617416 0.2060546875 0.09806508355321021
0 0.404296875 0.49142480211081796 0.181640625 0.05321020228671944
0 0.08154296875 0.5208883025505717 0.0693359375 0.12005277044854881
0 0.845703125 0.7211961301671065 0.025390625 0.012313104661389622
0 0.91796875 0.7187774846086192 0.021484375 0.012752858399296395
0 0.98779296875 0.7266930518909411 0.0205078125 0.010993843447669306
0 0.47998046875 0.5499120492524187 0.0966796875 0.05848724714160071
