0 0.17138671875 0.5169270833333333 0.0361328125 0.0546875
0 0.35693359375 0.751953125 0.1220703125 0.15234375
0 0.4599609375 0.45182291666666663 0.03125 0.041666666666666664
0 0.36865234375 0.42643229166666663 0.0400390625 0.05598958333333333
0 0.56005859375 0.43815104166666663 0.0224609375 0.04036458333333333
0 0.89794921875 0.44791666666666663 0.0224609375 0.041666666666666664
0 0.78125 0.4375 0.0234375 0.041666666666666664
0 0.68896484375 0.4114583333333333 0.0205078125 0.03645833333333333
0 0.81689453125 0.3196614583333333 0.0087890625 0.014322916666666666
0 0.61181640625 0.32291666666666663 0.0087890625 0.015625
0 0.578125 0.3125 0.01171875 0.018229166666666664
0 0.67724609375 0.3098958333333333 0.0087890625 0.015625
0 0.5537109375 0.33072916666666663 0.01171875 0.015625
0 0.59326171875 0.3359375 0.0126953125 0.018229166666666664
0 0.69921875 0.302734375 0.01171875 0.022135416666666664
0 0.69189453125 0.33203125 0.0126953125 0.0234375
0 0.8583984375 0.31705729166666663 0.013671875 0.01953125
