0 0.056640625 0.3430989583333333 0.03515625 0.08463541666666666
0 0.17138671875 0.3587239583333333 0.0361328125 0.06380208333333333
0 0.23876953125 0.37369791666666663 0.0380859375 0.0546875
0 0.30859375 0.35221354166666663 0.03515625 0.061197916666666664
0 0.38330078125 0.3977864583333333 0.0361328125 0.05859375
0 0.46875 0.41666666666666663 0.02734375 0.04427083333333333
0 0.51513671875 0.37890625 0.0341796875 0.0546875
0 0.595703125 0.35546875 0.03515625 0.0546875
0 0.80615234375 0.38671875 0.0478515625 0.078125
0 0.8271484375 0.41861979166666663 0.033203125 0.06380208333333333
0 0.77099609375 0.3430989583333333 0.0322265625 0.053385416666666664
0 0.7548828125 0.37890625 0.0234375 0.046875
0 0.6455078125 0.380859375 0.01953125 0.029947916666666664
