0 0.07666015625 0.116 0.0283203125 0.0656
0 0.1044921875 0.1736 0.025390625 0.0528
0 0.1650390625 0.14800000000000002 0.029296875 0.0656
0 0.23681640625 0.1792 0.0263671875 0.0608
0 0.23193359375 0.1136 0.0224609375 0.057600000000000005
0 0.2890625 0.1744 0.021484375 0.048
0 0.3115234375 0.1464 0.02734375 0.0688
0 0.3623046875 0.1728 0.02734375 0.06720000000000001
0 0.4267578125 0.192 0.025390625 0.06720000000000001
0 0.43212890625 0.1544 0.0205078125 0.0528
0 0.53369140625 0.1432 0.0244140625 0.049600000000000005
0 0.490234375 0.16240000000000002 0.025390625 0.0656
0 0.46337890625 0.16640000000000002 0.0263671875 0.064
0 0.587890625 0.15360000000000001 0.025390625 0.064
0 0.61279296875 0.1632 0.0224609375 0.0608
0 0.6552734375 0.128 0.02734375 0.0736
0 0.6943359375 0.1512 0.02734375 0.062400000000000004
0 0.9384765625 0.1632 0.029296875 0.0736
0 0.86083984375 0.1632 0.0322265625 0.0736
0 0.8779296875 0.1288 0.0234375 0.0688
0 0.8095703125 0.23040000000000002 0.037109375 0.0896
0 0.7890625 0.14 0.033203125 0.0688
0 0.1484375 0.4368 0.03515625 0.07680000000000001
0 0.41748046875 0.3744 0.0263671875 0.0736
0 0.33349609375 0.45280000000000004 0.0341796875 0.08320000000000001
0 0.45458984375 0.4728 0.0361328125 0.0816
0 0.54638671875 0.5008 0.0302734375 0.0608
0 0.513671875 0.5112 0.02734375 0.056
0 0.5703125 0.3816 0.03125 0.0752
0 0.703125 0.448 0.03515625 0.08320000000000001
0 0.6923828125 0.324 0.029296875 0.07200000000000001
