0 0.68017578125 0.625 0.0849609375 0.24652777777777776
0 0.50927734375 0.44357638888888884 0.0791015625 0.171875
0 0.41357421875 0.4539930555555555 0.0751953125 0.171875
0 0.755859375 0.18055555555555555 0.033203125 0.10069444444444443
0 0.654296875 0.1987847222222222 0.046875 0.1267361111111111
0 0.60400390625 0.09201388888888888 0.0517578125 0.125
0 0.51953125 0.13194444444444445 0.05078125 0.11458333333333333
0 0.287109375 0.37760416666666663 0.052734375 0.13020833333333331
0 0.2041015625 0.2960069444444444 0.033203125 0.078125
0 0.14453125 0.33854166666666663 0.03125 0.0798611111111111
