0 0.23681640625 0.19369120088544547 0.0087890625 0.005534034311012728
0 0.18798828125 0.19369120088544547 0.0087890625 0.005534034311012728
0 0.1142578125 0.20807969009407856 0.005859375 0.004427227448810182
0 0.08984375 0.2166574432761483 0.005859375 0.002767017155506364
0 0.376953125 0.22136137244050913 0.0078125 0.005534034311012728
0 0.4306640625 0.21997786386275595 0.005859375 0.004980630879911455
0 0.56591796875 0.22993912562257884 0.0029296875 0.002767017155506364
0 0.54736328125 0.22606530160486993 0.0048828125 0.002767017155506364
0 0.52685546875 0.22800221361372439 0.0048828125 0.002213613724405091
0 0.5888671875 0.23215273934698394 0.00390625 0.002767017155506364
0 0.8251953125 0.19424460431654675 0.0078125 0.005534034311012728
0 0.8076171875 0.19120088544548974 0.0078125 0.006087437742114001
0 0.41259765625 0.2913669064748201 0.0205078125 0.010514665190924182
0 0.150390625 0.2971776425013835 0.01171875 0.008854454897620365
0 0.06005859375 0.30769230769230765 0.0146484375 0.008854454897620365
0 0.33837890625 0.2825124515771998 0.0185546875 0.01162147205312673
0 0.76171875 0.30049806308799115 0.015625 0.00996126175982291
0 0.63427734375 0.30741560597675704 0.0107421875 0.008301051466519091
0 0.32763671875 0.46928610957387934 0.0146484375 0.011068068622025456
0 0.17724609375 0.4925290536801328 0.0361328125 0.02213613724405091
0 0.1064453125 0.47122302158273377 0.01171875 0.008301051466519091
0 0.580078125 0.44991698948533476 0.03125 0.02324294410625346
0 0.60888671875 0.4335915882678472 0.0263671875 0.018262313226342003
0 0.46875 0.43884892086330934 0.033203125 0.03431101272827891
0 0.537109375 0.4501936912008854 0.015625 0.010514665190924182
0 0.55517578125 0.4524073049252905 0.0087890625 0.007194244604316546
0 0.79833984375 0.4676258992805755 0.0107421875 0.011068068622025456
0 0.837890625 0.44825677919203094 0.017578125 0.016602102933038182
0 0.71484375 0.4798007747648035 0.009765625 0.00996126175982291
0 0.044921875 0.6472053126729386 0.013671875 0.010514665190924182
0 0.1728515625 0.6568898727172108 0.0234375 0.025456557830658547
0 0.22509765625 0.651355838406198 0.0263671875 0.015495296070835638
0 0.47607421875 0.6001660210293304 0.0068359375 0.004980630879911455
0 0.4267578125 0.6045932484781406 0.005859375 0.002767017155506364
0 0.39892578125 0.6076369673491975 0.0048828125 0.0033204205866076367
0 0.65234375 0.5633646928610957 0.029296875 0.01992252351964582
0 0.62353515625 0.5666851134477033 0.0283203125 0.01992252351964582
0 0.62646484375 0.6427780852241284 0.0419921875 0.02600996126175982
0 0.6796875 0.6524626452684006 0.03125 0.02213613724405091
0 0.82177734375 0.615661317100166 0.0185546875 0.01383508577753182
0 0.759765625 0.6353071389042612 0.005859375 0.005534034311012728
0 0.712890625 0.6281128942999447 0.0078125 0.005534034311012728
0 0.90771484375 0.6925843940232429 0.0126953125 0.007194244604316546
0 0.1376953125 0.7902600996126176 0.009765625 0.007747648035417819
0 0.10888671875 0.7946873270614278 0.0087890625 0.0066408411732152735
0 0.08740234375 0.7999446596568898 0.0068359375 0.004980630879911455
0 0.09228515625 0.7924737133370227 0.0068359375 0.005534034311012728
0 0.044921875 0.7916436081903707 0.0078125 0.004980630879911455
0 0.404296875 0.7230215827338129 0.009765625 0.004980630879911455
0 0.45703125 0.725235196458218 0.005859375 0.0038738240177089095
0 0.2001953125 0.7855561704482568 0.01953125 0.012728278915329273
0 0.23876953125 0.7750415052573325 0.0126953125 0.010514665190924182
0 0.4482421875 0.8254012174875484 0.025390625 0.017155506364139456
0 0.376953125 0.825677919203099 0.015625 0.013281682346430547
0 0.15478515625 0.9457664637520752 0.0205078125 0.015495296070835638
0 0.1259765625 0.9490868843386828 0.017578125 0.012174875484228001
0 0.08349609375 0.9598782512451577 0.0185546875 0.01383508577753182
0 0.04833984375 0.9571112340896513 0.0283203125 0.017155506364139456
0 0.10205078125 0.9460431654676258 0.0146484375 0.009407858328721638
0 0.16845703125 0.935251798561151 0.0087890625 0.0066408411732152735
0 0.498046875 0.9341449916989485 0.048828125 0.03431101272827891
0 0.61083984375 0.9399557277255118 0.0478515625 0.03375760929717764
0 0.8671875 0.8967902600996126 0.033203125 0.020475926950747094
0 0.80810546875 0.8962368566685113 0.0302734375 0.020475926950747094
0 0.94384765625 0.7747648035417819 0.0107421875 0.007747648035417819
0 0.85595703125 0.7728278915329274 0.0302734375 0.019369120088544547
0 0.80029296875 0.7753182069728832 0.0283203125 0.018815716657443277
0 0.7509765625 0.7794687327061427 0.029296875 0.020475926950747094
0 0.7138671875 0.7880464858882125 0.02734375 0.01992252351964582
0 0.65576171875 0.7789153292750415 0.0322265625 0.020475926950747094
0 0.93212890625 0.9560044272274487 0.0322265625 0.018262313226342003
0 0.89501953125 0.9607083563918095 0.0283203125 0.018815716657443277
0 0.7021484375 0.9507470946319867 0.005859375 0.004427227448810182
0 0.6953125 0.9764803541781958 0.0078125 0.006087437742114001
0 0.7138671875 0.9714997232982844 0.005859375 0.004980630879911455
0 0.71533203125 0.9493635860542334 0.0068359375 0.0038738240177089095
0 0.751953125 0.9540675152185943 0.005859375 0.0033204205866076367
0 0.76904296875 0.954344216934145 0.0048828125 0.0038738240177089095
0 0.9091796875 0.039568345323741004 0.02734375 0.018262313226342003
0 0.8466796875 0.042612064194798 0.025390625 0.016602102933038182
0 0.5869140625 0.21472053126729385 0.00390625 0.002213613724405091
0 0.5517578125 0.21333702268954066 0.00390625 0.002767017155506364
0 0.53369140625 0.21693414499169894 0.0048828125 0.002213613724405091
0 0.52685546875 0.2114001106806862 0.0048828125 0.0033204205866076367
0 0.48193359375 0.2210846707249585 0.0029296875 0.002767017155506364
0 0.85400390625 0.3323187603763143 0.0087890625 0.007194244604316546
0 0.537109375 0.6358605423353625 0.013671875 0.008854454897620365
0 0.57861328125 0.21776425013835085 0.0048828125 0.0038738240177089095
