0 0.01513671875 0.22981770833333331 0.0302734375 0.08463541666666666
0 0.294921875 0.3203125 0.07421875 0.11197916666666666
0 0.40869140625 0.283203125 0.0458984375 0.09244791666666666
0 0.474609375 0.42643229166666663 0.041015625 0.08203125
0 0.91162109375 0.27018229166666663 0.0869140625 0.12890625
0 0.78125 0.30078125 0.064453125 0.11458333333333333
0 0.646484375 0.2630208333333333 0.0546875 0.09375
0 0.5654296875 0.3880208333333333 0.05859375 0.09375
0 0.6162109375 0.26041666666666663 0.037109375 0.078125
0 0.5859375 0.26432291666666663 0.03515625 0.07291666666666666
0 0.52001953125 0.31640625 0.0439453125 0.0703125
0 0.4794921875 0.28190104166666663 0.044921875 0.07682291666666666
0 0.3349609375 0.3235677083333333 0.0546875 0.07942708333333333
0 0.43115234375 0.2825520833333333 0.0185546875 0.0703125
0 0.45166015625 0.27604166666666663 0.0283203125 0.0625
