0 0.70068359375 0.22794552989934871 0.0419921875 0.03433984606275903
0 0.49609375 0.1891651865008881 0.115234375 0.07992895204262877
0 0.23876953125 0.2412670219064535 0.0419921875 0.030195381882770867
0 0.326171875 0.22350503256364712 0.01953125 0.013617525162818235
0 0.376953125 0.22972172883362935 0.017578125 0.013025458851391355
0 0.2685546875 0.2353463587921847 0.02734375 0.02427471876850207
0 0.107421875 0.2329780935464772 0.013671875 0.010065127294256956
0 0.0263671875 0.2146240378922439 0.033203125 0.03256364712847839
0 0.39208984375 0.24837181764357605 0.0146484375 0.008880994671403197
0 0.8583984375 0.20367081113084665 0.041015625 0.02841918294849023
0 0.88671875 0.21492007104795735 0.041015625 0.04618117229129662
0 0.548828125 0.21699230313795143 0.021484375 0.02190645352279455
0 0.9697265625 0.21699230313795143 0.060546875 0.06335109532267613
