0 0.5244140625 0.16882276843467012 0.046875 0.07115135834411385
0 0.34130859375 0.1701164294954722 0.0244140625 0.05562742561448901
0 0.0302734375 0.18628719275549807 0.060546875 0.09573091849935318
0 0.12109375 0.21733505821474774 0.0625 0.09573091849935318
0 0.1845703125 0.19793014230271672 0.046875 0.08538163001293662
0 0.27978515625 0.221862871927555 0.0654296875 0.0815006468305304
0 0.3212890625 0.1811125485122898 0.03125 0.07503234152652005
0 0.4443359375 0.21345407503234154 0.064453125 0.08020698576972833
0 0.58740234375 0.19469598965071153 0.0595703125 0.09961190168175939
0 0.71337890625 0.19534282018111257 0.0576171875 0.08020698576972833
0 0.818359375 0.1681759379042691 0.056640625 0.08538163001293662
0 0.91943359375 0.17787839586028462 0.0537109375 0.07891332470892627
0 0.64013671875 0.18046571798188876 0.0400390625 0.06856403622250971
0 0.98681640625 0.16170763260025875 0.0263671875 0.08279430789133248
