0 0.8271484375 0.470703125 0.01953125 0.03255208333333333
0 0.94482421875 0.44791666666666663 0.0146484375 0.028645833333333332
0 0.92236328125 0.3977864583333333 0.0224609375 0.03255208333333333
0 0.9423828125 0.37955729166666663 0.021484375 0.02734375
0 0.99169921875 0.451171875 0.0166015625 0.045572916666666664
0 0.99365234375 0.39127604166666663 0.0126953125 0.037760416666666664
0 0.7548828125 0.44205729166666663 0.0234375 0.037760416666666664
0 0.68212890625 0.4368489583333333 0.0205078125 0.04296875
0 0.59033203125 0.34765625 0.0244140625 0.03125
0 0.54541015625 0.37174479166666663 0.0224609375 0.037760416666666664
0 0.51171875 0.36783854166666663 0.017578125 0.03255208333333333
0 0.45947265625 0.330078125 0.0205078125 0.029947916666666664
0 0.4814453125 0.3515625 0.01953125 0.03645833333333333
0 0.53466796875 0.3255208333333333 0.0205078125 0.03645833333333333
0 0.46875 0.5364583333333333 0.015625 0.033854166666666664
0 0.6572265625 0.392578125 0.021484375 0.04036458333333333
0 0.1806640625 0.29947916666666663 0.017578125 0.03125
0 0.05322265625 0.46875 0.0205078125 0.03125
0 0.072265625 0.421875 0.017578125 0.033854166666666664
0 0.24951171875 0.49479166666666663 0.0224609375 0.033854166666666664
0 0.234375 0.29557291666666663 0.021484375 0.033854166666666664
0 0.30419921875 0.3046875 0.0185546875 0.03645833333333333
0 0.29736328125 0.48307291666666663 0.0224609375 0.03645833333333333
0 0.33935546875 0.5325520833333333 0.0224609375 0.033854166666666664
0 0.376953125 0.4739583333333333 0.0234375 0.041666666666666664
0 0.400390625 0.43359375 0.021484375 0.0390625
0 0.333984375 0.40625 0.021484375 0.028645833333333332
0 0.62841796875 0.36783854166666663 0.0205078125 0.03255208333333333
0 0.3876953125 0.40885416666666663 0.013671875 0.020833333333333332
0 0.09033203125 0.2610677083333333 0.0244140625 0.037760416666666664
