0 0.03369140625 0.25718194254445964 0.0166015625 0.03556771545827633
0 0.26513671875 0.23734610123119015 0.0380859375 0.047879616963064295
0 0.451171875 0.22913816689466485 0.041015625 0.07250341997264022
0 0.61328125 0.2544459644322845 0.029296875 0.049247606019151846
0 0.677734375 0.21477428180574554 0.033203125 0.05471956224350205
0 0.826171875 0.23461012311901505 0.025390625 0.03967168262653899
0 0.93212890625 0.23255813953488372 0.0068359375 0.013679890560875513
0 0.56591796875 0.6320109439124487 0.0400390625 0.03556771545827633
0 0.48974609375 0.22982216142270862 0.0068359375 0.013679890560875513
0 0.517578125 0.23666210670314636 0.0078125 0.01094391244870041
