0 0.9658203125 0.6533546325878594 0.02734375 0.0670926517571885
0 0.14453125 0.3761980830670926 0.03515625 0.06230031948881789
0 0.3125 0.3426517571884984 0.0390625 0.06549520766773162
0 0.25927734375 0.26277955271565495 0.0283203125 0.04313099041533546
0 0.3447265625 0.6102236421725239 0.044921875 0.07348242811501597
0 0.3671875 0.45607028753993606 0.04296875 0.07827476038338657
0 0.5966796875 0.2571884984025559 0.0390625 0.054313099041533544
0 0.57275390625 0.7364217252396166 0.0654296875 0.0926517571884984
0 0.98046875 0.21246006389776356 0.025390625 0.03194888178913738
0 0.03857421875 0.35942492012779553 0.0341796875 0.06389776357827476
0 0.45947265625 0.2595846645367412 0.0224609375 0.036741214057507986
0 0.595703125 0.4464856230031949 0.044921875 0.0718849840255591
0 0.837890625 0.2707667731629393 0.02734375 0.05591054313099041
