0 0.330078125 0.4336492890995261 0.017578125 0.07109004739336494
0 0.39990234375 0.4395734597156398 0.0185546875 0.05450236966824645
0 0.54833984375 0.4099526066350711 0.0185546875 0.06635071090047394
0 0.60595703125 0.4099526066350711 0.0185546875 0.06635071090047394
0 0.66162109375 0.4052132701421801 0.0205078125 0.06161137440758294
0 0.72900390625 0.40876777251184837 0.0185546875 0.06872037914691943
0 0.31494140625 0.7997630331753555 0.0205078125 0.06872037914691943
0 0.38427734375 0.7002369668246446 0.0205078125 0.06398104265402844
0 0.62939453125 0.731042654028436 0.0205078125 0.06872037914691943
0 0.7197265625 0.7997630331753555 0.0234375 0.06872037914691943
0 0.47265625 0.40758293838862564 0.01953125 0.06161137440758294
