0 0.33154296875 0.493368700265252 0.0244140625 0.042440318302387266
0 0.46875 0.3806366047745358 0.025390625 0.042440318302387266
0 0.53857421875 0.47679045092838196 0.0244140625 0.04111405835543766
0 0.56884765625 0.4741379310344827 0.0244140625 0.03580901856763925
0 0.7265625 0.48474801061007955 0.0234375 0.04111405835543766
0 0.74755859375 0.4151193633952254 0.0302734375 0.042440318302387266
0 0.7275390625 0.2964190981432361 0.009765625 0.017241379310344827
0 0.76953125 0.30305039787798405 0.009765625 0.017241379310344827
0 0.7919921875 0.29708222811671087 0.009765625 0.015915119363395226
0 0.6171875 0.379973474801061 0.0234375 0.03580901856763925
