0 0.46484375 0.46218487394957986 0.0234375 0.05714285714285715
0 0.24169921875 0.484873949579832 0.0263671875 0.06890756302521009
0 0.26171875 0.5 0.01953125 0.04873949579831933
0 0.73291015625 0.32941176470588235 0.0107421875 0.020168067226890758
0 0.826171875 0.4294117647058824 0.02734375 0.04873949579831933
0 0.80029296875 0.32941176470588235 0.0087890625 0.020168067226890758
0 0.82275390625 0.3420168067226891 0.0087890625 0.018487394957983194
0 0.84130859375 0.33193277310924374 0.0107421875 0.015126050420168069
0 0.3486328125 0.49747899159663866 0.03125 0.04369747899159664
0 0.1337890625 0.38067226890756306 0.02734375 0.05882352941176471
0 0.21923828125 0.1722689075630252 0.0244140625 0.06890756302521009
0 0.26171875 0.23109243697478993 0.02734375 0.04873949579831933
0 0.439453125 0.20168067226890757 0.029296875 0.05042016806722689
0 0.5537109375 0.4008403361344538 0.033203125 0.07226890756302522
0 0.63623046875 0.3504201680672269 0.0302734375 0.06218487394957983
0 0.662109375 0.4294117647058824 0.03125 0.06218487394957983
