0 0.11865234375 0.33220568335588635 0.0615234375 0.12313937753721246
0 0.5712890625 0.29431664411366715 0.09765625 0.15561569688768606
0 0.388671875 0.19418132611637348 0.056640625 0.10419485791610285
0 0.1279296875 0.18673883626522328 0.060546875 0.08119079837618404
0 0.01904296875 0.08795669824086604 0.0380859375 0.08660351826792964
0 0.080078125 0.13937753721244928 0.04296875 0.07577807848443843
0 0.40234375 0.053450608930987825 0.048828125 0.06630581867388363
0 0.2451171875 0.06968876860622464 0.046875 0.07171853856562924
0 0.71044921875 0.15020297699594048 0.0712890625 0.10554803788903926
0 0.92626953125 0.1907983761840325 0.0556640625 0.10825439783491206
0 0.240234375 0.26387009472259815 0.080078125 0.13261163734776726
0 0.4736328125 0.4025710419485792 0.06640625 0.12584573748308525
0 0.83837890625 0.2063599458728011 0.0869140625 0.11502029769959406
0 0.74365234375 0.30175913396481735 0.0888671875 0.12719891745602166
0 0.68994140625 0.23139377537212452 0.0537109375 0.08660351826792964
0 0.30126953125 0.2077131258457375 0.0576171875 0.09336941813261164
