0 0.7353515625 0.78515625 0.03125 0.05208333333333333
0 0.7802734375 0.7734375 0.037109375 0.049479166666666664
0 0.81689453125 0.7356770833333333 0.0419921875 0.0859375
0 0.91552734375 0.7063802083333333 0.0244140625 0.05078125
0 0.53271484375 0.29557291666666663 0.0322265625 0.0390625
0 0.6767578125 0.28385416666666663 0.025390625 0.04427083333333333
0 0.498046875 0.388671875 0.017578125 0.03255208333333333
0 0.52001953125 0.376953125 0.0244140625 0.04036458333333333
0 0.34130859375 0.4134114583333333 0.0185546875 0.037760416666666664
0 0.4375 0.4485677083333333 0.017578125 0.04036458333333333
0 0.447265625 0.37760416666666663 0.015625 0.028645833333333332
0 0.74853515625 0.3977864583333333 0.0166015625 0.029947916666666664
0 0.80859375 0.36783854166666663 0.013671875 0.022135416666666664
0 0.3525390625 0.39127604166666663 0.015625 0.02734375
