0 0.060546875 0.38736979166666663 0.0078125 0.014322916666666666
0 0.1279296875 0.40690104166666663 0.0078125 0.01171875
0 0.11376953125 0.484375 0.0087890625 0.010416666666666666
0 0.09326171875 0.41861979166666663 0.0048828125 0.006510416666666666
0 0.25048828125 0.24674479166666666 0.0556640625 0.09244791666666666
0 0.38427734375 0.4153645833333333 0.0439453125 0.057291666666666664
0 0.517578125 0.28385416666666663 0.0390625 0.05989583333333333
0 0.48876953125 0.4641927083333333 0.0380859375 0.061197916666666664
0 0.57568359375 0.38932291666666663 0.0439453125 0.06770833333333333
0 0.6728515625 0.39322916666666663 0.04296875 0.06510416666666666
0 0.9716796875 0.396484375 0.0234375 0.029947916666666664
0 0.1044921875 0.4140625 0.0078125 0.013020833333333332
