0 0.0771484375 0.871345029239766 0.01171875 0.017543859649122806
0 0.26611328125 0.4809941520467836 0.0419921875 0.08187134502923976
0 0.37646484375 0.49122807017543857 0.0400390625 0.07602339181286549
0 0.5048828125 0.4232456140350877 0.05078125 0.08625730994152046
0 0.62548828125 0.5921052631578947 0.0380859375 0.07309941520467836
0 0.7431640625 0.60453216374269 0.041015625 0.07163742690058479
0 0.31982421875 0.9700292397660818 0.0419921875 0.05701754385964912
0 0.572265625 0.9444444444444444 0.015625 0.02631578947368421
0 0.962890625 0.8757309941520467 0.01171875 0.023391812865497075
0 0.9521484375 0.6842105263157894 0.005859375 0.011695906432748537
0 0.85546875 0.9225146198830408 0.009765625 0.014619883040935672
0 0.81103515625 0.9429824561403508 0.0166015625 0.02046783625730994
