0 0.107421875 0.49773755656108604 0.044921875 0.2533936651583711
0 0.01123046875 0.414027149321267 0.0224609375 0.16742081447963802
0 0.171875 0.3552036199095023 0.021484375 0.15837104072398192
0 0.2177734375 0.411764705882353 0.017578125 0.1085972850678733
0 0.2607421875 0.38687782805429866 0.017578125 0.10407239819004525
0 0.31884765625 0.5271493212669683 0.0263671875 0.17647058823529413
0 0.296875 0.30995475113122173 0.013671875 0.09502262443438915
0 0.142578125 0.28506787330316746 0.013671875 0.08144796380090498
0 0.1923828125 0.27828054298642535 0.009765625 0.07692307692307693
0 0.20068359375 0.19230769230769232 0.0126953125 0.07692307692307693
0 0.24072265625 0.30090497737556565 0.0126953125 0.06787330316742082
0 0.25537109375 0.2239819004524887 0.0126953125 0.07692307692307693
0 0.26904296875 0.21266968325791857 0.0087890625 0.06334841628959277
0 0.31396484375 0.26018099547511314 0.0126953125 0.09502262443438915
0 0.2490234375 0.8868778280542987 0.056640625 0.22624434389140274
0 0.38330078125 0.6221719457013575 0.0322265625 0.19457013574660637
0 0.44287109375 0.5384615384615385 0.0263671875 0.16289592760180996
0 0.39501953125 0.19457013574660637 0.0126953125 0.06334841628959277
0 0.4296875 0.23303167420814483 0.01171875 0.07692307692307693
0 0.4033203125 0.3144796380090498 0.017578125 0.10407239819004525
0 0.45947265625 0.29411764705882354 0.0166015625 0.0995475113122172
0 0.4697265625 0.3733031674208145 0.013671875 0.09502262443438915
0 0.47607421875 0.28054298642533937 0.0166015625 0.0995475113122172
0 0.5009765625 0.5226244343891403 0.03125 0.17647058823529413
0 0.5556640625 0.8167420814479639 0.048828125 0.28506787330316746
0 0.59326171875 0.39366515837104077 0.0166015625 0.11764705882352942
0 0.56689453125 0.3393665158371041 0.0126953125 0.08144796380090498
0 0.6044921875 0.3823529411764706 0.017578125 0.11312217194570137
0 0.6728515625 0.31900452488687786 0.015625 0.10407239819004525
0 0.78173828125 0.33257918552036203 0.0244140625 0.13122171945701358
0 0.7314453125 0.6334841628959277 0.05859375 0.3619909502262444
0 0.814453125 0.495475113122172 0.01171875 0.11312217194570137
0 0.845703125 0.5226244343891403 0.013671875 0.11312217194570137
0 0.8662109375 0.33484162895927605 0.01171875 0.13574660633484165
0 0.6455078125 0.27828054298642535 0.017578125 0.09502262443438915
