0 0.21728515625 0.4053819444444444 0.0244140625 0.05034722222222222
0 0.55078125 0.48871527777777773 0.017578125 0.046875
0 0.2587890625 0.03298611111111111 0.015625 0.048611111111111105
0 0.7880859375 0.09288194444444443 0.015625 0.03993055555555555
0 0.88916015625 0.10850694444444443 0.0185546875 0.029513888888888888
0 0.95166015625 0.13020833333333331 0.0166015625 0.048611111111111105
0 0.630859375 0.03819444444444444 0.021484375 0.041666666666666664
0 0.52099609375 0.04079861111111111 0.0166015625 0.046875
0 0.98291015625 0.2751736111111111 0.0126953125 0.03298611111111111
0 0.8369140625 0.4618055555555555 0.017578125 0.04513888888888889
0 0.92724609375 0.4852430555555555 0.0166015625 0.03993055555555555
0 0.05908203125 0.8020833333333333 0.0283203125 0.05555555555555555
0 0.8505859375 0.8949652777777777 0.015625 0.03993055555555555
0 0.927734375 0.65625 0.01953125 0.03125
0 0.939453125 0.9088541666666666 0.0234375 0.029513888888888888
