0 0.36669921875 0.436608557844691 0.0498046875 0.11885895404120445
0 0.45947265625 0.46354992076069734 0.0361328125 0.10301109350237718
0 0.4072265625 0.2844690966719493 0.029296875 0.06497622820919176
0 0.43701171875 0.32884310618066565 0.0302734375 0.06497622820919176
0 0.48828125 0.3526148969889065 0.01953125 0.049128367670364506
0 0.5107421875 0.34548335974643424 0.013671875 0.04120443740095087
0 0.25390625 0.3700475435816165 0.033203125 0.08716323296354993
0 0.14404296875 0.3700475435816165 0.0224609375 0.07131537242472266
0 0.79541015625 0.36370839936608557 0.0380859375 0.10301109350237718
0 0.8388671875 0.3906497622820919 0.0390625 0.09984152139461173
0 0.73681640625 0.34548335974643424 0.0263671875 0.060221870047543584
0 0.693359375 0.47385103011093505 0.0390625 0.1045958795562599
0 0.6806640625 0.401743264659271 0.02734375 0.06497622820919176
0 0.6552734375 0.3795562599049129 0.017578125 0.0427892234548336
0 0.697265625 0.3185419968304279 0.017578125 0.03803486529318542
0 0.66455078125 0.3272583201267829 0.0146484375 0.03328050713153724
0 0.6162109375 0.3185419968304279 0.009765625 0.025356576862123614
0 0.64208984375 0.3375594294770206 0.0126953125 0.025356576862123614
0 0.52734375 0.3098256735340729 0.01171875 0.02694136291600634
0 0.51318359375 0.31537242472266247 0.0126953125 0.03486529318541997
0 0.560546875 0.51743264659271 0.041015625 0.10618066561014264
