0 0.0234375 0.7650073206442167 0.015625 0.027818448023426062
0 0.1416015625 0.6991215226939971 0.013671875 0.021961932650073207
0 0.08056640625 0.6390922401171303 0.0107421875 0.021961932650073207
0 0.39404296875 0.8008784773060029 0.0126953125 0.032210834553440704
0 0.30126953125 0.5937042459736457 0.0087890625 0.024890190336749635
0 0.353515625 0.5944363103953147 0.009765625 0.02342606149341142
0 0.41845703125 0.6032210834553441 0.0126953125 0.02342606149341142
0 0.65234375 0.5702781844802343 0.009765625 0.01903367496339678
0 0.603515625 0.5592972181551976 0.0078125 0.020497803806734993
0 0.94091796875 0.465592972181552 0.0068359375 0.014641288433382138
0 0.962890625 0.4641288433382138 0.0078125 0.014641288433382138
0 0.935546875 0.4985358711566618 0.005859375 0.013177159590043924
0 0.83837890625 0.5322108345534408 0.0068359375 0.016105417276720352
0 0.12109375 0.6412884333821376 0.01171875 0.017569546120058566
0 0.2470703125 0.17057101024890192 0.01171875 0.024890190336749635
0 0.400390625 0.18667642752562225 0.009765625 0.024890190336749635
0 0.4384765625 0.1603221083455344 0.01171875 0.024890190336749635
0 0.48828125 0.18228404099560763 0.01171875 0.024890190336749635
0 0.5087890625 0.15519765739385066 0.009765625 0.020497803806734993
0 0.53955078125 0.15373352855051245 0.0107421875 0.02635431918008785
0 0.72998046875 0.16178623718887264 0.0087890625 0.01903367496339678
0 0.73974609375 0.17349926793557835 0.0068359375 0.016105417276720352
0 0.84912109375 0.1676427525622255 0.0068359375 0.01903367496339678
0 0.880859375 0.15446559297218154 0.0078125 0.016105417276720352
0 0.900390625 0.18448023426061494 0.0078125 0.014641288433382138
0 0.85400390625 0.15592972181551978 0.0068359375 0.016105417276720352
0 0.94921875 0.17057101024890192 0.0078125 0.01903367496339678
0 0.96435546875 0.1581259150805271 0.0068359375 0.014641288433382138
0 0.69775390625 0.17496339677891654 0.0087890625 0.01903367496339678
0 0.6650390625 0.1683748169838946 0.01171875 0.020497803806734993
0 0.47998046875 0.1683748169838946 0.0087890625 0.017569546120058566
0 0.38525390625 0.1376281112737921 0.0087890625 0.020497803806734993
0 0.34375 0.17349926793557835 0.01171875 0.021961932650073207
0 0.3193359375 0.18374816983894582 0.0078125 0.016105417276720352
0 0.294921875 0.15592972181551978 0.009765625 0.024890190336749635
0 0.203125 0.16251830161054173 0.01171875 0.02342606149341142
0 0.14111328125 0.17569546120058566 0.0126953125 0.02342606149341142
0 0.1025390625 0.1793557833089312 0.01171875 0.021961932650073207
0 0.99462890625 0.46998535871156666 0.0068359375 0.014641288433382138
0 0.806640625 0.506588579795022 0.009765625 0.014641288433382138
0 0.83642578125 0.5051244509516838 0.0087890625 0.014641288433382138
0 0.7080078125 0.5241581259150805 0.009765625 0.017569546120058566
0 0.6201171875 0.5636896046852123 0.009765625 0.020497803806734993
0 0.54736328125 0.5863836017569546 0.0087890625 0.01903367496339678
0 0.51025390625 0.5929721815519766 0.0107421875 0.017569546120058566
0 0.47119140625 0.6054172767203514 0.0107421875 0.01903367496339678
0 0.46337890625 0.6464128843338214 0.0107421875 0.016105417276720352
0 0.4697265625 0.7759882869692534 0.017578125 0.029282576866764276
0 0.2724609375 0.6134699853587116 0.013671875 0.02342606149341142
0 0.236328125 0.6405563689604685 0.009765625 0.01903367496339678
0 0.17431640625 0.643484626647145 0.0126953125 0.024890190336749635
0 0.18115234375 0.7818448023426061 0.0146484375 0.02342606149341142
0 0.1708984375 0.8689604685212299 0.015625 0.03367496339677892
0 0.244140625 0.7657393850658858 0.015625 0.020497803806734993
0 0.3056640625 0.7459736456808199 0.01171875 0.021961932650073207
0 0.5849609375 0.8052708638360175 0.017578125 0.029282576866764276
0 0.5908203125 0.8455344070278185 0.015625 0.03074670571010249
0 0.68408203125 0.808199121522694 0.0126953125 0.029282576866764276
0 0.80029296875 0.7232796486090776 0.0166015625 0.029282576866764276
0 0.76611328125 0.8543191800878478 0.0166015625 0.03367496339677892
0 0.88134765625 0.8477306002928258 0.0126953125 0.02635431918008785
0 0.9169921875 0.7415812591508053 0.013671875 0.027818448023426062
0 0.97509765625 0.91800878477306 0.0205078125 0.03513909224011713
0 0.60205078125 0.16471449487554907 0.0107421875 0.021961932650073207
