0 0.05908203125 0.3318649045521292 0.0361328125 0.09104258443465492
0 0.1181640625 0.34801762114537443 0.029296875 0.06167400881057268
0 0.16162109375 0.3641703377386197 0.0244140625 0.05580029368575624
0 0.19921875 0.3450807635829662 0.02734375 0.06167400881057268
0 0.30517578125 0.32378854625550657 0.0322265625 0.11894273127753303
0 0.1533203125 0.3201174743024963 0.01953125 0.0381791483113069
0 0.34912109375 0.355359765051395 0.0126953125 0.032305433186490456
0 0.388671875 0.3942731277533039 0.03515625 0.06607929515418502
0 0.53955078125 0.39574155653450804 0.0341796875 0.06020558002936857
0 0.64453125 0.3509544787077827 0.017578125 0.041116005873715125
0 0.7353515625 0.37371512481644636 0.033203125 0.06901615271659324
0 0.4990234375 0.39060205580029367 0.013671875 0.02936857562408223
0 0.44677734375 0.3854625550660793 0.0166015625 0.033773861967694566
0 0.529296875 0.28928046989720996 0.015625 0.026431718061674006
0 0.46044921875 0.29588839941262846 0.0107421875 0.01908957415565345
0 0.82470703125 0.37151248164464024 0.0185546875 0.035242290748898675
0 0.94287109375 0.368575624082232 0.0185546875 0.04405286343612334
0 0.7890625 0.37591776798825255 0.01171875 0.020558002936857563
