0 0.3017578125 0.06075533661740558 0.017578125 0.0361247947454844
0 0.4697265625 0.0665024630541872 0.013671875 0.031198686371100164
0 0.5244140625 0.04926108374384236 0.01171875 0.026272577996715927
0 0.78173828125 0.09770114942528735 0.0166015625 0.031198686371100164
0 0.83837890625 0.2405582922824302 0.0146484375 0.027914614121510674
0 0.87548828125 0.3530377668308703 0.0146484375 0.026272577996715927
0 0.130859375 0.16420361247947454 0.009765625 0.019704433497536946
0 0.02685546875 0.11576354679802955 0.0146484375 0.03776683087027914
0 0.18603515625 0.12807881773399013 0.0107421875 0.029556650246305417
0 0.2568359375 0.16091954022988506 0.01171875 0.026272577996715927
