0 0.8046875 0.366844207723036 0.01953125 0.02796271637816245
0 0.8525390625 0.33621837549933425 0.017578125 0.030625832223701733
0 0.888671875 0.3435419440745673 0.017578125 0.037283621837549935
0 0.748046875 0.3635153129161119 0.01953125 0.026631158455392812
0 0.7158203125 0.3628495339547271 0.015625 0.030625832223701733
0 0.330078125 0.4061251664447404 0.01953125 0.03462050599201066
0 0.52587890625 0.3675099866844208 0.0126953125 0.029294274300932094
0 0.11865234375 0.4427430093209055 0.0224609375 0.02796271637816245
0 0.16162109375 0.43874833555259657 0.0224609375 0.02796271637816245
0 0.2060546875 0.459387483355526 0.009765625 0.02396804260985353
0 0.23388671875 0.4620505992010653 0.0166015625 0.02130492676431425
0 0.06201171875 0.4400798934753662 0.0126953125 0.030625832223701733
