0 0.31396484375 0.6319942611190819 0.0439453125 0.11908177905308466
0 0.71240234375 0.9634146341463415 0.0302734375 0.05308464849354376
0 0.78076171875 0.9440459110473458 0.0283203125 0.054519368723098996
0 0.81201171875 0.9031563845050216 0.0244140625 0.05021520803443329
0 0.70263671875 0.8299856527977045 0.0263671875 0.047345767575322814
0 0.96435546875 0.8938307030129126 0.0283203125 0.06025824964131995
0 0.83056640625 0.9641319942611192 0.0283203125 0.05738880918220947
0 0.87939453125 0.9203730272596844 0.0263671875 0.05308464849354376
0 0.84228515625 0.8493543758967002 0.0244140625 0.06025824964131995
0 0.87744140625 0.860832137733142 0.0263671875 0.05164992826398852
0 0.923828125 0.8342898134863702 0.021484375 0.04447632711621234
0 0.94921875 0.9777618364418939 0.02734375 0.04447632711621234
0 0.98046875 0.8228120516499283 0.015625 0.03299856527977044
0 0.11279296875 0.930416068866571 0.0263671875 0.05308464849354376
0 0.1533203125 0.8292682926829269 0.017578125 0.03730272596843616
0 0.2080078125 0.917503586800574 0.021484375 0.038737446197991396
0 0.2158203125 0.8730272596843616 0.015625 0.03299856527977044
0 0.1767578125 0.8120516499282641 0.017578125 0.03443328550932569
