0 0.17822265625 0.4190938511326861 0.0205078125 0.04854368932038835
0 0.2041015625 0.3988673139158576 0.017578125 0.043689320388349516
0 0.21240234375 0.4368932038834952 0.0205078125 0.03883495145631068
0 0.30322265625 0.47006472491909385 0.0205078125 0.05016181229773463
0 0.47705078125 0.5088996763754046 0.0185546875 0.05016181229773463
0 0.38427734375 0.5048543689320388 0.0166015625 0.04854368932038835
0 0.3388671875 0.5186084142394822 0.01953125 0.0372168284789644
0 0.234375 0.4563106796116505 0.021484375 0.04854368932038835
0 0.3994140625 0.4846278317152104 0.015625 0.0372168284789644
0 0.46044921875 0.47006472491909385 0.0126953125 0.03074433656957929
0 0.46923828125 0.4538834951456311 0.0107421875 0.03398058252427184
0 0.48095703125 0.4498381877022654 0.0107421875 0.03883495145631068
0 0.5068359375 0.49838187702265374 0.01171875 0.03559870550161812
0 0.53125 0.4911003236245955 0.01953125 0.05016181229773463
0 0.5537109375 0.49838187702265374 0.015625 0.045307443365695796
0 0.5771484375 0.4967637540453075 0.0234375 0.05177993527508091
0 0.345703125 0.48624595469255666 0.01953125 0.04045307443365696
0 0.33154296875 0.4457928802588997 0.0146484375 0.027508090614886734
0 0.38134765625 0.4449838187702266 0.0126953125 0.03236245954692557
0 0.51318359375 0.4538834951456311 0.0185546875 0.0372168284789644
0 0.60107421875 0.5 0.0185546875 0.045307443365695796
0 0.6240234375 0.5032362459546926 0.015625 0.03559870550161812
0 0.6416015625 0.4627831715210356 0.01953125 0.03559870550161812
0 0.60400390625 0.45711974110032366 0.0166015625 0.03398058252427184
0 0.6650390625 0.5234627831715211 0.013671875 0.04045307443365696
0 0.7294921875 0.522653721682848 0.01953125 0.042071197411003236
0 0.7529296875 0.5153721682847897 0.01953125 0.04045307443365696
0 0.779296875 0.5307443365695793 0.017578125 0.045307443365695796
0 0.826171875 0.5396440129449839 0.01953125 0.043689320388349516
0 0.68310546875 0.4870550161812298 0.0126953125 0.03559870550161812
0 0.8740234375 0.5509708737864077 0.021484375 0.05016181229773463
0 0.91796875 0.5444983818770227 0.021484375 0.046925566343042076
0 0.95849609375 0.5566343042071198 0.0224609375 0.042071197411003236
0 0.9912109375 0.5493527508090615 0.017578125 0.043689320388349516
0 0.84228515625 0.5 0.0146484375 0.03559870550161812
0 0.83544921875 0.5299352750809062 0.0166015625 0.04045307443365696
0 0.91748046875 0.5177993527508091 0.0185546875 0.03883495145631068
0 0.13134765625 0.482200647249191 0.0185546875 0.06796116504854369
0 0.287109375 0.5194174757281553 0.025390625 0.06148867313915858
0 0.0302734375 0.4352750809061489 0.0234375 0.06148867313915858
0 0.0087890625 0.4271844660194175 0.015625 0.05177993527508091
0 0.00830078125 0.49433656957928807 0.0146484375 0.0598705501618123
0 0.09716796875 0.4457928802588997 0.0224609375 0.05663430420711974
0 0.16748046875 0.4563106796116505 0.0224609375 0.05501618122977347
0 0.14599609375 0.41585760517799353 0.0224609375 0.04854368932038835
0 0.13720703125 0.4563106796116505 0.0224609375 0.05825242718446602
0 0.05126953125 0.4498381877022654 0.0205078125 0.04854368932038835
0 0.2001953125 0.48381877022653724 0.021484375 0.05501618122977347
0 0.42529296875 0.47815533980582525 0.0224609375 0.04045307443365696
