0 0.58349609375 0.4295154185022026 0.0322265625 0.06607929515418502
0 0.71142578125 0.41556534508076354 0.0380859375 0.08223201174743025
0 0.837890625 0.3964757709251101 0.04296875 0.08223201174743025
0 0.4609375 0.3854625550660793 0.03515625 0.06607929515418502
0 0.3388671875 0.447870778267254 0.033203125 0.06167400881057268
0 0.1982421875 0.4229074889867841 0.0390625 0.0763582966226138
0 0.10205078125 0.4030837004405286 0.0146484375 0.04845814977973568
0 0.11962890625 0.4199706314243759 0.0068359375 0.014684287812041116
0 0.1279296875 0.43685756240822315 0.0078125 0.016152716593245228
0 0.15576171875 0.4412628487518355 0.0068359375 0.016152716593245228
0 0.2734375 0.44713656387665196 0.0078125 0.02202643171806167
0 0.2880859375 0.4331864904552129 0.009765625 0.026431718061674006
0 0.30712890625 0.4243759177679882 0.0087890625 0.026431718061674006
0 0.29638671875 0.4287812041116006 0.0048828125 0.008810572687224669
0 0.783203125 0.43906020558002934 0.009765625 0.017621145374449337
0 0.6416015625 0.42364170337738616 0.005859375 0.013215859030837003
0 0.6787109375 0.42584434654919234 0.00390625 0.011747430249632892
0 0.5322265625 0.42070484581497797 0.0078125 0.016152716593245228
0 0.806640625 0.4397944199706314 0.0078125 0.016152716593245228
0 0.88916015625 0.42070484581497797 0.0048828125 0.010279001468428781
0 0.9326171875 0.41262848751835535 0.005859375 0.014684287812041116
0 0.99609375 0.4251101321585903 0.005859375 0.013215859030837003
0 0.970703125 0.43392070484581496 0.005859375 0.013215859030837003
0 0.06005859375 0.434654919236417 0.0146484375 0.041116005873715125
