0 0.23486328125 0.3453145057766367 0.0185546875 0.04621309370988447
0 0.29052734375 0.2650834403080873 0.0166015625 0.029525032092426184
0 0.51171875 0.5629011553273428 0.01953125 0.03722721437740693
0 0.8203125 0.39024390243902435 0.0390625 0.07958921694480102
0 0.46728515625 0.3254172015404364 0.0205078125 0.03209242618741977
0 0.37841796875 0.331193838254172 0.0185546875 0.030808729139922976
0 0.44921875 0.2573812580231065 0.021484375 0.03465982028241335
0 0.583984375 0.248395378690629 0.01953125 0.029525032092426184
0 0.65185546875 0.3138639281129653 0.0263671875 0.03209242618741977
0 0.708984375 0.3016688061617458 0.021484375 0.0410783055198973
0 0.12060546875 0.4088575096277278 0.0126953125 0.03979460847240051
0 0.138671875 0.383183568677792 0.017578125 0.026957637997432605
