0 0.146484375 0.23727544910179643 0.009765625 0.0344311377245509
0 0.173828125 0.3570359281437126 0.029296875 0.055389221556886234
0 0.20361328125 0.3166167664670659 0.0205078125 0.04940119760479042
0 0.25048828125 0.4408682634730539 0.0166015625 0.037425149700598806
0 0.85302734375 0.22380239520958084 0.0166015625 0.031437125748503
0 0.9384765625 0.2058383233532934 0.013671875 0.031437125748503
0 0.60791015625 0.1541916167664671 0.0068359375 0.011976047904191617
0 0.63818359375 0.1414670658682635 0.0068359375 0.01347305389221557
0 0.6923828125 0.15194610778443116 0.0078125 0.01347305389221557
0 0.70556640625 0.14520958083832336 0.0068359375 0.011976047904191617
0 0.75048828125 0.13098802395209583 0.0068359375 0.010479041916167666
0 0.7783203125 0.13323353293413173 0.0078125 0.014970059880239521
0 0.8115234375 0.1407185628742515 0.0078125 0.011976047904191617
0 0.73291015625 0.1474550898203593 0.0068359375 0.010479041916167666
0 0.53125 0.15494011976047906 0.0078125 0.01347305389221557
0 0.46923828125 0.14595808383233533 0.0068359375 0.016467065868263474
0 0.98046875 0.1317365269461078 0.0078125 0.011976047904191617
0 0.9150390625 0.1287425149700599 0.0078125 0.014970059880239521
0 0.583984375 0.14970059880239522 0.005859375 0.011976047904191617
0 0.9013671875 0.6654191616766467 0.056640625 0.09131736526946109
0 0.7841796875 0.5763473053892216 0.048828125 0.08982035928143713
0 0.79150390625 0.45359281437125754 0.0458984375 0.08083832335329341
0 0.62158203125 0.47679640718562877 0.0322265625 0.09730538922155689
0 0.4951171875 0.5224550898203593 0.029296875 0.08083832335329341
0 0.548828125 0.47380239520958084 0.03515625 0.07934131736526946
0 0.49365234375 0.45808383233532934 0.0380859375 0.0688622754491018
0 0.39599609375 0.3914670658682635 0.0283203125 0.06736526946107785
0 0.33251953125 0.4446107784431138 0.0224609375 0.0658682634730539
0 0.28759765625 0.37799401197604793 0.0263671875 0.058383233532934134
0 0.3642578125 0.4191616766467066 0.021484375 0.062874251497006
0 0.00634765625 0.31437125748503 0.0126953125 0.05389221556886228
0 0.06884765625 0.2986526946107785 0.0185546875 0.0344311377245509
0 0.13330078125 0.25 0.0146484375 0.035928143712574856
