0 0.103515625 0.13215859030837004 0.021484375 0.04405286343612334
0 0.1845703125 0.21512481644640233 0.013671875 0.03083700440528634
0 0.2587890625 0.24963289280469897 0.0234375 0.026431718061674006
0 0.03515625 0.15198237885462554 0.017578125 0.04552129221732746
0 0.14697265625 0.3472834067547724 0.0205078125 0.033773861967694566
0 0.14404296875 0.43392070484581496 0.0146484375 0.03671071953010279
0 0.18505859375 0.4515418502202643 0.0166015625 0.024963289280469897
0 0.201171875 0.44933920704845814 0.017578125 0.026431718061674006
0 0.24267578125 0.43024963289280466 0.0166015625 0.035242290748898675
0 0.2724609375 0.43612334801762115 0.01953125 0.035242290748898675
0 0.34130859375 0.4787077826725404 0.0224609375 0.026431718061674006
0 0.5244140625 0.1659324522760646 0.0234375 0.049926578560939794
0 0.59130859375 0.23274596182085167 0.0224609375 0.04552129221732746
0 0.4697265625 0.2393538913362702 0.01953125 0.035242290748898675
0 0.41455078125 0.2026431718061674 0.0224609375 0.0381791483113069
0 0.40234375 0.21806167400881057 0.015625 0.03964757709251101
0 0.37353515625 0.33773861967694563 0.0107421875 0.032305433186490456
0 0.52490234375 0.37151248164464024 0.0205078125 0.035242290748898675
0 0.6064453125 0.30910425844346545 0.017578125 0.042584434654919234
0 0.6748046875 0.19309838472834068 0.021484375 0.042584434654919234
0 0.66943359375 0.2187958883994126 0.0263671875 0.035242290748898675
0 0.72802734375 0.18795888399412627 0.0263671875 0.05286343612334801
0 0.80078125 0.23201174743024963 0.0234375 0.05580029368575624
0 0.927734375 0.15565345080763582 0.01953125 0.04698972099853157
0 0.88134765625 0.22687224669603523 0.0205078125 0.03671071953010279
0 0.8681640625 0.15859030837004404 0.005859375 0.0381791483113069
0 0.8955078125 0.2973568281938326 0.021484375 0.042584434654919234
0 0.85400390625 0.44933920704845814 0.0244140625 0.0381791483113069
0 0.77099609375 0.45594713656387664 0.0205078125 0.03083700440528634
0 0.94189453125 0.3274596182085169 0.0224609375 0.041116005873715125
0 0.9130859375 0.3105726872246696 0.013671875 0.033773861967694566
0 0.9951171875 0.2936857562408223 0.009765625 0.0381791483113069
0 0.7734375 0.19970631424375918 0.0234375 0.0381791483113069
0 0.462890625 0.45814977973568277 0.021484375 0.0381791483113069
0 0.4140625 0.3766519823788546 0.013671875 0.03083700440528634
0 0.3271484375 0.41923641703377384 0.013671875 0.01908957415565345
