0 0.5068359375 0.453125 0.01953125 0.028125
0 0.56201171875 0.525 0.0244140625 0.046875
0 0.541015625 0.5921875 0.021484375 0.037500000000000006
0 0.53857421875 0.65 0.0263671875 0.043750000000000004
0 0.6259765625 0.65234375 0.017578125 0.035937500000000004
0 0.68017578125 0.696875 0.0224609375 0.046875
0 0.69677734375 0.6859375000000001 0.0185546875 0.040625
0 0.7412109375 0.6414062500000001 0.021484375 0.051562500000000004
0 0.78076171875 0.6257812500000001 0.0185546875 0.0484375
0 0.75390625 0.80625 0.021484375 0.043750000000000004
0 0.7783203125 0.7921875 0.017578125 0.043750000000000004
0 0.8037109375 0.7664062500000001 0.021484375 0.0484375
0 0.84814453125 0.7429687500000001 0.0224609375 0.0546875
0 0.953125 0.7828125 0.021484375 0.043750000000000004
0 0.970703125 0.64375 0.017578125 0.046875
0 0.9296875 0.6335937500000001 0.01953125 0.0390625
0 0.78515625 0.56484375 0.0234375 0.0421875
0 0.73779296875 0.46796875000000004 0.0166015625 0.035937500000000004
0 0.7001953125 0.4765625 0.01953125 0.05
0 0.67919921875 0.48281250000000003 0.0146484375 0.043750000000000004
0 0.63671875 0.5007812500000001 0.021484375 0.0484375
0 0.603515625 0.50234375 0.01953125 0.0421875
0 0.85302734375 0.41718750000000004 0.0185546875 0.05
0 0.91796875 0.40078125000000003 0.017578125 0.0421875
0 0.9443359375 0.5 0.021484375 0.043750000000000004
0 0.9326171875 0.5281250000000001 0.015625 0.040625
0 0.9833984375 0.38515625000000003 0.017578125 0.045312500000000006
0 0.6513671875 0.55703125 0.013671875 0.029687500000000002
0 0.6201171875 0.56171875 0.01953125 0.035937500000000004
0 0.244140625 0.40468750000000003 0.296875 0.515625
0 0.4619140625 0.26171875 0.01953125 0.0421875
0 0.43701171875 0.309375 0.0185546875 0.037500000000000006
0 0.54052734375 0.12109375 0.0185546875 0.045312500000000006
0 0.03759765625 0.184375 0.0166015625 0.037500000000000006
0 0.0205078125 0.296875 0.025390625 0.046875
0 0.013671875 0.043750000000000004 0.017578125 0.028125
0 0.4951171875 0.61328125 0.01953125 0.06406250000000001
0 0.54150390625 0.11875000000000001 0.0185546875 0.046875
0 0.6884765625 0.284375 0.013671875 0.028125
0 0.61669921875 0.31093750000000003 0.0166015625 0.037500000000000006
0 0.74853515625 0.025781250000000002 0.0146484375 0.0328125
0 0.4736328125 0.0703125 0.015625 0.037500000000000006
0 0.91650390625 0.03828125 0.0126953125 0.0328125
0 0.982421875 0.025781250000000002 0.015625 0.0234375
0 0.94189453125 0.20625000000000002 0.0185546875 0.034375
0 0.89794921875 0.27968750000000003 0.0205078125 0.034375
0 0.85205078125 0.31328125 0.0205078125 0.0421875
