0 0.6630859375 0.23743500866551126 0.037109375 0.07625649913344887
0 0.60693359375 0.047660311958405546 0.0205078125 0.04332755632582322
0 0.48779296875 0.1334488734835355 0.0224609375 0.04506065857885615
0 0.4951171875 0.05459272097053726 0.01953125 0.036395147313691506
0 0.41748046875 0.06759098786828423 0.0185546875 0.04506065857885615
0 0.40478515625 0.12478336221837087 0.0244140625 0.04506065857885615
0 0.33740234375 0.05199306759098787 0.0205078125 0.04506065857885615
0 0.32421875 0.1611785095320624 0.041015625 0.07279029462738301
0 0.92138671875 0.1967071057192374 0.0244140625 0.04679376083188908
0 0.1533203125 0.12131715771230502 0.021484375 0.04852686308492201
0 0.0703125 0.14384748700173308 0.0234375 0.04159445407279029
0 0.0126953125 0.1143847487001733 0.021484375 0.04852686308492201
