0 0.6396484375 0.5019893899204244 0.015625 0.011936339522546418
0 0.48681640625 0.5424403183023873 0.0126953125 0.023872679045092837
0 0.50146484375 0.5271883289124668 0.0107421875 0.022546419098143235
0 0.47998046875 0.3978779840848806 0.0087890625 0.021220159151193633
0 0.48779296875 0.3713527851458886 0.0107421875 0.01326259946949602
0 0.27197265625 0.37002652519893897 0.0087890625 0.021220159151193633
0 0.21728515625 0.35875331564986734 0.0068359375 0.017241379310344827
0 0.2216796875 0.5072944297082228 0.013671875 0.022546419098143235
0 0.25830078125 0.4051724137931034 0.0068359375 0.017241379310344827
0 0.3095703125 0.41445623342175064 0.005859375 0.017241379310344827
0 0.28759765625 0.4787798408488063 0.0087890625 0.01856763925729443
0 0.13037109375 0.4515915119363395 0.0107421875 0.01989389920424403
0 0.1005859375 0.34681697612732093 0.01171875 0.022546419098143235
0 0.064453125 0.4177718832891246 0.0078125 0.023872679045092837
0 0.0078125 0.5358090185676392 0.01171875 0.02652519893899204
0 0.38671875 0.3846153846153846 0.005859375 0.01856763925729443
0 0.23388671875 0.42705570291777184 0.0068359375 0.015915119363395226
