0 0.47802734375 0.1642754662840746 0.0595703125 0.10473457675753228
0 0.80517578125 0.26757532281205165 0.0185546875 0.030129124820659974
0 0.70263671875 0.1169296987087518 0.0146484375 0.024390243902439025
0 0.64208984375 0.1441893830703013 0.0146484375 0.024390243902439025
0 0.62158203125 0.11549497847919657 0.0146484375 0.021520803443328552
0 0.67333984375 0.10401721664275466 0.0166015625 0.024390243902439025
0 0.65234375 0.07245337159253946 0.013671875 0.024390243902439025
0 0.6220703125 0.08034433285509326 0.013671875 0.02295552367288379
0 0.5869140625 0.07747489239598279 0.015625 0.02295552367288379
0 0.576171875 0.1054519368723099 0.017578125 0.024390243902439025
0 0.693359375 0.05021520803443329 0.013671875 0.020086083213773316
0 0.66796875 0.04519368723098996 0.013671875 0.021520803443328552
0 0.57763671875 0.04017216642754663 0.0146484375 0.02295552367288379
0 0.6796875 0.13558106169296988 0.013671875 0.021520803443328552
0 0.6962890625 0.18938307030129126 0.013671875 0.02295552367288379
0 0.73291015625 0.15351506456241035 0.0146484375 0.02295552367288379
0 0.7578125 0.16140602582496413 0.013671875 0.021520803443328552
0 0.787109375 0.1901004304160689 0.015625 0.030129124820659974
0 0.7900390625 0.11764705882352942 0.015625 0.02295552367288379
0 0.8115234375 0.148493543758967 0.015625 0.027259684361549498
0 0.8037109375 0.22022955523672885 0.015625 0.021520803443328552
0 0.7529296875 0.24246771879483503 0.015625 0.02295552367288379
0 0.708984375 0.22883787661406027 0.015625 0.024390243902439025
0 0.41650390625 0.10258249641319943 0.0146484375 0.021520803443328552
0 0.41064453125 0.04160688665710187 0.0146484375 0.02295552367288379
0 0.3701171875 0.2223816355810617 0.017578125 0.028694404591104734
0 0.36572265625 0.27833572453371597 0.0185546875 0.03443328550932569
0 0.33837890625 0.1944045911047346 0.0166015625 0.024390243902439025
0 0.544921875 0.06886657101865137 0.013671875 0.028694404591104734
0 0.70556640625 0.08464849354375897 0.0146484375 0.02582496413199426
0 0.97412109375 0.2704447632711621 0.0146484375 0.027259684361549498
0 0.9267578125 0.24748923959827834 0.01171875 0.021520803443328552
0 0.88818359375 0.27259684361549497 0.0146484375 0.028694404591104734
0 0.85595703125 0.2259684361549498 0.0146484375 0.024390243902439025
0 0.81689453125 0.19727403156384507 0.0146484375 0.024390243902439025
0 0.85546875 0.09038737446197992 0.013671875 0.02295552367288379
0 0.9052734375 0.1994261119081779 0.013671875 0.02295552367288379
0 0.8466796875 0.1556671449067432 0.013671875 0.01865136298421808
0 0.919921875 0.10401721664275466 0.01171875 0.01865136298421808
0 0.791015625 0.05021520803443329 0.013671875 0.017216642754662843
0 0.75830078125 0.04375896700143472 0.0126953125 0.01865136298421808
0 0.7158203125 0.027977044476327116 0.01171875 0.015781922525107604
0 0.8369140625 0.02582496413199426 0.013671875 0.017216642754662843
0 0.88916015625 0.09038737446197992 0.0146484375 0.02582496413199426
0 0.853515625 0.2847919655667145 0.013671875 0.021520803443328552
0 0.18115234375 0.04949784791965567 0.0166015625 0.027259684361549498
0 0.2138671875 0.06527977044476327 0.013671875 0.021520803443328552
0 0.21728515625 0.09971305595408896 0.0126953125 0.021520803443328552
0 0.10888671875 0.1750358680057389 0.0185546875 0.02582496413199426
0 0.111328125 0.13558106169296988 0.015625 0.024390243902439025
0 0.07763671875 0.09827833572453372 0.0126953125 0.024390243902439025
0 0.1015625 0.09397417503586801 0.015625 0.027259684361549498
0 0.08251953125 0.05667144906743185 0.0185546875 0.01865136298421808
0 0.037109375 0.015064562410329987 0.01953125 0.024390243902439025
0 0.16796875 0.01865136298421808 0.013671875 0.02295552367288379
0 0.08203125 0.22094691535150646 0.01953125 0.03156384505021521
0 0.21630859375 0.1944045911047346 0.0107421875 0.027259684361549498
0 0.26171875 0.18077474892395984 0.015625 0.028694404591104734
0 0.25634765625 0.13845050215208035 0.0146484375 0.027259684361549498
0 0.05859375 0.1398852223816356 0.015625 0.024390243902439025
0 0.00830078125 0.1398852223816356 0.0107421875 0.03299856527977044
0 0.13037109375 0.012195121951219513 0.0146484375 0.01865136298421808
0 0.298828125 0.14562410329985653 0.017578125 0.03299856527977044
0 0.25537109375 0.2883787661406026 0.0146484375 0.02295552367288379
0 0.2080078125 0.27833572453371597 0.015625 0.02582496413199426
0 0.16650390625 0.29124820659971307 0.0146484375 0.02582496413199426
0 0.1181640625 0.27905308464849354 0.017578125 0.027259684361549498
0 0.0458984375 0.2890961262553802 0.015625 0.027259684361549498
0 0.025390625 0.24390243902439027 0.015625 0.02295552367288379
0 0.21240234375 0.15494978479196558 0.0126953125 0.02582496413199426
0 0.16455078125 0.10186513629842181 0.0126953125 0.020086083213773316
0 0.32177734375 0.1757532281205165 0.0126953125 0.030129124820659974
0 0.306640625 0.2769010043041607 0.01953125 0.03443328550932569
0 0.62255859375 0.05021520803443329 0.0107421875 0.020086083213773316
0 0.45361328125 0.030129124820659974 0.0146484375 0.02295552367288379
0 0.94677734375 0.15423242467718795 0.0146484375 0.027259684361549498
