0 0.89404296875 0.40690104166666663 0.0322265625 0.04817708333333333
0 0.8291015625 0.4192708333333333 0.02734375 0.0390625
0 0.83642578125 0.5305989583333333 0.0322265625 0.053385416666666664
0 0.75634765625 0.396484375 0.0263671875 0.04296875
0 0.70263671875 0.4140625 0.0244140625 0.041666666666666664
0 0.72802734375 0.5279947916666666 0.0322265625 0.053385416666666664
0 0.642578125 0.54296875 0.03125 0.049479166666666664
0 0.62109375 0.40104166666666663 0.029296875 0.04427083333333333
0 0.53759765625 0.39518229166666663 0.0263671875 0.05078125
0 0.51220703125 0.396484375 0.0263671875 0.04296875
0 0.509765625 0.5514322916666666 0.029296875 0.05078125
0 0.46484375 0.39127604166666663 0.02734375 0.05078125
0 0.4326171875 0.384765625 0.029296875 0.045572916666666664
0 0.39404296875 0.412109375 0.0263671875 0.045572916666666664
0 0.41455078125 0.5455729166666666 0.0283203125 0.046875
0 0.31689453125 0.537109375 0.0302734375 0.05078125
0 0.3349609375 0.39908854166666663 0.02734375 0.04296875
0 0.29296875 0.3938802083333333 0.02734375 0.04296875
0 0.267578125 0.4173177083333333 0.02734375 0.03515625
0 0.22900390625 0.4368489583333333 0.0263671875 0.045572916666666664
0 0.1826171875 0.3977864583333333 0.029296875 0.04296875
0 0.1533203125 0.4075520833333333 0.029296875 0.049479166666666664
0 0.19873046875 0.525390625 0.0302734375 0.053385416666666664
