0 0.85400390625 0.41050119331742246 0.0224609375 0.06205250596658712
0 0.77490234375 0.4272076372315036 0.0224609375 0.06682577565632458
0 0.697265625 0.4128878281622912 0.021484375 0.057279236276849645
0 0.619140625 0.41766109785202865 0.021484375 0.06205250596658712
0 0.91748046875 0.24940334128878283 0.0205078125 0.05489260143198091
0 0.8515625 0.27446300715990457 0.01953125 0.06682577565632458
0 0.80078125 0.2541766109785203 0.017578125 0.05489260143198091
0 0.73486328125 0.25178997613365156 0.0205078125 0.05489260143198091
0 0.68994140625 0.25298329355608595 0.0185546875 0.057279236276849645
0 0.6337890625 0.2171837708830549 0.021484375 0.06205250596658712
0 0.56494140625 0.18257756563245825 0.0185546875 0.06443914081145585
0 0.49755859375 0.2028639618138425 0.0205078125 0.06205250596658712
0 0.4306640625 0.22911694510739858 0.01953125 0.057279236276849645
0 0.388671875 0.39618138424821003 0.021484375 0.06682577565632458
0 0.46484375 0.3973747016706444 0.01953125 0.06443914081145585
0 0.5439453125 0.4224343675417661 0.021484375 0.07159904534606205
0 0.37890625 0.23269689737470167 0.021484375 0.05966587112171838
0 0.33251953125 0.23747016706443916 0.0205078125 0.06921241050119332
0 0.2802734375 0.23269689737470167 0.01953125 0.06443914081145585
0 0.28125 0.43914081145584727 0.0234375 0.06682577565632458
0 0.20556640625 0.41885441527446304 0.0224609375 0.06443914081145585
0 0.16259765625 0.24463007159904535 0.0205078125 0.06443914081145585
0 0.22314453125 0.2362768496420048 0.0205078125 0.06682577565632458
0 0.09375 0.21479713603818618 0.021484375 0.05250596658711217
