0 0.02783203125 0.4153645833333333 0.0126953125 0.018229166666666664
0 0.0947265625 0.41080729166666663 0.009765625 0.014322916666666666
0 0.1044921875 0.40690104166666663 0.009765625 0.01953125
0 0.0830078125 0.37955729166666663 0.009765625 0.016927083333333332
0 0.12646484375 0.4290364583333333 0.0068359375 0.014322916666666666
0 0.14111328125 0.41796875 0.0087890625 0.018229166666666664
0 0.15380859375 0.423828125 0.0068359375 0.01953125
0 0.13232421875 0.4192708333333333 0.0087890625 0.015625
0 0.1650390625 0.38541666666666663 0.0078125 0.018229166666666664
0 0.1962890625 0.4251302083333333 0.009765625 0.01953125
0 0.2158203125 0.45963541666666663 0.009765625 0.020833333333333332
0 0.08740234375 0.3665364583333333 0.0087890625 0.01171875
0 0.2041015625 0.392578125 0.005859375 0.014322916666666666
0 0.21044921875 0.38736979166666663 0.0087890625 0.01953125
0 0.2177734375 0.404296875 0.005859375 0.016927083333333332
0 0.23583984375 0.41471354166666663 0.0107421875 0.016927083333333332
0 0.3876953125 0.44401041666666663 0.0234375 0.033854166666666664
0 0.33984375 0.3938802083333333 0.009765625 0.024739583333333332
0 0.279296875 0.4036458333333333 0.01171875 0.0234375
0 0.50732421875 0.4817708333333333 0.0224609375 0.03125
0 0.38720703125 0.39453125 0.0087890625 0.013020833333333332
0 0.40771484375 0.3919270833333333 0.0048828125 0.015625
0 0.55859375 0.375 0.0234375 0.03645833333333333
0 0.7060546875 0.4153645833333333 0.009765625 0.015625
0 0.63427734375 0.36328125 0.0087890625 0.026041666666666664
0 0.76708984375 0.36979166666666663 0.0068359375 0.013020833333333332
0 0.7880859375 0.3919270833333333 0.0078125 0.013020833333333332
0 0.8173828125 0.40625 0.0078125 0.013020833333333332
0 0.978515625 0.4114583333333333 0.0078125 0.010416666666666666
0 0.98828125 0.40494791666666663 0.0078125 0.015625
0 0.6953125 0.4055989583333333 0.0078125 0.009114583333333332
0 0.06640625 0.4055989583333333 0.0078125 0.014322916666666666
0 0.0419921875 0.4055989583333333 0.005859375 0.01171875
0 0.22607421875 0.4329427083333333 0.0107421875 0.01953125
