0 0.5 0.17619047619047618 0.06640625 0.09387755102040815
0 0.44091796875 0.05170068027210884 0.0341796875 0.03809523809523809
0 0.39599609375 0.05442176870748299 0.0224609375 0.029931972789115645
0 0.236328125 0.053061224489795916 0.0234375 0.04353741496598639
0 0.15966796875 0.08707482993197278 0.0419921875 0.07346938775510203
0 0.666015625 0.13605442176870747 0.021484375 0.03809523809523809
0 0.71533203125 0.13469387755102039 0.0224609375 0.03537414965986394
0 0.7919921875 0.15578231292517006 0.01953125 0.02857142857142857
0 0.83740234375 0.1292517006802721 0.0166015625 0.03537414965986394
0 0.6435546875 0.04081632653061224 0.025390625 0.03265306122448979
0 0.59228515625 0.08299319727891157 0.0205078125 0.024489795918367346
