0 0.07568359375 0.3853932584269663 0.0537109375 0.06966292134831462
0 0.14697265625 0.39382022471910116 0.0537109375 0.07303370786516855
0 0.21875 0.38932584269662923 0.056640625 0.09325842696629215
0 0.30810546875 0.41348314606741576 0.0576171875 0.09213483146067417
0 0.3310546875 0.39550561797752815 0.0234375 0.04943820224719102
0 0.43603515625 0.42584269662921354 0.0263671875 0.04719101123595506
0 0.4892578125 0.44044943820224725 0.03125 0.04719101123595506
0 0.58056640625 0.4213483146067416 0.0537109375 0.08988764044943821
0 0.63623046875 0.4112359550561798 0.0263671875 0.040449438202247195
0 0.59228515625 0.3764044943820225 0.0283203125 0.04494382022471911
0 0.69873046875 0.3966292134831461 0.0380859375 0.06292134831460675
0 0.66552734375 0.40056179775280903 0.0302734375 0.048314606741573035
0 0.7470703125 0.3887640449438203 0.025390625 0.040449438202247195
0 0.7666015625 0.4280898876404495 0.037109375 0.06067415730337079
0 0.7734375 0.4050561797752809 0.02734375 0.03707865168539326
0 0.85888671875 0.401685393258427 0.0439453125 0.06404494382022473
0 0.9189453125 0.4067415730337079 0.0234375 0.038202247191011236
0 0.94482421875 0.3966292134831461 0.0341796875 0.04494382022471911
0 0.9560546875 0.41516853932584274 0.041015625 0.05955056179775282
0 0.12939453125 0.06067415730337079 0.0361328125 0.06292134831460675
0 0.37353515625 0.5089887640449439 0.0048828125 0.008988764044943821
0 0.38720703125 0.48483146067415733 0.0068359375 0.010112359550561799
0 0.78173828125 0.5904494382022473 0.0087890625 0.014606741573033709
0 0.8203125 0.5735955056179776 0.01171875 0.021348314606741574
