0 0.06640625 0.25851393188854493 0.021484375 0.04953560371517028
0 0.087890625 0.36609907120743035 0.025390625 0.041795665634674926
0 0.08935546875 0.19891640866873067 0.0224609375 0.032507739938080496
0 0.15087890625 0.19195046439628485 0.0205078125 0.043343653250773995
0 0.21044921875 0.1563467492260062 0.0224609375 0.03715170278637771
0 0.28076171875 0.141640866873065 0.0185546875 0.032507739938080496
0 0.2939453125 0.13080495356037153 0.015625 0.032507739938080496
0 0.3095703125 0.11919504643962849 0.01171875 0.02476780185758514
0 0.25146484375 0.27631578947368424 0.0224609375 0.041795665634674926
0 0.23095703125 0.325077399380805 0.0302734375 0.052631578947368425
0 0.3046875 0.293343653250774 0.0234375 0.04489164086687307
0 0.30908203125 0.2515479876160991 0.0146484375 0.03560371517027864
0 0.35302734375 0.10371517027863777 0.0126953125 0.030959752321981428
0 0.36474609375 0.10061919504643964 0.0107421875 0.02476780185758514
0 0.3779296875 0.1130030959752322 0.013671875 0.03715170278637771
0 0.4443359375 0.0890092879256966 0.013671875 0.026315789473684213
0 0.40625 0.0936532507739938 0.009765625 0.020123839009287926
0 0.48681640625 0.09597523219814243 0.0146484375 0.030959752321981428
0 0.52099609375 0.0781733746130031 0.0205078125 0.04798761609907121
0 0.546875 0.08591331269349846 0.013671875 0.03869969040247678
0 0.55517578125 0.11996904024767803 0.0185546875 0.029411764705882356
0 0.400390625 0.2530959752321982 0.01953125 0.04798761609907121
0 0.3671875 0.2647058823529412 0.025390625 0.04024767801857585
0 0.46533203125 0.2755417956656347 0.0224609375 0.052631578947368425
0 0.61181640625 0.07585139318885449 0.0126953125 0.02476780185758514
0 0.6552734375 0.07585139318885449 0.015625 0.061919504643962855
0 0.6845703125 0.05882352941176471 0.017578125 0.04024767801857585
0 0.73583984375 0.06114551083591332 0.0146484375 0.03560371517027864
0 0.822265625 0.06037151702786378 0.021484375 0.043343653250773995
0 0.87890625 0.10371517027863777 0.01171875 0.03405572755417957
0 0.9296875 0.08436532507739938 0.0390625 0.07275541795665635
0 0.296875 0.39473684210526316 0.033203125 0.05882352941176471
0 0.36669921875 0.3746130030959752 0.0322265625 0.06811145510835914
0 0.4208984375 0.33126934984520123 0.025390625 0.052631578947368425
0 0.1865234375 0.4125386996904025 0.025390625 0.07585139318885449
0 0.04150390625 0.17105263157894737 0.0146484375 0.032507739938080496
0 0.00732421875 0.21207430340557276 0.0146484375 0.043343653250773995
0 0.0166015625 0.3691950464396285 0.02734375 0.05108359133126935
0 0.25244140625 0.15944272445820434 0.0107421875 0.02476780185758514
