0 0.83154296875 0.42114384748700173 0.0556640625 0.12478336221837087
0 0.64501953125 0.49306759098786823 0.0595703125 0.1334488734835355
0 0.95458984375 0.5485268630849219 0.0498046875 0.11265164644714037
0 0.98291015625 0.4046793760831889 0.0341796875 0.13691507798960137
0 0.45166015625 0.6594454072790294 0.0537109375 0.11958405545927209
0 0.1552734375 0.5519930675909879 0.037109375 0.09185441941074522
0 0.1572265625 0.4792027729636048 0.044921875 0.10571923743500866
0 0.017578125 0.5701906412478336 0.03515625 0.09358752166377816
0 0.27001953125 0.9246100519930676 0.0400390625 0.11265164644714037
0 0.88720703125 0.7105719237435009 0.0419921875 0.14211438474870017
0 0.76416015625 0.5857885615251299 0.0498046875 0.13518197573656845
