0 0.98046875 0.5995449374288965 0.013671875 0.022753128555176336
0 0.96435546875 0.6228668941979522 0.0146484375 0.02389078498293515
0 0.94580078125 0.646188850967008 0.0185546875 0.029579067121729235
0 0.91943359375 0.5290102389078498 0.0166015625 0.022753128555176336
0 0.900390625 0.5426621160409556 0.017578125 0.01820250284414107
0 0.8046875 0.4687144482366325 0.015625 0.015927189988623434
0 0.84716796875 0.571103526734926 0.0146484375 0.022753128555176336
0 0.83447265625 0.5858930602957907 0.0185546875 0.02502844141069397
0 0.83154296875 0.6126279863481229 0.0185546875 0.02389078498293515
0 0.79541015625 0.6279863481228669 0.0185546875 0.02502844141069397
0 0.68505859375 0.45733788395904434 0.0126953125 0.01820250284414107
0 0.560546875 0.4488054607508532 0.015625 0.017064846416382253
0 0.55322265625 0.6848691695108077 0.0205078125 0.02502844141069397
0 0.38525390625 0.6410693970420932 0.0224609375 0.030716723549488054
0 0.46142578125 0.44141069397042093 0.0126953125 0.01820250284414107
0 0.3662109375 0.4402730375426621 0.013671875 0.020477815699658702
0 0.291015625 0.4340159271899886 0.01171875 0.017064846416382253
0 0.2412109375 0.6217292377701934 0.021484375 0.026166097838452786
0 0.109375 0.6103526734926052 0.021484375 0.021615472127417518
0 0.20654296875 0.4391353811149033 0.0146484375 0.015927189988623434
0 0.19140625 0.4260523321956769 0.013671875 0.014789533560864617
0 0.185546875 0.45847554038680316 0.013671875 0.01820250284414107
0 0.15185546875 0.46530147895335605 0.0126953125 0.01820250284414107
0 0.13671875 0.44425483503981794 0.015625 0.014789533560864617
0 0.09912109375 0.447098976109215 0.0146484375 0.01820250284414107
0 0.11865234375 0.41751990898748575 0.0146484375 0.01820250284414107
0 0.1181640625 0.47724687144482364 0.013671875 0.021615472127417518
0 0.078125 0.487485779294653 0.017578125 0.019340159271899884
0 0.05126953125 0.4948805460750853 0.0166015625 0.020477815699658702
0 0.0615234375 0.45620022753128553 0.015625 0.022753128555176336
0 0.04931640625 0.4118316268486917 0.0146484375 0.015927189988623434
0 0.08349609375 0.38452787258248006 0.0126953125 0.015927189988623434
0 0.02587890625 0.4658703071672355 0.0126953125 0.019340159271899884
0 0.71630859375 0.6700796359499431 0.0244140625 0.03868031854379977
0 0.0185546875 0.5022753128555176 0.015625 0.021615472127417518
0 0.0107421875 0.43629124004550623 0.013671875 0.019340159271899884
