0 0.69384765625 0.2015915119363395 0.0244140625 0.04774535809018567
0 0.630859375 0.21618037135278514 0.015625 0.023872679045092837
0 0.58349609375 0.18435013262599467 0.0263671875 0.04774535809018567
0 0.609375 0.30769230769230765 0.017578125 0.03713527851458886
0 0.52099609375 0.24204244031830238 0.0126953125 0.022546419098143235
0 0.98974609375 0.21949602122015913 0.0107421875 0.017241379310344827
0 0.8173828125 0.2612732095490716 0.009765625 0.01856763925729443
0 0.84912109375 0.2586206896551724 0.0048828125 0.015915119363395226
0 0.45703125 0.379973474801061 0.029296875 0.05702917771883289
0 0.30029296875 0.41909814323607425 0.0244140625 0.04774535809018567
0 0.3974609375 0.22347480106100795 0.017578125 0.02519893899204244
0 0.04296875 0.246684350132626 0.009765625 0.01856763925729443
0 0.14501953125 0.2453580901856764 0.0048828125 0.007957559681697613
0 0.25830078125 0.23143236074270557 0.0068359375 0.014588859416445622
0 0.25341796875 0.23806366047745356 0.0068359375 0.011936339522546418
0 0.1787109375 0.23143236074270557 0.00390625 0.011936339522546418
