0 0.31689453125 0.4444444444444445 0.0439453125 0.06818181818181819
0 0.4326171875 0.461489898989899 0.04296875 0.06944444444444445
0 0.39599609375 0.4450757575757576 0.0322265625 0.06186868686868687
0 0.3359375 0.39583333333333337 0.021484375 0.034090909090909095
0 0.546875 0.44002525252525254 0.041015625 0.05934343434343435
0 0.17138671875 0.3964646464646465 0.0263671875 0.06565656565656566
0 0.5556640625 0.34785353535353536 0.041015625 0.07954545454545456
0 0.58935546875 0.37941919191919193 0.0185546875 0.034090909090909095
0 0.6298828125 0.4090909090909091 0.021484375 0.04040404040404041
0 0.6943359375 0.36868686868686873 0.017578125 0.02777777777777778
0 0.78466796875 0.398989898989899 0.0263671875 0.06818181818181819
0 0.7705078125 0.3453282828282829 0.013671875 0.02398989898989899
0 0.3837890625 0.36111111111111116 0.0234375 0.04040404040404041
