0 0.0712890625 0.18649045521292215 0.025390625 0.11160058737151247
0 0.12353515625 0.19236417033773862 0.0380859375 0.05580029368575624
0 0.193359375 0.2187958883994126 0.03125 0.049926578560939794
0 0.24462890625 0.2092511013215859 0.0283203125 0.04845814977973568
0 0.275390625 0.23861967694566813 0.01953125 0.03671071953010279
0 0.25146484375 0.24963289280469897 0.0146484375 0.032305433186490456
0 0.31787109375 0.25256975036710716 0.0205078125 0.0381791483113069
0 0.3359375 0.23494860499265785 0.013671875 0.032305433186490456
0 0.361328125 0.22026431718061673 0.015625 0.035242290748898675
0 0.41552734375 0.1872246696035242 0.0185546875 0.033773861967694566
0 0.42822265625 0.20337738619676946 0.0126953125 0.02202643171806167
0 0.4677734375 0.2187958883994126 0.0234375 0.0381791483113069
0 0.48828125 0.19970631424375918 0.01953125 0.032305433186490456
0 0.52197265625 0.2305433186490455 0.0224609375 0.041116005873715125
0 0.54931640625 0.2041116005873715 0.0166015625 0.032305433186490456
0 0.57080078125 0.20190895741556533 0.0166015625 0.033773861967694566
0 0.5927734375 0.2055800293685756 0.01171875 0.023494860499265784
0 0.60595703125 0.18869309838472834 0.0224609375 0.033773861967694566
0 0.65234375 0.26138032305433184 0.017578125 0.032305433186490456
0 0.9580078125 0.28928046989720996 0.068359375 0.10866372980910426
0 0.8837890625 0.22834067547723935 0.06640625 0.08370044052863436
0 0.82373046875 0.2026431718061674 0.0439453125 0.06167400881057268
0 0.7744140625 0.18575624082232012 0.02734375 0.057268722466960346
0 0.7529296875 0.17547723935389134 0.021484375 0.04552129221732746
0 0.724609375 0.23348017621145373 0.017578125 0.041116005873715125
0 0.73486328125 0.2599118942731277 0.0126953125 0.026431718061674006
0 0.6748046875 0.21071953010279001 0.021484375 0.03083700440528634
