0 0.232421875 0.0684143222506394 0.03125 0.05242966751918159
0 0.22900390625 0.19181585677749363 0.0224609375 0.04603580562659847
0 0.36083984375 0.079923273657289 0.0322265625 0.054987212276214836
0 0.46630859375 0.09462915601023018 0.0341796875 0.05370843989769821
0 0.53125 0.12340153452685423 0.025390625 0.03964194373401535
0 0.56103515625 0.12084398976982098 0.0283203125 0.04987212276214834
0 0.61474609375 0.10869565217391305 0.0263671875 0.03836317135549872
0 0.53173828125 0.21675191815856779 0.0322265625 0.0370843989769821
0 0.41357421875 0.21163682864450128 0.0302734375 0.05754475703324809
0 0.38232421875 0.23401534526854223 0.0400390625 0.0690537084398977
0 0.2099609375 0.29283887468030695 0.03515625 0.05626598465473146
0 0.2451171875 0.28964194373401536 0.01953125 0.04475703324808185
0 0.39990234375 0.3267263427109975 0.0361328125 0.054987212276214836
0 0.3984375 0.4328644501278773 0.041015625 0.06010230179028134
0 0.63720703125 0.44437340153452687 0.0478515625 0.054987212276214836
0 0.68359375 0.38427109974424556 0.037109375 0.04475703324808185
0 0.61181640625 0.2915601023017903 0.0380859375 0.04603580562659847
0 0.66015625 0.1796675191815857 0.033203125 0.05754475703324809
0 0.6591796875 0.1278772378516624 0.02734375 0.04603580562659847
0 0.7109375 0.10869565217391305 0.0234375 0.04603580562659847
0 0.76416015625 0.11764705882352942 0.0283203125 0.04603580562659847
0 0.7978515625 0.12531969309462918 0.021484375 0.04092071611253197
0 0.83642578125 0.2960358056265985 0.0361328125 0.06010230179028134
