0 0.98681640625 0.3518248175182482 0.0244140625 0.06715328467153284
0 0.875 0.21970802919708027 0.048828125 0.09197080291970802
0 0.95751953125 0.4452554744525547 0.0263671875 0.05255474452554744
0 0.66943359375 0.2357664233576642 0.0419921875 0.07737226277372262
0 0.474609375 0.19999999999999998 0.04296875 0.072992700729927
0 0.52001953125 0.3248175182481752 0.0634765625 0.1094890510948905
0 0.373046875 0.17664233576642335 0.05078125 0.08467153284671532
0 0.408203125 0.30510948905109486 0.0546875 0.10510948905109488
0 0.4853515625 0.44233576642335765 0.05078125 0.08175182481751825
0 0.3076171875 0.40729927007299266 0.048828125 0.09051094890510948
0 0.35546875 0.21240875912408758 0.029296875 0.06277372262773723
