0 0.08984375 0.22819010416666666 0.05078125 0.051432291666666664
0 0.203125 0.20084635416666666 0.0546875 0.05013020833333333
0 0.326171875 0.20735677083333331 0.052734375 0.059244791666666664
0 0.42138671875 0.21451822916666666 0.0478515625 0.05013020833333333
0 0.50634765625 0.2470703125 0.0595703125 0.06184895833333333
0 0.83837890625 0.22298177083333331 0.0595703125 0.052734375
0 0.751953125 0.25 0.0546875 0.049479166666666664
0 0.671875 0.2109375 0.052734375 0.049479166666666664
0 0.57763671875 0.2216796875 0.0517578125 0.048828125
0 0.09716796875 0.3291015625 0.0537109375 0.051432291666666664
0 0.20458984375 0.408203125 0.0576171875 0.05598958333333333
0 0.927734375 0.39615885416666663 0.056640625 0.044921875
