0 0.98779296875 0.21483375959079284 0.0244140625 0.04603580562659847
0 0.966796875 0.05754475703324809 0.044921875 0.06649616368286446
0 0.90234375 0.07161125319693096 0.041015625 0.061381074168797956
0 0.9140625 0.19373401534526855 0.05859375 0.10358056265984655
0 0.962890625 0.18158567774936063 0.02734375 0.04859335038363172
0 0.81884765625 0.0684143222506394 0.0302734375 0.05754475703324809
0 0.84326171875 0.16815856777493607 0.0537109375 0.10358056265984655
0 0.76904296875 0.09271099744245526 0.0361328125 0.06521739130434784
0 0.7978515625 0.20524296675191817 0.044921875 0.06265984654731459
0 0.66748046875 0.0895140664961637 0.0615234375 0.10997442455242967
0 0.57373046875 0.01790281329923274 0.0341796875 0.03580562659846548
0 0.5908203125 0.08056265984654733 0.0390625 0.05882352941176471
0 0.458984375 0.10421994884910486 0.052734375 0.08567774936061381
0 0.52099609375 0.11572890025575448 0.0458984375 0.08823529411764706
0 0.4892578125 0.01854219948849105 0.03515625 0.0370843989769821
0 0.435546875 0.017263427109974427 0.03125 0.03452685421994885
0 0.45947265625 0.23593350383631714 0.0576171875 0.07544757033248083
0 0.3759765625 0.0159846547314578 0.03515625 0.0319693094629156
0 0.27978515625 0.031329923273657294 0.0439453125 0.06265984654731459
0 0.31396484375 0.05754475703324809 0.0439453125 0.05370843989769821
0 0.31396484375 0.14130434782608697 0.0439453125 0.08312020460358056
0 0.267578125 0.16112531969309465 0.052734375 0.09207161125319693
0 0.18701171875 0.17263427109974425 0.0419921875 0.0639386189258312
0 0.205078125 0.019820971867007674 0.0390625 0.03964194373401535
0 0.140625 0.03452685421994885 0.03125 0.05626598465473146
0 0.115234375 0.06585677749360615 0.0390625 0.054987212276214836
0 0.13525390625 0.14450127877237853 0.0439453125 0.0895140664961637
0 0.044921875 0.1368286445012788 0.0546875 0.0843989769820972
0 0.65283203125 0.44820971867007675 0.0400390625 0.06777493606138107
0 0.369140625 0.4450127877237852 0.0078125 0.015345268542199489
