0 0.48046875 0.248046875 0.01953125 0.029947916666666664
0 0.58447265625 0.30338541666666663 0.0244140625 0.0390625
0 0.3798828125 0.3203125 0.025390625 0.0390625
0 0.70361328125 0.4602864583333333 0.0263671875 0.04817708333333333
0 0.88134765625 0.39518229166666663 0.0244140625 0.037760416666666664
0 0.85009765625 0.3763020833333333 0.0244140625 0.041666666666666664
0 0.99267578125 0.43424479166666663 0.0146484375 0.045572916666666664
0 0.2392578125 0.39908854166666663 0.021484375 0.045572916666666664
0 0.3330078125 0.4309895833333333 0.029296875 0.05208333333333333
0 0.2998046875 0.375 0.0234375 0.04427083333333333
0 0.31640625 0.13606770833333331 0.009765625 0.016927083333333332
