0 0.08544921875 0.16167664670658682 0.0283203125 0.08083832335329341
0 0.11083984375 0.17140718562874252 0.0283203125 0.055389221556886234
0 0.15478515625 0.15119760479041916 0.0380859375 0.07784431137724551
0 0.3759765625 0.20434131736526948 0.03125 0.055389221556886234
0 0.4609375 0.16991017964071858 0.033203125 0.055389221556886234
0 0.5029296875 0.19161676646706588 0.0390625 0.0688622754491018
0 0.556640625 0.2155688622754491 0.029296875 0.04790419161676647
0 0.62451171875 0.18038922155688625 0.0322265625 0.06437125748502995
0 0.671875 0.28967065868263475 0.033203125 0.040419161676646706
0 0.71630859375 0.13248502994011976 0.0263671875 0.055389221556886234
0 0.7373046875 0.1534431137724551 0.03125 0.06437125748502995
0 0.76806640625 0.15568862275449102 0.0361328125 0.062874251497006
0 0.80322265625 0.15194610778443116 0.0283203125 0.058383233532934134
0 0.8173828125 0.17889221556886228 0.025390625 0.058383233532934134
0 0.87060546875 0.1998502994011976 0.0361328125 0.06137724550898204
0 0.95947265625 0.17290419161676648 0.0263671875 0.058383233532934134
0 0.982421875 0.16541916167664672 0.03125 0.055389221556886234
0 0.9267578125 0.2320359281437126 0.029296875 0.059880239520958084
0 0.98681640625 0.2574850299401198 0.0224609375 0.056886227544910184
0 0.8583984375 0.34805389221556887 0.03125 0.05239520958083833
0 0.38916015625 0.19161676646706588 0.0263671875 0.05389221556886228
