0 0.22021484375 0.52734375 0.0224609375 0.03645833333333333
0 0.294921875 0.4973958333333333 0.01953125 0.03645833333333333
0 0.26171875 0.48828125 0.017578125 0.028645833333333332
0 0.1376953125 0.525390625 0.017578125 0.037760416666666664
0 0.1650390625 0.48893229166666663 0.013671875 0.024739583333333332
0 0.12109375 0.5045572916666666 0.01953125 0.03515625
0 0.19091796875 0.49283854166666663 0.0185546875 0.04036458333333333
0 0.22998046875 0.5006510416666666 0.0146484375 0.022135416666666664
0 0.24560546875 0.48828125 0.0126953125 0.020833333333333332
0 0.2822265625 0.5026041666666666 0.015625 0.03125
0 0.3076171875 0.4798177083333333 0.013671875 0.024739583333333332
0 0.322265625 0.4700520833333333 0.013671875 0.0234375
0 0.345703125 0.4798177083333333 0.013671875 0.024739583333333332
0 0.36279296875 0.4759114583333333 0.0107421875 0.022135416666666664
0 0.216796875 0.47265625 0.017578125 0.028645833333333332
0 0.20068359375 0.462890625 0.0126953125 0.01953125
0 0.22509765625 0.47526041666666663 0.0087890625 0.015625
0 0.2275390625 0.4563802083333333 0.0078125 0.016927083333333332
0 0.22412109375 0.4524739583333333 0.0126953125 0.016927083333333332
0 0.17529296875 0.486328125 0.0087890625 0.022135416666666664
0 0.15673828125 0.4837239583333333 0.0107421875 0.022135416666666664
0 0.14111328125 0.4798177083333333 0.0146484375 0.024739583333333332
0 0.111328125 0.48046875 0.01953125 0.033854166666666664
0 0.08056640625 0.49609375 0.0126953125 0.0234375
0 0.09326171875 0.48046875 0.0068359375 0.013020833333333332
0 0.0751953125 0.47135416666666663 0.0078125 0.018229166666666664
0 0.08740234375 0.4524739583333333 0.0107421875 0.022135416666666664
0 0.078125 0.43359375 0.0078125 0.013020833333333332
0 0.11669921875 0.4641927083333333 0.0166015625 0.029947916666666664
0 0.1416015625 0.46354166666666663 0.01171875 0.010416666666666666
0 0.13330078125 0.45768229166666663 0.0068359375 0.009114583333333332
0 0.12890625 0.4778645833333333 0.0078125 0.015625
0 0.16162109375 0.4563802083333333 0.0126953125 0.01171875
0 0.173828125 0.451171875 0.01171875 0.014322916666666666
0 0.185546875 0.453125 0.0078125 0.013020833333333332
0 0.19873046875 0.44010416666666663 0.0068359375 0.0078125
0 0.1416015625 0.43619791666666663 0.005859375 0.010416666666666666
0 0.2158203125 0.4388020833333333 0.0078125 0.013020833333333332
0 0.2255859375 0.4407552083333333 0.009765625 0.009114583333333332
0 0.224609375 0.43229166666666663 0.009765625 0.010416666666666666
0 0.23095703125 0.42447916666666663 0.0068359375 0.013020833333333332
0 0.251953125 0.4375 0.009765625 0.018229166666666664
0 0.2392578125 0.4407552083333333 0.005859375 0.006510416666666666
0 0.24609375 0.4583333333333333 0.005859375 0.0078125
0 0.18701171875 0.42252604166666663 0.0087890625 0.009114583333333332
0 0.162109375 0.43033854166666663 0.009765625 0.01171875
0 0.154296875 0.43359375 0.005859375 0.010416666666666666
0 0.146484375 0.447265625 0.005859375 0.009114583333333332
0 0.1181640625 0.43424479166666663 0.01171875 0.01171875
0 0.07568359375 0.45703125 0.0048828125 0.010416666666666666
0 0.10595703125 0.4290364583333333 0.0107421875 0.014322916666666666
0 0.1279296875 0.421875 0.0078125 0.013020833333333332
0 0.13427734375 0.42252604166666663 0.0087890625 0.014322916666666666
0 0.2080078125 0.5 0.015625 0.020833333333333332
0 0.20654296875 0.484375 0.0107421875 0.013020833333333332
0 0.1005859375 0.443359375 0.005859375 0.009114583333333332
0 0.1318359375 0.40885416666666663 0.0078125 0.010416666666666666
0 0.14599609375 0.40494791666666663 0.0048828125 0.0078125
0 0.15673828125 0.416015625 0.0068359375 0.009114583333333332
0 0.1650390625 0.423828125 0.009765625 0.009114583333333332
0 0.18115234375 0.41666666666666663 0.0087890625 0.013020833333333332
0 0.1923828125 0.404296875 0.005859375 0.01171875
0 0.20751953125 0.4095052083333333 0.0068359375 0.009114583333333332
0 0.21630859375 0.41471354166666663 0.0068359375 0.009114583333333332
0 0.21142578125 0.42447916666666663 0.0048828125 0.0078125
0 0.2314453125 0.41471354166666663 0.0078125 0.009114583333333332
0 0.23681640625 0.41080729166666663 0.0048828125 0.006510416666666666
0 0.2509765625 0.4140625 0.0078125 0.013020833333333332
0 0.19970703125 0.43033854166666663 0.0087890625 0.009114583333333332
0 0.1767578125 0.4348958333333333 0.005859375 0.0078125
0 0.15380859375 0.3938802083333333 0.0029296875 0.00390625
0 0.15771484375 0.396484375 0.0029296875 0.00390625
0 0.1396484375 0.4055989583333333 0.005859375 0.009114583333333332
0 0.13037109375 0.43815104166666663 0.0048828125 0.006510416666666666
0 0.08935546875 0.4075520833333333 0.0048828125 0.005208333333333333
0 0.1025390625 0.404296875 0.005859375 0.00390625
0 0.09619140625 0.39518229166666663 0.0029296875 0.00390625
0 0.10107421875 0.38932291666666663 0.0068359375 0.0078125
0 0.09033203125 0.3938802083333333 0.0048828125 0.006510416666666666
0 0.07470703125 0.41080729166666663 0.0048828125 0.006510416666666666
0 0.11474609375 0.39127604166666663 0.0068359375 0.009114583333333332
0 0.1259765625 0.38932291666666663 0.00390625 0.005208333333333333
0 0.1689453125 0.4134114583333333 0.00390625 0.006510416666666666
0 0.158203125 0.408203125 0.00390625 0.006510416666666666
0 0.1630859375 0.408203125 0.00390625 0.006510416666666666
0 0.17626953125 0.3828125 0.0029296875 0.005208333333333333
0 0.0869140625 0.37565104166666663 0.00390625 0.006510416666666666
0 0.08056640625 0.375 0.0029296875 0.005208333333333333
0 0.107421875 0.39322916666666663 0.00390625 0.005208333333333333
0 0.10986328125 0.40690104166666663 0.0029296875 0.00390625
0 0.10498046875 0.38346354166666663 0.0029296875 0.00390625
0 0.08251953125 0.4036458333333333 0.0029296875 0.005208333333333333
0 0.0751953125 0.3880208333333333 0.001953125 0.0026041666666666665
0 0.14208984375 0.3841145833333333 0.0029296875 0.005208333333333333
0 0.15185546875 0.37955729166666663 0.0029296875 0.00390625
0 0.12841796875 0.37955729166666663 0.0029296875 0.00390625
0 0.13525390625 0.37565104166666663 0.0029296875 0.00390625
0 0.12548828125 0.404296875 0.0029296875 0.00390625
0 0.1337890625 0.39908854166666663 0.00390625 0.00390625
0 0.12109375 0.4016927083333333 0.00390625 0.00390625
0 0.2744140625 0.4544270833333333 0.013671875 0.020833333333333332
0 0.28369140625 0.4453125 0.0048828125 0.0078125
0 0.2958984375 0.4583333333333333 0.013671875 0.020833333333333332
0 0.27880859375 0.47526041666666663 0.0107421875 0.015625
0 0.263671875 0.43359375 0.0078125 0.013020833333333332
0 0.31298828125 0.43619791666666663 0.0126953125 0.018229166666666664
0 0.302734375 0.4309895833333333 0.009765625 0.013020833333333332
0 0.294921875 0.412109375 0.009765625 0.014322916666666666
0 0.28564453125 0.40885416666666663 0.0087890625 0.013020833333333332
0 0.2841796875 0.4212239583333333 0.009765625 0.01171875
0 0.26611328125 0.38932291666666663 0.0087890625 0.013020833333333332
0 0.2783203125 0.3899739583333333 0.0078125 0.009114583333333332
0 0.263671875 0.41015625 0.01171875 0.013020833333333332
0 0.271484375 0.4375 0.0078125 0.010416666666666666
0 0.2744140625 0.4173177083333333 0.005859375 0.009114583333333332
0 0.2568359375 0.4602864583333333 0.01171875 0.009114583333333332
0 0.23193359375 0.4036458333333333 0.0048828125 0.0078125
0 0.25927734375 0.384765625 0.0068359375 0.01171875
0 0.291015625 0.3802083333333333 0.0078125 0.010416666666666666
0 0.31396484375 0.40690104166666663 0.0087890625 0.014322916666666666
0 0.31494140625 0.384765625 0.0068359375 0.01171875
0 0.3388671875 0.3860677083333333 0.0078125 0.014322916666666666
0 0.3271484375 0.384765625 0.005859375 0.006510416666666666
0 0.240234375 0.39713541666666663 0.00390625 0.0078125
0 0.22412109375 0.4036458333333333 0.0048828125 0.0078125
0 0.21728515625 0.3899739583333333 0.0029296875 0.006510416666666666
0 0.20751953125 0.37955729166666663 0.0048828125 0.006510416666666666
0 0.216796875 0.3821614583333333 0.00390625 0.006510416666666666
0 0.22412109375 0.3802083333333333 0.0048828125 0.0078125
0 0.2294921875 0.3821614583333333 0.00390625 0.006510416666666666
0 0.2119140625 0.388671875 0.005859375 0.009114583333333332
0 0.17578125 0.400390625 0.005859375 0.009114583333333332
0 0.171875 0.3860677083333333 0.00390625 0.006510416666666666
0 0.24609375 0.3802083333333333 0.00390625 0.005208333333333333
0 0.30029296875 0.3880208333333333 0.0048828125 0.0078125
0 0.306640625 0.38736979166666663 0.00390625 0.009114583333333332
0 0.30126953125 0.376953125 0.0048828125 0.00390625
0 0.33056640625 0.4134114583333333 0.0068359375 0.009114583333333332
0 0.337890625 0.4212239583333333 0.0078125 0.009114583333333332
0 0.333984375 0.45182291666666663 0.01171875 0.015625
0 0.3505859375 0.3782552083333333 0.00390625 0.00390625
0 0.34326171875 0.3860677083333333 0.0048828125 0.009114583333333332
0 0.3681640625 0.3828125 0.009765625 0.018229166666666664
0 0.390625 0.373046875 0.005859375 0.009114583333333332
0 0.3984375 0.373046875 0.005859375 0.009114583333333332
0 0.41357421875 0.3528645833333333 0.0048828125 0.010416666666666666
0 0.419921875 0.373046875 0.009765625 0.016927083333333332
0 0.4453125 0.37369791666666663 0.009765625 0.015625
0 0.38427734375 0.3828125 0.0048828125 0.0078125
0 0.4052734375 0.375 0.00390625 0.005208333333333333
0 0.41064453125 0.3763020833333333 0.0048828125 0.0078125
0 0.435546875 0.373046875 0.00390625 0.006510416666666666
0 0.42724609375 0.37955729166666663 0.0068359375 0.009114583333333332
0 0.45556640625 0.380859375 0.0087890625 0.014322916666666666
0 0.39306640625 0.388671875 0.0087890625 0.016927083333333332
0 0.40478515625 0.38736979166666663 0.0087890625 0.009114583333333332
0 0.46484375 0.388671875 0.005859375 0.01171875
0 0.380859375 0.4231770833333333 0.01171875 0.013020833333333332
0 0.3515625 0.400390625 0.005859375 0.01171875
0 0.443359375 0.3626302083333333 0.005859375 0.006510416666666666
0 0.447265625 0.35026041666666663 0.00390625 0.0078125
0 0.48583984375 0.41276041666666663 0.0087890625 0.015625
0 0.47607421875 0.42057291666666663 0.0087890625 0.013020833333333332
0 0.470703125 0.4427083333333333 0.01171875 0.013020833333333332
0 0.43212890625 0.4544270833333333 0.0166015625 0.0234375
0 0.44384765625 0.443359375 0.0107421875 0.014322916666666666
0 0.419921875 0.4446614583333333 0.009765625 0.016927083333333332
0 0.4111328125 0.4505208333333333 0.013671875 0.015625
0 0.4052734375 0.4290364583333333 0.01171875 0.01171875
0 0.39892578125 0.44205729166666663 0.0107421875 0.022135416666666664
0 0.38671875 0.4427083333333333 0.01171875 0.018229166666666664
0 0.37353515625 0.4524739583333333 0.0126953125 0.016927083333333332
0 0.3681640625 0.43619791666666663 0.01171875 0.013020833333333332
0 0.501953125 0.376953125 0.00390625 0.006510416666666666
0 0.509765625 0.376953125 0.00390625 0.006510416666666666
0 0.49560546875 0.38736979166666663 0.0048828125 0.006510416666666666
0 0.50439453125 0.380859375 0.0029296875 0.006510416666666666
0 0.49609375 0.3665364583333333 0.005859375 0.00390625
0 0.46435546875 0.373046875 0.0048828125 0.009114583333333332
0 0.50927734375 0.41015625 0.0107421875 0.015625
0 0.51806640625 0.3938802083333333 0.0087890625 0.014322916666666666
0 0.53759765625 0.36783854166666663 0.0029296875 0.00390625
0 0.54541015625 0.3958333333333333 0.0068359375 0.018229166666666664
0 0.53564453125 0.37955729166666663 0.0048828125 0.006510416666666666
0 0.52783203125 0.39453125 0.0048828125 0.0078125
0 0.53662109375 0.3938802083333333 0.0048828125 0.006510416666666666
0 0.4970703125 0.4134114583333333 0.005859375 0.009114583333333332
0 0.51953125 0.416015625 0.0078125 0.01171875
0 0.52734375 0.4075520833333333 0.00390625 0.005208333333333333
0 0.53564453125 0.412109375 0.0068359375 0.009114583333333332
0 0.552734375 0.400390625 0.0078125 0.014322916666666666
0 0.54345703125 0.419921875 0.0087890625 0.01171875
0 0.55908203125 0.40885416666666663 0.0087890625 0.013020833333333332
0 0.5673828125 0.3802083333333333 0.00390625 0.005208333333333333
0 0.54931640625 0.3671875 0.0029296875 0.0026041666666666665
0 0.56787109375 0.36979166666666663 0.0029296875 0.005208333333333333
0 0.5751953125 0.3684895833333333 0.00390625 0.005208333333333333
0 0.6025390625 0.3899739583333333 0.005859375 0.006510416666666666
0 0.5830078125 0.38346354166666663 0.00390625 0.006510416666666666
0 0.59033203125 0.37890625 0.0029296875 0.005208333333333333
0 0.59130859375 0.3665364583333333 0.0029296875 0.00390625
0 0.564453125 0.396484375 0.005859375 0.009114583333333332
0 0.609375 0.3821614583333333 0.00390625 0.006510416666666666
0 0.61962890625 0.37760416666666663 0.0048828125 0.0078125
0 0.61669921875 0.3723958333333333 0.0029296875 0.005208333333333333
0 0.61083984375 0.36783854166666663 0.0029296875 0.00390625
0 0.60546875 0.41080729166666663 0.009765625 0.009114583333333332
0 0.591796875 0.4055989583333333 0.0078125 0.01171875
0 0.5869140625 0.3938802083333333 0.005859375 0.009114583333333332
0 0.5966796875 0.3821614583333333 0.00390625 0.006510416666666666
0 0.57177734375 0.380859375 0.0048828125 0.006510416666666666
0 0.60546875 0.435546875 0.009765625 0.01953125
0 0.5908203125 0.4231770833333333 0.009765625 0.015625
0 0.5771484375 0.4075520833333333 0.0078125 0.015625
0 0.57421875 0.3899739583333333 0.005859375 0.006510416666666666
0 0.5693359375 0.42447916666666663 0.009765625 0.0078125
0 0.56982421875 0.39518229166666663 0.0048828125 0.009114583333333332
0 0.56005859375 0.37760416666666663 0.0029296875 0.005208333333333333
0 0.5556640625 0.44010416666666663 0.013671875 0.018229166666666664
0 0.5712890625 0.416015625 0.01171875 0.01171875
0 0.6201171875 0.38932291666666663 0.005859375 0.0078125
0 0.61474609375 0.4075520833333333 0.0068359375 0.013020833333333332
0 0.61572265625 0.39322916666666663 0.0048828125 0.005208333333333333
0 0.60986328125 0.3782552083333333 0.0048828125 0.006510416666666666
0 0.52392578125 0.4348958333333333 0.0087890625 0.015625
0 0.52880859375 0.4192708333333333 0.0107421875 0.015625
0 0.53564453125 0.40234375 0.0048828125 0.005208333333333333
0 0.546875 0.3828125 0.001953125 0.0026041666666666665
0 0.63818359375 0.3671875 0.0048828125 0.0078125
0 0.65673828125 0.369140625 0.0029296875 0.00390625
0 0.66357421875 0.3684895833333333 0.0029296875 0.005208333333333333
0 0.64697265625 0.3828125 0.0048828125 0.005208333333333333
0 0.650390625 0.39127604166666663 0.005859375 0.009114583333333332
0 0.6669921875 0.38671875 0.005859375 0.0078125
0 0.68359375 0.3723958333333333 0.00390625 0.005208333333333333
0 0.63330078125 0.369140625 0.0029296875 0.00390625
0 0.693359375 0.373046875 0.001953125 0.00390625
0 0.6982421875 0.3743489583333333 0.00390625 0.006510416666666666
0 0.705078125 0.373046875 0.00390625 0.006510416666666666
0 0.7138671875 0.37174479166666663 0.00390625 0.006510416666666666
0 0.7197265625 0.3684895833333333 0.00390625 0.0078125
0 0.68798828125 0.3645833333333333 0.0029296875 0.005208333333333333
0 0.67041015625 0.37174479166666663 0.0029296875 0.00390625
0 0.73681640625 0.375 0.0029296875 0.005208333333333333
0 0.74169921875 0.369140625 0.0029296875 0.006510416666666666
0 0.751953125 0.3704427083333333 0.00390625 0.006510416666666666
0 0.759765625 0.3645833333333333 0.00390625 0.005208333333333333
0 0.7392578125 0.3841145833333333 0.00390625 0.005208333333333333
0 0.73095703125 0.3860677083333333 0.0048828125 0.006510416666666666
0 0.70556640625 0.38671875 0.0048828125 0.005208333333333333
0 0.708984375 0.39322916666666663 0.005859375 0.0078125
0 0.69091796875 0.388671875 0.0048828125 0.006510416666666666
0 0.6943359375 0.39518229166666663 0.005859375 0.009114583333333332
0 0.68408203125 0.390625 0.0048828125 0.010416666666666666
0 0.67626953125 0.4055989583333333 0.0048828125 0.006510416666666666
0 0.67578125 0.38932291666666663 0.005859375 0.0078125
0 0.71435546875 0.40494791666666663 0.0087890625 0.013020833333333332
0 0.71875 0.404296875 0.005859375 0.01171875
0 0.71630859375 0.396484375 0.0048828125 0.006510416666666666
0 0.72802734375 0.4036458333333333 0.0087890625 0.010416666666666666
0 0.7373046875 0.39713541666666663 0.005859375 0.010416666666666666
0 0.740234375 0.39127604166666663 0.005859375 0.009114583333333332
0 0.74853515625 0.3938802083333333 0.0068359375 0.009114583333333332
0 0.75439453125 0.40494791666666663 0.0048828125 0.0078125
0 0.75830078125 0.4016927083333333 0.0048828125 0.01171875
0 0.76123046875 0.3763020833333333 0.0048828125 0.005208333333333333
0 0.77001953125 0.38151041666666663 0.0068359375 0.010416666666666666
0 0.78076171875 0.37890625 0.0048828125 0.0078125
0 0.77587890625 0.39908854166666663 0.0068359375 0.006510416666666666
0 0.77197265625 0.373046875 0.0029296875 0.00390625
0 0.78564453125 0.39127604166666663 0.0048828125 0.006510416666666666
0 0.7861328125 0.408203125 0.009765625 0.014322916666666666
0 0.76708984375 0.4270833333333333 0.0087890625 0.015625
0 0.744140625 0.4251302083333333 0.013671875 0.016927083333333332
0 0.75244140625 0.42057291666666663 0.0087890625 0.020833333333333332
0 0.72265625 0.43229166666666663 0.015625 0.018229166666666664
0 0.70556640625 0.4192708333333333 0.0048828125 0.0078125
0 0.712890625 0.4309895833333333 0.005859375 0.015625
0 0.66552734375 0.4134114583333333 0.0107421875 0.016927083333333332
0 0.65673828125 0.412109375 0.0087890625 0.014322916666666666
0 0.66259765625 0.39713541666666663 0.0068359375 0.0078125
0 0.65966796875 0.38932291666666663 0.0048828125 0.005208333333333333
0 0.6396484375 0.408203125 0.0078125 0.009114583333333332
0 0.64453125 0.41666666666666663 0.009765625 0.010416666666666666
0 0.623046875 0.4524739583333333 0.015625 0.022135416666666664
0 0.63818359375 0.3958333333333333 0.0087890625 0.010416666666666666
0 0.66259765625 0.37955729166666663 0.0029296875 0.00390625
0 0.74560546875 0.45572916666666663 0.0146484375 0.026041666666666664
0 0.7333984375 0.47265625 0.015625 0.028645833333333332
0 0.70068359375 0.44791666666666663 0.0107421875 0.020833333333333332
0 0.69677734375 0.42643229166666663 0.0107421875 0.016927083333333332
0 0.68017578125 0.4192708333333333 0.0068359375 0.0078125
0 0.6787109375 0.4290364583333333 0.005859375 0.006510416666666666
0 0.68701171875 0.45182291666666663 0.0166015625 0.028645833333333332
0 0.67431640625 0.4505208333333333 0.0087890625 0.015625
0 0.66845703125 0.4375 0.0087890625 0.015625
0 0.658203125 0.4251302083333333 0.0078125 0.009114583333333332
0 0.6572265625 0.44401041666666663 0.009765625 0.018229166666666664
0 0.6435546875 0.4375 0.0078125 0.015625
0 0.63525390625 0.44986979166666663 0.0126953125 0.02734375
0 0.62646484375 0.40104166666666663 0.0029296875 0.005208333333333333
0 0.62890625 0.427734375 0.015625 0.014322916666666666
0 0.720703125 0.3763020833333333 0.00390625 0.005208333333333333
0 0.67333984375 0.3704427083333333 0.0029296875 0.00390625
0 0.708984375 0.36588541666666663 0.00390625 0.005208333333333333
0 0.71728515625 0.390625 0.0048828125 0.005208333333333333
0 0.755859375 0.37890625 0.00390625 0.005208333333333333
0 0.76953125 0.39322916666666663 0.005859375 0.010416666666666666
0 0.7705078125 0.46940104166666663 0.017578125 0.03255208333333333
0 0.7802734375 0.42643229166666663 0.01171875 0.022135416666666664
0 0.7958984375 0.4427083333333333 0.013671875 0.0234375
0 0.787109375 0.4407552083333333 0.009765625 0.016927083333333332
0 0.826171875 0.455078125 0.01171875 0.014322916666666666
0 0.82177734375 0.4348958333333333 0.0126953125 0.015625
0 0.8154296875 0.416015625 0.013671875 0.016927083333333332
0 0.8408203125 0.4251302083333333 0.01171875 0.01953125
0 0.85107421875 0.4140625 0.0068359375 0.013020833333333332
0 0.85888671875 0.41861979166666663 0.0068359375 0.01171875
0 0.86767578125 0.4251302083333333 0.0107421875 0.016927083333333332
0 0.88330078125 0.435546875 0.0166015625 0.024739583333333332
0 0.87353515625 0.40494791666666663 0.0107421875 0.015625
0 0.82861328125 0.408203125 0.0068359375 0.01171875
0 0.80078125 0.41015625 0.009765625 0.013020833333333332
0 0.80859375 0.39518229166666663 0.005859375 0.009114583333333332
0 0.82080078125 0.39127604166666663 0.0029296875 0.009114583333333332
0 0.7919921875 0.375 0.00390625 0.0078125
0 0.79638671875 0.3665364583333333 0.0029296875 0.00390625
0 0.8017578125 0.36783854166666663 0.001953125 0.00390625
0 0.79296875 0.388671875 0.00390625 0.00390625
0 0.80078125 0.39518229166666663 0.0078125 0.009114583333333332
0 0.81689453125 0.3704427083333333 0.0048828125 0.006510416666666666
0 0.822265625 0.36783854166666663 0.00390625 0.006510416666666666
0 0.8193359375 0.38541666666666663 0.00390625 0.005208333333333333
0 0.82470703125 0.37890625 0.0048828125 0.0078125
0 0.8349609375 0.3704427083333333 0.00390625 0.006510416666666666
0 0.84521484375 0.3645833333333333 0.0029296875 0.0078125
0 0.85791015625 0.38671875 0.0029296875 0.005208333333333333
0 0.86669921875 0.38151041666666663 0.0029296875 0.005208333333333333
0 0.87841796875 0.3828125 0.0048828125 0.005208333333333333
0 0.86572265625 0.3938802083333333 0.0087890625 0.014322916666666666
0 0.8388671875 0.39453125 0.005859375 0.010416666666666666
0 0.896484375 0.39518229166666663 0.0078125 0.014322916666666666
0 0.90234375 0.4075520833333333 0.009765625 0.010416666666666666
0 0.91357421875 0.40494791666666663 0.0068359375 0.015625
0 0.900390625 0.396484375 0.005859375 0.009114583333333332
0 0.9267578125 0.4270833333333333 0.01171875 0.018229166666666664
0 0.904296875 0.4231770833333333 0.0078125 0.010416666666666666
0 0.91015625 0.4368489583333333 0.009765625 0.014322916666666666
0 0.89111328125 0.41666666666666663 0.0107421875 0.013020833333333332
0 0.89697265625 0.44205729166666663 0.0126953125 0.02734375
0 0.91259765625 0.4602864583333333 0.0166015625 0.01953125
0 0.87841796875 0.365234375 0.0029296875 0.00390625
0 0.88623046875 0.375 0.0029296875 0.0026041666666666665
0 0.87646484375 0.3919270833333333 0.0029296875 0.005208333333333333
0 0.84423828125 0.3958333333333333 0.0029296875 0.0026041666666666665
0 0.8466796875 0.40234375 0.005859375 0.0078125
0 0.91455078125 0.357421875 0.0029296875 0.00390625
0 0.939453125 0.39713541666666663 0.0078125 0.015625
0 0.9365234375 0.384765625 0.005859375 0.009114583333333332
0 0.93505859375 0.369140625 0.0029296875 0.00390625
0 0.9482421875 0.3984375 0.005859375 0.010416666666666666
0 0.93505859375 0.47526041666666663 0.0185546875 0.03125
0 0.861328125 0.37369791666666663 0.001953125 0.0026041666666666665
0 0.96435546875 0.36197916666666663 0.0029296875 0.005208333333333333
0 0.96826171875 0.3938802083333333 0.0048828125 0.009114583333333332
0 0.95654296875 0.3704427083333333 0.0029296875 0.00390625
0 0.95458984375 0.36002604166666663 0.0048828125 0.006510416666666666
0 0.970703125 0.37174479166666663 0.00390625 0.006510416666666666
0 0.966796875 0.3763020833333333 0.00390625 0.005208333333333333
0 0.9375 0.4309895833333333 0.0078125 0.010416666666666666
0 0.92626953125 0.38671875 0.0029296875 0.0078125
0 0.91064453125 0.3782552083333333 0.0068359375 0.009114583333333332
0 0.96533203125 0.40690104166666663 0.0029296875 0.00390625
0 0.9404296875 0.41276041666666663 0.0078125 0.013020833333333332
0 0.96435546875 0.46744791666666663 0.0224609375 0.0390625
0 0.95361328125 0.427734375 0.0146484375 0.022135416666666664
0 0.95654296875 0.4524739583333333 0.0166015625 0.02734375
0 0.97412109375 0.4251302083333333 0.0068359375 0.016927083333333332
0 0.97412109375 0.4075520833333333 0.0048828125 0.013020833333333332
0 0.9150390625 0.4876302083333333 0.01953125 0.03515625
0 0.8427734375 0.470703125 0.01953125 0.03515625
0 0.828125 0.4856770833333333 0.0234375 0.0390625
0 0.79296875 0.4075520833333333 0.00390625 0.0078125
0 0.662109375 0.48502604166666663 0.01953125 0.037760416666666664
0 0.666015625 0.4505208333333333 0.005859375 0.0078125
0 0.578125 0.4798177083333333 0.01953125 0.04036458333333333
0 0.59326171875 0.470703125 0.0107421875 0.01953125
0 0.60009765625 0.46158854166666663 0.0107421875 0.016927083333333332
0 0.57373046875 0.44921875 0.0146484375 0.015625
0 0.54150390625 0.4368489583333333 0.0107421875 0.014322916666666666
0 0.5419921875 0.4524739583333333 0.01171875 0.014322916666666666
0 0.556640625 0.470703125 0.013671875 0.024739583333333332
0 0.53369140625 0.4759114583333333 0.0146484375 0.01953125
0 0.52978515625 0.443359375 0.0068359375 0.016927083333333332
0 0.51953125 0.4622395833333333 0.015625 0.026041666666666664
0 0.4951171875 0.46484375 0.013671875 0.0234375
0 0.50634765625 0.453125 0.0087890625 0.018229166666666664
0 0.5029296875 0.5032552083333333 0.0234375 0.037760416666666664
0 0.5048828125 0.47265625 0.009765625 0.013020833333333332
0 0.474609375 0.48502604166666663 0.015625 0.022135416666666664
0 0.46435546875 0.462890625 0.0126953125 0.016927083333333332
0 0.4833984375 0.44921875 0.009765625 0.013020833333333332
0 0.4892578125 0.4329427083333333 0.009765625 0.01171875
0 0.50341796875 0.43229166666666663 0.0107421875 0.015625
0 0.5126953125 0.4290364583333333 0.0078125 0.01171875
0 0.49755859375 0.40625 0.0068359375 0.0078125
0 0.443359375 0.462890625 0.01171875 0.014322916666666666
0 0.455078125 0.41471354166666663 0.009765625 0.014322916666666666
0 0.46923828125 0.375 0.0048828125 0.005208333333333333
0 0.46923828125 0.3841145833333333 0.0048828125 0.010416666666666666
0 0.48095703125 0.37174479166666663 0.0029296875 0.00390625
0 0.4814453125 0.38541666666666663 0.00390625 0.005208333333333333
0 0.48486328125 0.3880208333333333 0.0029296875 0.005208333333333333
0 0.4814453125 0.39453125 0.0078125 0.010416666666666666
0 0.521484375 0.38346354166666663 0.005859375 0.006510416666666666
0 0.498046875 0.39713541666666663 0.00390625 0.005208333333333333
0 0.462890625 0.396484375 0.00390625 0.009114583333333332
0 0.42578125 0.513671875 0.01953125 0.037760416666666664
0 0.28466796875 0.4388020833333333 0.0048828125 0.0078125
0 0.35400390625 0.44010416666666663 0.0146484375 0.015625
0 0.38916015625 0.478515625 0.0146484375 0.022135416666666664
0 0.43994140625 0.4212239583333333 0.0087890625 0.01171875
0 0.39404296875 0.4309895833333333 0.0087890625 0.010416666666666666
0 0.32421875 0.4296875 0.005859375 0.010416666666666666
0 0.328125 0.427734375 0.005859375 0.009114583333333332
0 0.4140625 0.20377604166666666 0.00390625 0.00390625
0 0.40234375 0.21484375 0.00390625 0.005208333333333333
0 0.48291015625 0.20377604166666666 0.0048828125 0.006510416666666666
0 0.46630859375 0.21223958333333331 0.0029296875 0.005208333333333333
0 0.49169921875 0.20442708333333331 0.0029296875 0.005208333333333333
0 0.49853515625 0.19921875 0.0029296875 0.005208333333333333
0 0.50927734375 0.20442708333333331 0.0029296875 0.005208333333333333
0 0.55810546875 0.19921875 0.0029296875 0.005208333333333333
0 0.56396484375 0.20442708333333331 0.0029296875 0.005208333333333333
0 0.58203125 0.205078125 0.00390625 0.006510416666666666
0 0.6220703125 0.20572916666666666 0.00390625 0.005208333333333333
0 0.75 0.4954427083333333 0.021484375 0.03515625
