0 0.826171875 0.09606741573033709 0.005859375 0.007865168539325843
0 0.9296875 0.12696629213483146 0.01953125 0.03146067415730337
0 0.81787109375 0.24382022471910114 0.0205078125 0.029213483146067417
0 0.79833984375 0.2421348314606742 0.0146484375 0.02359550561797753
0 0.9248046875 0.3112359550561798 0.0078125 0.011235955056179777
0 0.806640625 0.37022471910112364 0.009765625 0.014606741573033709
0 0.88916015625 0.4252808988764045 0.0068359375 0.012359550561797755
0 0.90380859375 0.4269662921348315 0.0068359375 0.008988764044943821
0 0.9169921875 0.45449438202247194 0.0078125 0.012359550561797755
0 0.93603515625 0.46011235955056184 0.0068359375 0.010112359550561799
0 0.94482421875 0.43876404494382026 0.0068359375 0.012359550561797755
0 0.625 0.2859550561797753 0.009765625 0.014606741573033709
0 0.59912109375 0.2949438202247191 0.0087890625 0.014606741573033709
0 0.91943359375 0.5825842696629214 0.0048828125 0.007865168539325843
0 0.89697265625 0.5825842696629214 0.0048828125 0.007865168539325843
0 0.833984375 0.49775280898876406 0.0078125 0.011235955056179777
0 0.7763671875 0.4865168539325843 0.0078125 0.01348314606741573
0 0.37890625 0.31797752808988766 0.017578125 0.02471910112359551
0 0.34765625 0.3213483146067416 0.015625 0.020224719101123598
0 0.2607421875 0.11460674157303372 0.033203125 0.040449438202247195
0 0.0732421875 0.11685393258426967 0.01953125 0.029213483146067417
0 0.171875 0.2960674157303371 0.0078125 0.014606741573033709
0 0.06201171875 0.42359550561797754 0.0107421875 0.017977528089887642
0 0.20166015625 0.4702247191011236 0.0205078125 0.03707865168539326
0 0.14453125 0.4932584269662922 0.017578125 0.02471910112359551
0 0.1865234375 0.6123595505617978 0.021484375 0.03370786516853933
0 0.09033203125 0.6146067415730337 0.0087890625 0.01348314606741573
0 0.33544921875 0.5460674157303371 0.0419921875 0.05617977528089888
0 0.39990234375 0.5235955056179775 0.0458984375 0.06067415730337079
0 0.57958984375 0.5764044943820226 0.0068359375 0.008988764044943821
0 0.57275390625 0.5617977528089888 0.0068359375 0.008988764044943821
0 0.5615234375 0.5820224719101124 0.005859375 0.006741573033707865
0 0.541015625 0.5662921348314607 0.005859375 0.006741573033707865
0 0.54150390625 0.552247191011236 0.0068359375 0.007865168539325843
0 0.5302734375 0.5595505617977529 0.0078125 0.008988764044943821
0 0.65966796875 0.5865168539325843 0.0068359375 0.008988764044943821
0 0.6806640625 0.5898876404494382 0.0078125 0.008988764044943821
0 0.6767578125 0.6033707865168539 0.005859375 0.006741573033707865
0 0.63916015625 0.6101123595505619 0.0048828125 0.006741573033707865
0 0.876953125 0.7112359550561799 0.0078125 0.01348314606741573
0 0.771484375 0.7191011235955057 0.009765625 0.01348314606741573
0 0.8134765625 0.7365168539325844 0.0078125 0.012359550561797755
0 0.90576171875 0.7426966292134832 0.0087890625 0.01348314606741573
0 0.3369140625 0.7859550561797753 0.025390625 0.030337078651685397
0 0.28759765625 0.7617977528089889 0.0263671875 0.035955056179775284
0 0.42724609375 0.7331460674157304 0.0126953125 0.014606741573033709
0 0.45068359375 0.751123595505618 0.0107421875 0.012359550561797755
0 0.6923828125 0.7584269662921349 0.01171875 0.017977528089887642
0 0.67578125 0.7724719101123596 0.009765625 0.014606741573033709
0 0.6474609375 0.751685393258427 0.013671875 0.017977528089887642
0 0.60498046875 0.757865168539326 0.0107421875 0.019101123595505618
0 0.59033203125 0.7634831460674159 0.0126953125 0.016853932584269666
0 0.568359375 0.7764044943820225 0.015625 0.020224719101123598
0 0.5595703125 0.757865168539326 0.013671875 0.019101123595505618
0 0.544921875 0.7792134831460675 0.01171875 0.014606741573033709
0 0.53271484375 0.7573033707865169 0.0146484375 0.020224719101123598
0 0.51220703125 0.7612359550561798 0.0126953125 0.016853932584269666
0 0.65966796875 0.8162921348314608 0.0107421875 0.014606741573033709
0 0.6279296875 0.7926966292134832 0.01171875 0.016853932584269666
0 0.64453125 0.7797752808988765 0.01171875 0.015730337078651686
0 0.8916015625 0.9112359550561798 0.0078125 0.011235955056179777
0 0.77294921875 0.8651685393258428 0.0048828125 0.006741573033707865
