0 0.150390625 0.43096234309623427 0.01953125 0.050209205020920494
0 0.15576171875 0.38702928870292885 0.0205078125 0.03347280334728033
0 0.18798828125 0.4466527196652719 0.0244140625 0.06485355648535564
0 0.2275390625 0.4466527196652719 0.015625 0.048117154811715475
0 0.21826171875 0.4602510460251046 0.0166015625 0.050209205020920494
0 0.2734375 0.42887029288702927 0.01953125 0.05857740585774058
0 0.30908203125 0.45606694560669453 0.0107421875 0.02928870292887029
0 0.3291015625 0.4926778242677824 0.015625 0.03138075313807531
0 0.34130859375 0.450836820083682 0.0185546875 0.05230125523012552
0 0.45263671875 0.46548117154811713 0.0205078125 0.05230125523012552
0 0.47314453125 0.48744769874476984 0.0146484375 0.03347280334728033
0 0.48828125 0.4916317991631799 0.01171875 0.03765690376569037
0 0.501953125 0.4958158995815899 0.017578125 0.05857740585774058
0 0.5244140625 0.4958158995815899 0.017578125 0.04184100418410042
0 0.52685546875 0.5251046025104602 0.0126953125 0.046025104602510455
0 0.57763671875 0.5387029288702928 0.0126953125 0.043933054393305436
0 0.62646484375 0.5073221757322175 0.0087890625 0.018828451882845185
0 0.63916015625 0.49790794979079495 0.0107421875 0.025104602510460247
0 0.63232421875 0.5324267782426778 0.0146484375 0.03556485355648535
0 0.642578125 0.5177824267782426 0.01171875 0.048117154811715475
0 0.62841796875 0.5428870292887029 0.0107421875 0.03138075313807531
0 0.6748046875 0.5805439330543932 0.01171875 0.0397489539748954
0 0.6728515625 0.5387029288702928 0.01171875 0.023012552301255228
0 0.693359375 0.5188284518828451 0.013671875 0.050209205020920494
0 0.73388671875 0.5784518828451882 0.0166015625 0.043933054393305436
0 0.74462890625 0.5355648535564853 0.0107421875 0.03347280334728033
0 0.6796875 0.5543933054393305 0.01171875 0.03347280334728033
0 0.73681640625 0.4707112970711297 0.0068359375 0.02092050209205021
0 0.78125 0.555439330543933 0.01171875 0.023012552301255228
0 0.80029296875 0.561715481171548 0.0107421875 0.02719665271966527
0 0.77001953125 0.5418410041841004 0.0087890625 0.016736401673640166
0 0.7548828125 0.45711297071129703 0.0078125 0.018828451882845185
0 0.75439453125 0.48012552301255224 0.0087890625 0.023012552301255228
0 0.72705078125 0.5376569037656903 0.0087890625 0.02092050209205021
0 0.734375 0.5209205020920502 0.0078125 0.02092050209205021
0 0.88818359375 0.5543933054393305 0.0068359375 0.016736401673640166
0 0.88623046875 0.5094142259414226 0.0087890625 0.018828451882845185
0 0.92138671875 0.5428870292887029 0.0087890625 0.023012552301255228
0 0.89453125 0.46861924686192463 0.0078125 0.025104602510460247
0 0.90673828125 0.47594142259414224 0.0068359375 0.018828451882845185
0 0.97119140625 0.5209205020920502 0.0107421875 0.02092050209205021
0 0.96630859375 0.49895397489539745 0.0087890625 0.018828451882845185
0 0.97802734375 0.4623430962343096 0.0087890625 0.02092050209205021
0 0.99462890625 0.4843096234309623 0.0068359375 0.02719665271966527
0 0.93115234375 0.46548117154811713 0.0087890625 0.018828451882845185
0 0.9501953125 0.4717573221757322 0.0078125 0.018828451882845185
0 0.94140625 0.5198744769874477 0.0078125 0.018828451882845185
0 0.9287109375 0.49058577405857734 0.005859375 0.014644351464435145
0 0.9345703125 0.5836820083682008 0.005859375 0.02092050209205021
0 0.890625 0.5209205020920502 0.0078125 0.025104602510460247
0 0.89794921875 0.49790794979079495 0.0068359375 0.016736401673640166
0 0.89892578125 0.5209205020920502 0.0068359375 0.016736401673640166
0 0.8955078125 0.5418410041841004 0.0078125 0.025104602510460247
0 0.9208984375 0.4916317991631799 0.005859375 0.016736401673640166
0 0.91259765625 0.5031380753138075 0.0068359375 0.010460251046025104
0 0.9072265625 0.5282426778242677 0.005859375 0.014644351464435145
0 0.72314453125 0.4131799163179916 0.0087890625 0.014644351464435145
0 0.74072265625 0.4152719665271966 0.0087890625 0.018828451882845185
0 0.69970703125 0.3838912133891213 0.0068359375 0.014644351464435145
0 0.6796875 0.3838912133891213 0.0078125 0.014644351464435145
0 0.650390625 0.4707112970711297 0.0078125 0.016736401673640166
0 0.671875 0.4278242677824267 0.0078125 0.018828451882845185
0 0.64306640625 0.3838912133891213 0.0068359375 0.014644351464435145
0 0.67236328125 0.4738493723849372 0.0068359375 0.014644351464435145
0 0.638671875 0.4456066945606694 0.0078125 0.016736401673640166
0 0.65771484375 0.4246861924686192 0.0068359375 0.025104602510460247
0 0.63427734375 0.37970711297071125 0.0068359375 0.010460251046025104
0 0.6220703125 0.4602510460251046 0.009765625 0.025104602510460247
0 0.6015625 0.46652719665271963 0.0078125 0.02092050209205021
0 0.626953125 0.3807531380753138 0.005859375 0.012552301255230124
0 0.6015625 0.35564853556485354 0.0078125 0.016736401673640166
0 0.58203125 0.3598326359832636 0.0078125 0.016736401673640166
0 0.5751953125 0.4152719665271966 0.0078125 0.018828451882845185
0 0.55224609375 0.36610878661087864 0.0048828125 0.012552301255230124
0 0.55419921875 0.41004184100418406 0.0107421875 0.016736401673640166
0 0.51611328125 0.3315899581589958 0.0068359375 0.014644351464435145
0 0.5302734375 0.303347280334728 0.005859375 0.012552301255230124
0 0.49462890625 0.3274058577405857 0.0048828125 0.014644351464435145
0 0.5029296875 0.42887029288702927 0.0078125 0.016736401673640166
0 0.46728515625 0.3127615062761506 0.0068359375 0.018828451882845185
0 0.478515625 0.3148535564853556 0.005859375 0.018828451882845185
0 0.44775390625 0.2960251046025104 0.0068359375 0.014644351464435145
0 0.44091796875 0.28765690376569036 0.0048828125 0.014644351464435145
0 0.435546875 0.2855648535564853 0.005859375 0.010460251046025104
0 0.43212890625 0.3211297071129707 0.0048828125 0.014644351464435145
0 0.38818359375 0.2813807531380753 0.0087890625 0.018828451882845185
0 0.40576171875 0.3075313807531381 0.0087890625 0.016736401673640166
0 0.3857421875 0.24686192468619245 0.005859375 0.02092050209205021
0 0.40283203125 0.2646443514644351 0.0068359375 0.018828451882845185
0 0.3486328125 0.2751046025104602 0.0078125 0.018828451882845185
0 0.3662109375 0.31171548117154807 0.0078125 0.02092050209205021
0 0.40283203125 0.37656903765690375 0.0068359375 0.016736401673640166
0 0.34716796875 0.23744769874476984 0.0068359375 0.014644351464435145
0 0.36279296875 0.23326359832635982 0.0068359375 0.010460251046025104
0 0.3388671875 0.23430962343096232 0.0078125 0.02092050209205021
0 0.3203125 0.18933054393305437 0.0078125 0.018828451882845185
0 0.30419921875 0.20083682008368198 0.0068359375 0.016736401673640166
0 0.31298828125 0.19560669456066945 0.0068359375 0.018828451882845185
0 0.29345703125 0.2228033472803347 0.0068359375 0.014644351464435145
0 0.28759765625 0.1809623430962343 0.0068359375 0.010460251046025104
0 0.2744140625 0.16631799163179914 0.009765625 0.018828451882845185
0 0.2626953125 0.2207112970711297 0.0078125 0.018828451882845185
0 0.25634765625 0.17259414225941422 0.0068359375 0.014644351464435145
0 0.236328125 0.18305439330543932 0.0078125 0.018828451882845185
0 0.248046875 0.20711297071129706 0.005859375 0.016736401673640166
0 0.2236328125 0.15690376569037656 0.0078125 0.016736401673640166
0 0.20458984375 0.1589958158995816 0.0068359375 0.02092050209205021
0 0.19287109375 0.1527196652719665 0.0068359375 0.012552301255230124
0 0.17333984375 0.151673640167364 0.0068359375 0.010460251046025104
0 0.16943359375 0.19456066945606693 0.0068359375 0.016736401673640166
0 0.17578125 0.17468619246861924 0.0078125 0.014644351464435145
0 0.18310546875 0.1715481171548117 0.0068359375 0.012552301255230124
0 0.17822265625 0.19665271966527195 0.0068359375 0.02092050209205021
0 0.13818359375 0.14330543933054393 0.0048828125 0.018828451882845185
0 0.14990234375 0.16736401673640167 0.0068359375 0.012552301255230124
0 0.26318359375 0.24476987447698742 0.0087890625 0.016736401673640166
0 0.83349609375 0.350418410041841 0.0283203125 0.0899581589958159
