0 0.28955078125 0.5153793574846207 0.0615234375 0.06425153793574846
0 0.10693359375 0.45420369104579633 0.0693359375 0.06220095693779905
0 0.2197265625 0.406015037593985 0.072265625 0.05878332194121668
0 0.2587890625 0.31578947368421056 0.06640625 0.054682159945317846
0 0.3330078125 0.24914559125085442 0.064453125 0.06220095693779905
0 0.4287109375 0.24572795625427207 0.072265625 0.06220095693779905
0 0.5087890625 0.23615857826384143 0.064453125 0.06630211893369789
0 0.6083984375 0.25153793574846206 0.064453125 0.05878332194121668
0 0.7001953125 0.27853725222146275 0.05859375 0.06220095693779905
0 0.76025390625 0.37730690362269315 0.0615234375 0.06425153793574846
