0 0.09375 0.25112866817155755 0.052734375 0.07336343115124153
0 0.21875 0.30699774266365687 0.046875 0.06772009029345372
0 0.2646484375 0.26241534988713316 0.01171875 0.021444695259593676
0 0.26953125 0.29740406320541757 0.013671875 0.0237020316027088
0 0.39453125 0.2787810383747178 0.048828125 0.07449209932279909
0 0.4267578125 0.23250564334085777 0.025390625 0.040632054176072234
0 0.52392578125 0.23589164785553046 0.0400390625 0.05869074492099322
0 0.474609375 0.2505643340857788 0.015625 0.020316027088036117
0 0.3349609375 0.25451467268623024 0.0078125 0.012415349887133182
0 0.6533203125 0.213882618510158 0.05859375 0.06433408577878104
0 0.86181640625 0.24887133182844243 0.0537109375 0.08465011286681715
0 0.97314453125 0.28047404063205417 0.0244140625 0.05304740406320541
0 0.11962890625 0.28103837471783294 0.0166015625 0.03160270880361173
0 0.18115234375 0.26580135440180586 0.0068359375 0.012415349887133182
