0 0.02490234375 0.19304556354916066 0.0185546875 0.05995203836930455
0 0.04248046875 0.2697841726618705 0.0205078125 0.050359712230215826
0 0.05859375 0.1199040767386091 0.0234375 0.04796163069544364
0 0.1015625 0.07074340527577937 0.01953125 0.03597122302158273
0 0.146484375 0.08153477218225419 0.013671875 0.03836930455635491
0 0.13134765625 0.21942446043165467 0.0166015625 0.04556354916067146
0 0.13525390625 0.3345323741007194 0.0224609375 0.06474820143884892
0 0.1533203125 0.447242206235012 0.02734375 0.07913669064748201
0 0.20458984375 0.04556354916067146 0.0166015625 0.03836930455635491
0 0.2373046875 0.08752997601918465 0.017578125 0.04556354916067146
0 0.17431640625 0.2853717026378897 0.0205078125 0.06235011990407673
0 0.1865234375 0.41966426858513184 0.025390625 0.07194244604316546
0 0.2021484375 0.5035971223021583 0.0234375 0.0671462829736211
0 0.181640625 0.6510791366906474 0.03515625 0.08393285371702637
0 0.2509765625 0.4100719424460431 0.029296875 0.09112709832134291
0 0.294921875 0.41247002398081534 0.021484375 0.06235011990407673
0 0.32373046875 0.42206235011990406 0.0263671875 0.08633093525179855
0 0.31982421875 0.5455635491606714 0.0263671875 0.06474820143884892
0 0.35205078125 0.4592326139088729 0.0283203125 0.07913669064748201
0 0.38037109375 0.3657074340527578 0.0224609375 0.06954436450839328
0 0.431640625 0.5323741007194244 0.025390625 0.07673860911270983
0 0.4189453125 0.30335731414868106 0.021484375 0.05995203836930455
0 0.36279296875 0.29856115107913667 0.0146484375 0.04556354916067146
0 0.44384765625 0.3513189448441247 0.0166015625 0.03597122302158273
0 0.10498046875 0.290167865707434 0.0224609375 0.06235011990407673
0 0.01416015625 0.6031175059952038 0.0283203125 0.10311750599520383
0 0.0751953125 0.6498800959232613 0.03125 0.09112709832134291
0 0.0419921875 0.5683453237410071 0.015625 0.07194244604316546
0 0.0087890625 0.4856115107913669 0.015625 0.050359712230215826
0 0.076171875 0.49280575539568344 0.021484375 0.07913669064748201
0 0.10986328125 0.6103117505995204 0.0263671875 0.07434052757793765
0 0.37548828125 0.5659472422062349 0.0380859375 0.08153477218225419
0 0.36181640625 0.17865707434052758 0.0224609375 0.06474820143884892
0 0.447265625 0.06354916067146282 0.01171875 0.050359712230215826
0 0.37255859375 0.11031175059952038 0.0185546875 0.07194244604316546
0 0.4072265625 0.10431654676258992 0.013671875 0.031175059952038366
0 0.51416015625 0.13908872901678657 0.0166015625 0.05275779376498801
0 0.49658203125 0.15347721822541965 0.0126953125 0.043165467625899276
0 0.54736328125 0.11870503597122302 0.0126953125 0.03597122302158273
0 0.53564453125 0.16306954436450838 0.0107421875 0.03836930455635491
0 0.63916015625 0.26019184652278177 0.0244140625 0.07434052757793765
0 0.7265625 0.21822541966426856 0.02734375 0.0671462829736211
0 0.6181640625 0.15587529976019185 0.015625 0.043165467625899276
0 0.6875 0.10071942446043165 0.01953125 0.05275779376498801
0 0.7197265625 0.05755395683453237 0.01171875 0.03357314148681055
0 0.4775390625 0.27697841726618705 0.021484375 0.050359712230215826
0 0.5166015625 0.23501199040767384 0.0234375 0.06235011990407673
0 0.56982421875 0.26139088729016785 0.0166015625 0.05275779376498801
0 0.61865234375 0.3021582733812949 0.0166015625 0.04796163069544364
0 0.4990234375 0.7925659472422062 0.025390625 0.06474820143884892
0 0.60986328125 0.4376498800959232 0.0458984375 0.14148681055155873
0 0.67236328125 0.41846522781774576 0.0302734375 0.09832134292565947
0 0.771484375 0.4976019184652278 0.03515625 0.12709832134292565
0 0.7734375 0.3465227817745803 0.029296875 0.09832134292565947
0 0.82275390625 0.2949640287769784 0.0224609375 0.07673860911270983
0 0.87890625 0.4280575539568345 0.017578125 0.08393285371702637
0 0.6591796875 0.10311750599520383 0.015625 0.03836930455635491
0 0.6376953125 0.1858513189448441 0.017578125 0.040767386091127095
0 0.59716796875 0.1474820143884892 0.0107421875 0.03597122302158273
0 0.7666015625 0.2158273381294964 0.025390625 0.07194244604316546
0 0.884765625 0.21103117505995203 0.025390625 0.05755395683453237
0 0.8251953125 0.23021582733812948 0.01953125 0.028776978417266185
0 0.90771484375 0.2529976019184652 0.0263671875 0.08872901678657073
0 0.8759765625 0.1474820143884892 0.021484375 0.06474820143884892
0 0.77001953125 0.09592326139088728 0.0146484375 0.04796163069544364
0 0.8017578125 0.10551558752997602 0.017578125 0.05275779376498801
0 0.87060546875 0.07793764988009592 0.0224609375 0.050359712230215826
0 0.91259765625 0.38609112709832133 0.0322265625 0.10071942446043165
0 0.9755859375 0.27697841726618705 0.02734375 0.07434052757793765
0 0.9384765625 0.24580335731414865 0.0234375 0.07434052757793765
0 0.92333984375 0.17745803357314147 0.0166015625 0.04796163069544364
0 0.97705078125 0.10191846522781774 0.0263671875 0.06954436450839328
0 0.92724609375 0.06115107913669064 0.0166015625 0.050359712230215826
0 0.81396484375 0.07194244604316546 0.0146484375 0.043165467625899276
0 0.837890625 0.029976019184652276 0.013671875 0.026378896882494004
0 0.89208984375 0.019184652278177457 0.0146484375 0.03836930455635491
0 0.78662109375 0.05635491606714628 0.0107421875 0.03597122302158273
0 0.8095703125 0.02278177458033573 0.013671875 0.031175059952038366
0 0.57421875 0.22062350119904076 0.021484375 0.05275779376498801
0 0.548828125 0.2146282973621103 0.021484375 0.05995203836930455
0 0.578125 0.15227817745803357 0.017578125 0.040767386091127095
0 0.56103515625 0.1474820143884892 0.0185546875 0.04556354916067146
0 0.72216796875 0.37889688249400477 0.0283203125 0.09592326139088728
