0 0.07470703125 0.1938325991189427 0.0361328125 0.0763582966226138
0 0.0791015625 0.29588839941262846 0.04296875 0.12187958883994125
0 0.11572265625 0.2606461086637298 0.0380859375 0.08663729809104258
0 0.17919921875 0.17988252569750365 0.0224609375 0.08076358296622613
0 0.19140625 0.32819383259911894 0.064453125 0.11894273127753303
0 0.2216796875 0.23494860499265785 0.017578125 0.035242290748898675
0 0.28662109375 0.18795888399412627 0.0146484375 0.02936857562408223
0 0.32080078125 0.24816446402349485 0.0615234375 0.11747430249632893
0 0.3017578125 0.4008810572687224 0.046875 0.09691629955947136
0 0.40625 0.2731277533039647 0.029296875 0.08810572687224669
0 0.3583984375 0.2173274596182085 0.0234375 0.041116005873715125
0 0.4814453125 0.3355359765051395 0.033203125 0.08370044052863436
0 0.4375 0.474302496328928 0.0390625 0.0763582966226138
0 0.57373046875 0.4419970631424376 0.0458984375 0.07929515418502202
0 0.5615234375 0.2004405286343612 0.017578125 0.0513950073421439
0 0.6259765625 0.20704845814977973 0.01953125 0.04405286343612334
0 0.61376953125 0.33113069016152713 0.0498046875 0.08370044052863436
0 0.677734375 0.30616740088105726 0.03125 0.06901615271659324
0 0.7470703125 0.303230543318649 0.0390625 0.08663729809104258
0 0.802734375 0.21145374449339205 0.01171875 0.049926578560939794
0 0.82275390625 0.21806167400881057 0.0283203125 0.0513950073421439
0 0.837890625 0.32158590308370044 0.03515625 0.07048458149779735
0 0.7783203125 0.4118942731277533 0.041015625 0.07782672540381791
0 0.88134765625 0.27165932452276065 0.0439453125 0.08223201174743025
0 0.93603515625 0.21145374449339205 0.0166015625 0.06167400881057268
0 0.974609375 0.2511013215859031 0.021484375 0.05580029368575624
0 0.9951171875 0.25697503671071953 0.009765625 0.049926578560939794
0 0.80322265625 0.4229074889867841 0.0224609375 0.06167400881057268
