0 0.10546875 0.294921875 0.0703125 0.12109375
0 0.21142578125 0.298828125 0.0576171875 0.08984375
0 0.240234375 0.21419270833333331 0.017578125 0.03255208333333333
0 0.28515625 0.23502604166666666 0.029296875 0.037760416666666664
0 0.337890625 0.2532552083333333 0.05859375 0.08203125
0 0.423828125 0.22200520833333331 0.052734375 0.08203125
0 0.4873046875 0.228515625 0.046875 0.07682291666666666
0 0.52294921875 0.21549479166666666 0.0517578125 0.08463541666666666
0 0.64453125 0.244140625 0.046875 0.07421875
0 0.68896484375 0.19401041666666666 0.0341796875 0.046875
0 0.70751953125 0.25651041666666663 0.0517578125 0.08072916666666666
0 0.78369140625 0.3196614583333333 0.0556640625 0.08463541666666666
0 0.88037109375 0.21028645833333331 0.0537109375 0.08463541666666666
0 0.80517578125 0.22981770833333331 0.0322265625 0.053385416666666664
0 0.9375 0.24869791666666666 0.02734375 0.026041666666666664
