0 0.30126953125 0.24169986719787515 0.0341796875 0.05312084993359893
0 0.427734375 0.31341301460823373 0.021484375 0.03718459495351925
0 0.42041015625 0.35590969455511284 0.0283203125 0.05312084993359893
0 0.42919921875 0.45152722443559096 0.0322265625 0.06374501992031872
0 0.48095703125 0.37715803452855245 0.0166015625 0.029216467463479414
0 0.501953125 0.297476759628154 0.0234375 0.0398406374501992
0 0.57958984375 0.3857901726427623 0.0263671875 0.03851261620185923
0 0.61474609375 0.45152722443559096 0.0322265625 0.06374501992031872
0 0.65966796875 0.29150066401062413 0.0302734375 0.046480743691899064
0 0.7822265625 0.4442231075697211 0.046875 0.08366533864541832
