0 0.21142578125 0.19277597402597405 0.0302734375 0.02840909090909091
0 0.28271484375 0.1939935064935065 0.0302734375 0.03571428571428572
0 0.3134765625 0.169237012987013 0.03125 0.03327922077922078
0 0.34375 0.20860389610389612 0.02734375 0.025974025974025976
0 0.44677734375 0.18506493506493507 0.0341796875 0.034090909090909095
0 0.47900390625 0.18344155844155846 0.0283203125 0.030844155844155847
0 0.52783203125 0.1765422077922078 0.0302734375 0.02840909090909091
0 0.56884765625 0.19886363636363638 0.0302734375 0.03246753246753247
0 0.61083984375 0.19277597402597405 0.0302734375 0.030032467532467536
0 0.40771484375 0.14285714285714288 0.0263671875 0.0275974025974026
0 0.02587890625 0.6371753246753247 0.0361328125 0.04383116883116883
0 0.84423828125 0.632711038961039 0.0322265625 0.03652597402597403
