0 0.09375 0.2745098039215686 0.017578125 0.02875816993464052
0 0.21826171875 0.2529411764705882 0.0126953125 0.02222222222222222
0 0.2880859375 0.2856209150326797 0.009765625 0.03006535947712418
0 0.12939453125 0.43202614379084964 0.0361328125 0.04836601307189542
0 0.1865234375 0.38431372549019605 0.029296875 0.04967320261437908
0 0.23583984375 0.3607843137254902 0.0263671875 0.04444444444444444
0 0.3037109375 0.4013071895424836 0.02734375 0.0392156862745098
0 0.34423828125 0.3248366013071895 0.0244140625 0.04836601307189542
0 0.2802734375 0.5607843137254902 0.029296875 0.047058823529411764
0 0.37744140625 0.5712418300653594 0.0322265625 0.0522875816993464
0 0.41064453125 0.33856209150326794 0.0244140625 0.03660130718954248
0 0.39892578125 0.4183006535947712 0.0244140625 0.03398692810457516
0 0.45947265625 0.5503267973856208 0.0283203125 0.04183006535947712
0 0.443359375 0.3980392156862745 0.021484375 0.03790849673202614
0 0.4697265625 0.3588235294117647 0.0234375 0.03529411764705882
0 0.5751953125 0.3581699346405228 0.0234375 0.0392156862745098
0 0.646484375 0.365359477124183 0.02734375 0.043137254901960784
0 0.7177734375 0.3679738562091503 0.03125 0.0457516339869281
0 0.765625 0.4745098039215686 0.02734375 0.0392156862745098
0 0.525390625 0.31241830065359477 0.025390625 0.04444444444444444
0 0.81884765625 0.37124183006535943 0.0361328125 0.0522875816993464
0 0.9130859375 0.4209150326797385 0.03515625 0.05751633986928104
0 0.63671875 0.22875816993464052 0.005859375 0.00784313725490196
0 0.26513671875 0.19281045751633985 0.0048828125 0.00915032679738562
0 0.650390625 0.22483660130718952 0.005859375 0.00784313725490196
