0 0.00439453125 0.51171875 0.0087890625 0.020833333333333332
0 0.060546875 0.49674479166666663 0.0234375 0.04296875
0 0.16455078125 0.47721354166666663 0.0126953125 0.022135416666666664
0 0.2802734375 0.4641927083333333 0.015625 0.029947916666666664
0 0.32861328125 0.47330729166666663 0.0166015625 0.029947916666666664
0 0.396484375 0.4778645833333333 0.01171875 0.026041666666666664
0 0.41357421875 0.4778645833333333 0.0224609375 0.0390625
0 0.45458984375 0.49869791666666663 0.0146484375 0.010416666666666666
0 0.5693359375 0.46354166666666663 0.033203125 0.057291666666666664
0 0.61474609375 0.45572916666666663 0.0224609375 0.0390625
0 0.68701171875 0.47330729166666663 0.0126953125 0.022135416666666664
0 0.71337890625 0.5260416666666666 0.0185546875 0.015625
0 0.86572265625 0.5188802083333333 0.0126953125 0.01953125
0 0.91259765625 0.4466145833333333 0.0185546875 0.028645833333333332
0 0.77783203125 0.4934895833333333 0.0146484375 0.015625
