0 0.0048828125 0.053952321204516936 0.0078125 0.02760351317440401
0 0.02685546875 0.09222082810539523 0.0146484375 0.02634880803011292
0 0.04052734375 0.06461731493099121 0.0146484375 0.023839397741530738
0 0.06201171875 0.12860727728983687 0.0146484375 0.023839397741530738
0 0.00390625 0.12045169385194479 0.005859375 0.01756587202007528
0 0.017578125 0.15746549560853199 0.015625 0.023839397741530738
0 0.07861328125 0.20075282308657463 0.0166015625 0.02760351317440401
0 0.09716796875 0.16373902132998744 0.0126953125 0.021329987452948555
0 0.08203125 0.10727728983688832 0.015625 0.023839397741530738
0 0.10400390625 0.05834378920953576 0.0146484375 0.023839397741530738
0 0.125 0.12107904642409033 0.015625 0.023839397741530738
0 0.13427734375 0.0890840652446675 0.0146484375 0.02509410288582183
0 0.154296875 0.055834378920953574 0.013671875 0.02634880803011292
0 0.1953125 0.06273525721455457 0.013671875 0.022584692597239647
0 0.1904296875 0.09033877038895859 0.013671875 0.022584692597239647
0 0.138671875 0.15558343789209533 0.015625 0.02509410288582183
0 0.14208984375 0.19510664993726473 0.0166015625 0.021329987452948555
0 0.21044921875 0.1656210790464241 0.0302734375 0.04516938519447929
0 0.2607421875 0.06085319949811794 0.017578125 0.023839397741530738
0 0.28125 0.06398996235884567 0.013671875 0.022584692597239647
0 0.26416015625 0.164366373902133 0.0146484375 0.01756587202007528
0 0.3291015625 0.07214554579673776 0.01171875 0.021329987452948555
0 0.326171875 0.10100376411543287 0.013671875 0.021329987452948555
0 0.3017578125 0.1342534504391468 0.015625 0.020075282308657464
0 0.32275390625 0.19636135508155583 0.0166015625 0.02634880803011292
0 0.34033203125 0.17440401505646172 0.0166015625 0.022584692597239647
0 0.37890625 0.20075282308657463 0.015625 0.02760351317440401
0 0.376953125 0.12860727728983687 0.013671875 0.01631116687578419
0 0.37353515625 0.09222082810539523 0.0126953125 0.01631116687578419
0 0.40087890625 0.07214554579673776 0.0146484375 0.018820577164366373
0 0.39794921875 0.10037641154328732 0.0146484375 0.022584692597239647
0 0.4228515625 0.13613550815558342 0.015625 0.021329987452948555
0 0.435546875 0.1631116687578419 0.015625 0.022584692597239647
0 0.43408203125 0.20639899623588456 0.0166015625 0.023839397741530738
0 0.029296875 0.2728983688833124 0.015625 0.021329987452948555
0 0.09228515625 0.25721455457967374 0.0185546875 0.030112923462986198
0 0.0107421875 0.33814303638644916 0.015625 0.028858218318695103
0 0.02880859375 0.383939774153074 0.0185546875 0.02760351317440401
0 0.06884765625 0.34880803011292344 0.0126953125 0.02509410288582183
0 0.1123046875 0.34065244667503136 0.017578125 0.028858218318695103
0 0.16943359375 0.328732747804266 0.0185546875 0.02509410288582183
0 0.10107421875 0.3851944792973651 0.0185546875 0.022584692597239647
0 0.1015625 0.4196988707653701 0.01953125 0.031367628607277286
0 0.1533203125 0.38833124215809284 0.017578125 0.028858218318695103
0 0.15283203125 0.4347553324968632 0.0166015625 0.028858218318695103
0 0.1298828125 0.4686323713927227 0.01953125 0.03387703889585947
0 0.0712890625 0.4705144291091593 0.01953125 0.02760351317440401
0 0.01123046875 0.4673776662484316 0.0166015625 0.031367628607277286
0 0.19775390625 0.418444165621079 0.0185546875 0.031367628607277286
0 0.1875 0.47678795483061476 0.01953125 0.030112923462986198
0 0.2314453125 0.38582183186951063 0.03515625 0.05144291091593475
0 0.279296875 0.3456712672521957 0.017578125 0.028858218318695103
0 0.27197265625 0.383939774153074 0.0185546875 0.02760351317440401
0 0.296875 0.4303638644918444 0.01953125 0.030112923462986198
0 0.29638671875 0.4698870765370138 0.0185546875 0.03387703889585947
0 0.0439453125 0.5194479297365119 0.017578125 0.037641154328732745
0 0.1015625 0.5125470514429109 0.021484375 0.03387703889585947
0 0.0810546875 0.5796737766624843 0.021484375 0.04015056461731493
0 0.07763671875 0.6656210790464241 0.0283203125 0.05646173149309912
0 0.13232421875 0.6286072772898369 0.0185546875 0.03513174404015056
0 0.1484375 0.5752823086574654 0.01953125 0.02634880803011292
0 0.1748046875 0.5589711417816813 0.01953125 0.023839397741530738
0 0.2099609375 0.7446675031367628 0.015625 0.05144291091593475
0 0.2255859375 0.7189460476787954 0.017578125 0.022584692597239647
0 0.2490234375 0.7314930991217063 0.03515625 0.02760351317440401
0 0.31494140625 0.7490589711417817 0.0322265625 0.05018820577164366
0 0.2900390625 0.5175658720200752 0.017578125 0.03387703889585947
0 0.32373046875 0.5307402760351317 0.0185546875 0.030112923462986198
0 0.353515625 0.47804265997490586 0.015625 0.030112923462986198
0 0.35791015625 0.5282308657465495 0.0166015625 0.02760351317440401
0 0.3427734375 0.5777917189460476 0.015625 0.02634880803011292
0 0.38916015625 0.6198243412797992 0.0205078125 0.030112923462986198
0 0.39697265625 0.5307402760351317 0.0185546875 0.030112923462986198
0 0.4033203125 0.4849435382685069 0.015625 0.02634880803011292
0 0.427734375 0.5790464240903387 0.015625 0.02634880803011292
0 0.39794921875 0.7779171894604767 0.0244140625 0.047678795483061476
0 0.42333984375 0.7314930991217063 0.0322265625 0.04516938519447929
0 0.42236328125 0.7013801756587201 0.0185546875 0.03513174404015056
0 0.47607421875 0.7597239648682559 0.0341796875 0.0589711417816813
0 0.34423828125 0.4234629861982434 0.0185546875 0.028858218318695103
0 0.35546875 0.3964868255959849 0.01953125 0.03262233375156838
0 0.38720703125 0.43412797992471763 0.0185546875 0.02760351317440401
0 0.37939453125 0.3030112923462986 0.0185546875 0.028858218318695103
0 0.41796875 0.31053952321204514 0.015625 0.028858218318695103
0 0.4462890625 0.3569636135508155 0.015625 0.02634880803011292
0 0.44140625 0.4824341279799247 0.015625 0.031367628607277286
0 0.4765625 0.411543287327478 0.029296875 0.05018820577164366
0 0.48828125 0.3676286072772898 0.017578125 0.02760351317440401
0 0.49365234375 0.33563362609786696 0.0185546875 0.028858218318695103
0 0.5927734375 0.37641154328732745 0.017578125 0.030112923462986198
0 0.54052734375 0.14868255959849433 0.0302734375 0.05144291091593475
0 0.60595703125 0.14178168130489335 0.0146484375 0.02509410288582183
0 0.615234375 0.17377666248431617 0.015625 0.02634880803011292
0 0.63525390625 0.1110414052697616 0.0146484375 0.023839397741530738
0 0.6318359375 0.2151819322459222 0.015625 0.023839397741530738
0 0.5283203125 0.624215809284818 0.015625 0.028858218318695103
0 0.6064453125 0.6988707653701379 0.01953125 0.02509410288582183
0 0.6005859375 0.7547051442910916 0.033203125 0.053952321204516936
0 0.68798828125 0.6963613550815558 0.0244140625 0.04516938519447929
0 0.72412109375 0.748431618569636 0.0224609375 0.031367628607277286
0 0.626953125 0.03638644918444165 0.013671875 0.022584692597239647
0 0.6376953125 0.07779171894604767 0.015625 0.02509410288582183
0 0.671875 0.10351317440401504 0.01171875 0.023839397741530738
0 0.6787109375 0.16122961104140526 0.017578125 0.02634880803011292
0 0.68994140625 0.21141781681304891 0.0146484375 0.02634880803011292
0 0.70458984375 0.13048933500627352 0.0166015625 0.022584692597239647
0 0.6806640625 0.06838143036386449 0.013671875 0.02634880803011292
0 0.7265625 0.10351317440401504 0.015625 0.023839397741530738
0 0.74267578125 0.06273525721455457 0.0146484375 0.02509410288582183
0 0.73583984375 0.14240903387703888 0.0146484375 0.023839397741530738
0 0.7421875 0.1769134253450439 0.015625 0.022584692597239647
0 0.77685546875 0.13362609786700125 0.0146484375 0.028858218318695103
0 0.78173828125 0.0959849435382685 0.0146484375 0.02634880803011292
0 0.79248046875 0.06524466750313676 0.0146484375 0.02509410288582183
0 0.8515625 0.06461731493099121 0.013671875 0.023839397741530738
0 0.89208984375 0.09535759096612295 0.0146484375 0.022584692597239647
0 0.90283203125 0.06273525721455457 0.0146484375 0.02509410288582183
0 0.8359375 0.15181932245922208 0.029296875 0.047678795483061476
0 0.8525390625 0.17189460476787954 0.01171875 0.022584692597239647
0 0.9072265625 0.17754077791718945 0.013671875 0.023839397741530738
0 0.873046875 0.22961104140526975 0.015625 0.022584692597239647
0 0.90478515625 0.12797992471769135 0.0146484375 0.02760351317440401
0 0.962890625 0.01756587202007528 0.01171875 0.02509410288582183
0 0.94873046875 0.09786700125470514 0.0146484375 0.02760351317440401
0 0.97265625 0.12923462986198242 0.017578125 0.022584692597239647
0 0.99658203125 0.12233375156838142 0.0068359375 0.018820577164366373
0 0.96240234375 0.19134253450439145 0.0146484375 0.021329987452948555
0 0.9365234375 0.22710163111668757 0.013671875 0.015056461731493099
0 0.99462890625 0.2289836888331242 0.0087890625 0.021329987452948555
0 0.6240234375 0.390840652446675 0.03125 0.05646173149309912
0 0.640625 0.35319949811794227 0.013671875 0.02634880803011292
0 0.69775390625 0.38770388958594726 0.0185546875 0.02760351317440401
0 0.70166015625 0.42409033877038893 0.0185546875 0.02760351317440401
0 0.69482421875 0.47365119196988703 0.0185546875 0.023839397741530738
0 0.7470703125 0.4222082810539523 0.015625 0.023839397741530738
0 0.82666015625 0.3820577164366374 0.0283203125 0.04642409033877039
0 0.75 0.47553324968632366 0.015625 0.02509410288582183
0 0.69287109375 0.5169385194479297 0.0185546875 0.03262233375156838
0 0.68896484375 0.5570890840652446 0.0224609375 0.030112923462986198
0 0.875 0.46675031367628605 0.021484375 0.030112923462986198
0 0.8525390625 0.5163111668757842 0.013671875 0.028858218318695103
0 0.88037109375 0.5614805520702635 0.0166015625 0.028858218318695103
0 0.90283203125 0.4127979924717691 0.0185546875 0.030112923462986198
0 0.91455078125 0.4661229611041405 0.0166015625 0.028858218318695103
0 0.953125 0.4623588456712672 0.017578125 0.02634880803011292
0 0.91357421875 0.513801756587202 0.0185546875 0.031367628607277286
0 0.93212890625 0.5175658720200752 0.0185546875 0.028858218318695103
0 0.92529296875 0.5608531994981178 0.0185546875 0.030112923462986198
0 0.89013671875 0.6079046424090339 0.0205078125 0.03387703889585947
0 0.92431640625 0.6166875784190715 0.0205078125 0.028858218318695103
0 0.9345703125 0.6618569636135507 0.0234375 0.03387703889585947
0 0.95654296875 0.5646173149309912 0.0185546875 0.03262233375156838
0 0.96533203125 0.6116687578419071 0.0205078125 0.031367628607277286
0 0.98974609375 0.6813048933500627 0.0185546875 0.030112923462986198
0 0.740234375 0.5652446675031367 0.01171875 0.02634880803011292
0 0.74658203125 0.6135508155583438 0.0185546875 0.03262233375156838
0 0.79443359375 0.6386449184441656 0.0185546875 0.02760351317440401
0 0.8525390625 0.6210790464240903 0.013671875 0.030112923462986198
0 0.85986328125 0.5984943538268507 0.0146484375 0.02760351317440401
0 0.8759765625 0.6882057716436637 0.01953125 0.031367628607277286
0 0.87548828125 0.7314930991217063 0.0361328125 0.04265997490589711
0 0.77587890625 0.7496863237139272 0.0263671875 0.043914680050188205
0 0.7783203125 0.7220828105395232 0.029296875 0.03387703889585947
0 0.26123046875 0.2095357590966123 0.0185546875 0.022584692597239647
0 0.38134765625 0.16248431618569634 0.0166015625 0.021329987452948555
0 0.203125 0.6298619824341279 0.0234375 0.03513174404015056
0 0.16943359375 0.7321204516938519 0.0341796875 0.043914680050188205
0 0.02685546875 0.20326223337515684 0.0146484375 0.02509410288582183
0 0.81982421875 0.09347553324968631 0.0146484375 0.018820577164366373
0 0.6015625 0.6060225846925972 0.017578125 0.03262233375156838
