0 0.1123046875 0.12859424920127796 0.044921875 0.097444089456869
0 0.1962890625 0.1621405750798722 0.041015625 0.0463258785942492
0 0.20361328125 0.25159744408945683 0.0517578125 0.11022364217252395
0 0.12158203125 0.4512779552715655 0.0556640625 0.10702875399361023
0 0.255859375 0.46166134185303515 0.052734375 0.10223642172523961
0 0.29052734375 0.20207667731629392 0.0361328125 0.0718849840255591
0 0.9091796875 0.2340255591054313 0.041015625 0.0878594249201278
0 0.89794921875 0.43929712460063897 0.0537109375 0.10223642172523961
0 0.33349609375 0.27955271565495204 0.0498046875 0.09904153354632587
0 0.39892578125 0.16293929712460065 0.0341796875 0.0670926517571885
0 0.45849609375 0.32827476038338654 0.0439453125 0.09424920127795527
0 0.39892578125 0.4680511182108626 0.0556640625 0.10862619808306709
0 0.72900390625 0.09904153354632587 0.0341796875 0.07667731629392971
0 0.71630859375 0.25878594249201275 0.0419921875 0.08306709265175719
0 0.80029296875 0.23801916932907347 0.0419921875 0.07987220447284345
0 0.80712890625 0.4792332268370607 0.0498046875 0.10223642172523961
0 0.50439453125 0.1182108626198083 0.0361328125 0.07667731629392971
0 0.6103515625 0.14696485623003194 0.03515625 0.07667731629392971
0 0.625 0.2875399361022364 0.046875 0.10543130990415335
0 0.6748046875 0.45527156549520764 0.046875 0.10223642172523961
0 0.53955078125 0.4472843450479233 0.0498046875 0.10543130990415335
0 0.5126953125 0.24201277955271563 0.044921875 0.097444089456869
