0 0.66162109375 0.8111979166666666 0.0224609375 0.06510416666666666
0 0.09521484375 0.87890625 0.0771484375 0.16145833333333331
0 0.14208984375 0.7513020833333333 0.0458984375 0.09635416666666666
0 0.19970703125 0.7122395833333333 0.0166015625 0.03645833333333333
0 0.35205078125 0.8899739583333333 0.0302734375 0.05859375
0 0.24658203125 0.5911458333333333 0.0068359375 0.015625
0 0.27001953125 0.5859375 0.0068359375 0.013020833333333332
0 0.54248046875 0.7467447916666666 0.0087890625 0.02734375
0 0.71875 0.7942708333333333 0.009765625 0.03125
0 0.708984375 0.7545572916666666 0.009765625 0.022135416666666664
0 0.7998046875 0.7747395833333333 0.00390625 0.010416666666666666
0 0.068359375 0.47135416666666663 0.015625 0.03645833333333333
