0 0.9931640625 0.33268229166666663 0.013671875 0.03255208333333333
0 0.95458984375 0.3203125 0.0224609375 0.041666666666666664
0 0.9013671875 0.36588541666666663 0.01171875 0.018229166666666664
0 0.9228515625 0.4505208333333333 0.029296875 0.05208333333333333
0 0.97509765625 0.44986979166666663 0.0205078125 0.03515625
0 0.84423828125 0.40625 0.0126953125 0.026041666666666664
0 0.814453125 0.35221354166666663 0.015625 0.01953125
0 0.86376953125 0.49674479166666663 0.0341796875 0.04817708333333333
0 0.75244140625 0.5013020833333333 0.0419921875 0.06770833333333333
0 0.74658203125 0.4348958333333333 0.0224609375 0.03125
0 0.8447265625 0.359375 0.015625 0.020833333333333332
0 0.74951171875 0.36197916666666663 0.0224609375 0.020833333333333332
0 0.77197265625 0.341796875 0.0068359375 0.014322916666666666
0 0.76806640625 0.328125 0.0068359375 0.013020833333333332
0 0.8310546875 0.482421875 0.029296875 0.04036458333333333
0 0.72509765625 0.36783854166666663 0.0146484375 0.01953125
0 0.70166015625 0.3515625 0.0166015625 0.020833333333333332
0 0.68408203125 0.39127604166666663 0.0166015625 0.024739583333333332
0 0.71875 0.4602864583333333 0.033203125 0.04036458333333333
0 0.671875 0.33072916666666663 0.01171875 0.018229166666666664
0 0.6748046875 0.3509114583333333 0.01171875 0.024739583333333332
0 0.6826171875 0.5032552083333333 0.0390625 0.06640625
0 0.6396484375 0.408203125 0.01953125 0.03255208333333333
0 0.60400390625 0.412109375 0.0263671875 0.04036458333333333
0 0.5341796875 0.439453125 0.037109375 0.05859375
0 0.49609375 0.5338541666666666 0.041015625 0.0625
0 0.49365234375 0.38736979166666663 0.0244140625 0.04036458333333333
0 0.5947265625 0.341796875 0.017578125 0.02734375
0 0.5625 0.38736979166666663 0.021484375 0.037760416666666664
0 0.53564453125 0.33984375 0.0126953125 0.020833333333333332
0 0.4892578125 0.3430989583333333 0.015625 0.022135416666666664
0 0.48046875 0.35416666666666663 0.015625 0.026041666666666664
0 0.60986328125 0.34244791666666663 0.0126953125 0.015625
0 0.619140625 0.375 0.01171875 0.020833333333333332
0 0.46875 0.357421875 0.01953125 0.03255208333333333
0 0.41455078125 0.384765625 0.0283203125 0.04036458333333333
0 0.4501953125 0.40885416666666663 0.025390625 0.0390625
0 0.35791015625 0.41796875 0.0283203125 0.041666666666666664
0 0.3017578125 0.4153645833333333 0.03125 0.046875
0 0.33154296875 0.3802083333333333 0.0244140625 0.0390625
0 0.36376953125 0.3723958333333333 0.0185546875 0.03645833333333333
0 0.376953125 0.36197916666666663 0.01953125 0.03125
0 0.30859375 0.337890625 0.021484375 0.03255208333333333
0 0.29052734375 0.345703125 0.0224609375 0.03255208333333333
0 0.3935546875 0.28385416666666663 0.009765625 0.015625
0 0.3037109375 0.28776041666666663 0.009765625 0.013020833333333332
0 0.34326171875 0.330078125 0.0146484375 0.01953125
0 0.2861328125 0.28776041666666663 0.01171875 0.015625
0 0.43994140625 0.640625 0.0595703125 0.0859375
0 0.54296875 0.5188802083333333 0.04296875 0.05078125
0 0.36767578125 0.5052083333333333 0.0361328125 0.0546875
0 0.41162109375 0.541015625 0.0478515625 0.06901041666666666
0 0.51416015625 0.7428385416666666 0.0732421875 0.11067708333333333
0 0.958984375 0.916015625 0.08203125 0.16796875
0 0.87353515625 0.6608072916666666 0.0517578125 0.07682291666666666
0 0.646484375 0.7239583333333333 0.015625 0.0625
0 0.21337890625 0.7571614583333333 0.0947265625 0.12630208333333331
0 0.21630859375 0.54296875 0.0224609375 0.05989583333333333
0 0.25634765625 0.44596354166666663 0.0361328125 0.05598958333333333
0 0.05078125 0.521484375 0.052734375 0.061197916666666664
0 0.09912109375 0.49088541666666663 0.0244140625 0.057291666666666664
0 0.0888671875 0.41796875 0.033203125 0.057291666666666664
0 0.18115234375 0.427734375 0.0341796875 0.05598958333333333
0 0.25244140625 0.3684895833333333 0.0205078125 0.033854166666666664
0 0.27734375 0.3782552083333333 0.025390625 0.037760416666666664
0 0.23095703125 0.35546875 0.0224609375 0.028645833333333332
0 0.11083984375 0.3606770833333333 0.0283203125 0.0390625
0 0.171875 0.32682291666666663 0.021484375 0.03125
0 0.07861328125 0.3098958333333333 0.0146484375 0.020833333333333332
0 0.05810546875 0.31705729166666663 0.0166015625 0.022135416666666664
0 0.1357421875 0.310546875 0.01171875 0.016927083333333332
0 0.02783203125 0.33854166666666663 0.0224609375 0.03125
0 0.28076171875 0.31640625 0.0146484375 0.020833333333333332
0 0.2275390625 0.298828125 0.009765625 0.014322916666666666
0 0.24267578125 0.3001302083333333 0.0107421875 0.016927083333333332
0 0.71142578125 0.29947916666666663 0.0107421875 0.015625
0 0.6826171875 0.28776041666666663 0.009765625 0.015625
0 0.7080078125 0.3294270833333333 0.01171875 0.018229166666666664
0 0.630859375 0.27734375 0.005859375 0.015625
0 0.658203125 0.3040364583333333 0.009765625 0.01953125
0 0.5927734375 0.27604166666666663 0.0078125 0.013020833333333332
0 0.57861328125 0.328125 0.0087890625 0.015625
0 0.62060546875 0.2786458333333333 0.0087890625 0.013020833333333332
0 0.44775390625 0.3118489583333333 0.0107421875 0.014322916666666666
0 0.5634765625 0.330078125 0.009765625 0.014322916666666666
0 0.43359375 0.2649739583333333 0.0078125 0.01171875
0 0.4921875 0.30729166666666663 0.0078125 0.013020833333333332
0 0.373046875 0.306640625 0.01171875 0.016927083333333332
0 0.36962890625 0.33463541666666663 0.0126953125 0.018229166666666664
0 0.50341796875 0.33984375 0.0126953125 0.020833333333333332
0 0.42041015625 0.28385416666666663 0.0068359375 0.013020833333333332
0 0.35302734375 0.294921875 0.0087890625 0.014322916666666666
0 0.40625 0.30078125 0.009765625 0.015625
0 0.0986328125 0.30338541666666663 0.009765625 0.015625
0 0.15576171875 0.3860677083333333 0.0302734375 0.04296875
0 0.18017578125 0.28515625 0.0107421875 0.015625
0 0.2177734375 0.30533854166666663 0.013671875 0.01953125
0 0.42578125 0.32877604166666663 0.01171875 0.022135416666666664
0 0.0234375 0.3984375 0.0390625 0.05989583333333333
0 0.02783203125 0.29166666666666663 0.0107421875 0.013020833333333332
0 0.2431640625 0.3203125 0.01171875 0.018229166666666664
0 0.8369140625 0.15299479166666666 0.009765625 0.016927083333333332
0 0.13818359375 0.28515625 0.0107421875 0.013020833333333332
0 0.2978515625 0.21028645833333331 0.009765625 0.016927083333333332
0 0.25927734375 0.30078125 0.0107421875 0.015625
0 0.26123046875 0.28125 0.0087890625 0.013020833333333332
0 0.078125 0.2884114583333333 0.0078125 0.01171875
0 0.1708984375 0.30729166666666663 0.01171875 0.018229166666666664
0 0.51904296875 0.33203125 0.0107421875 0.018229166666666664
0 0.6728515625 0.3958333333333333 0.013671875 0.0234375
0 0.4326171875 0.37760416666666663 0.01953125 0.03125
0 0.33544921875 0.283203125 0.0126953125 0.01953125
0 0.51611328125 0.3203125 0.0146484375 0.026041666666666664
0 0.93798828125 0.48307291666666663 0.0166015625 0.033854166666666664
0 0.0048828125 0.23567708333333331 0.009765625 0.020833333333333332
