0 0.0830078125 0.09141494435612084 0.04296875 0.08426073131955486
0 0.0439453125 0.012718600953895072 0.03515625 0.025437201907790145
0 0.15869140625 0.08028616852146264 0.0400390625 0.07154213036565978
0 0.126953125 0.1645468998410175 0.0390625 0.08426073131955486
0 0.1279296875 0.2655007949125596 0.044921875 0.0985691573926868
0 0.04345703125 0.39030206677265505 0.0478515625 0.08744038155802862
0 0.1884765625 0.029411764705882356 0.04296875 0.05882352941176471
0 0.2529296875 0.1987281399046105 0.04296875 0.0985691573926868
0 0.30322265625 0.05802861685214627 0.0400390625 0.0906200317965024
0 0.369140625 0.21621621621621623 0.04296875 0.07631160572337044
0 0.42822265625 0.08267090620031797 0.0419921875 0.07313195548489666
0 0.22216796875 0.41891891891891897 0.0458984375 0.08744038155802862
0 0.255859375 0.42845786963434024 0.037109375 0.10015898251192369
0 0.33056640625 0.3823529411764706 0.0283203125 0.08108108108108109
0 0.3662109375 0.37360890302066774 0.04296875 0.0794912559618442
0 0.41650390625 0.38871224165341817 0.0400390625 0.08108108108108109
0 0.40673828125 0.24721780604133547 0.0380859375 0.06200317965023848
0 0.48974609375 0.10254372019077902 0.0458984375 0.08108108108108109
0 0.5927734375 0.05166931637519873 0.041015625 0.07154213036565978
0 0.603515625 0.13751987281399047 0.044921875 0.07790143084260732
0 0.6181640625 0.19395866454689986 0.04296875 0.0794912559618442
0 0.736328125 0.0453100158982512 0.0390625 0.06518282988871224
0 0.7861328125 0.04054054054054054 0.041015625 0.07154213036565978
0 0.91259765625 0.03815580286168522 0.0380859375 0.07631160572337044
0 0.828125 0.21621621621621623 0.04296875 0.08903020667726551
0 0.8046875 0.17488076311605724 0.037109375 0.07313195548489666
0 0.5625 0.35850556438791736 0.04296875 0.0906200317965024
0 0.53564453125 0.32114467408585057 0.0419921875 0.06041335453100159
0 0.68359375 0.3044515103338633 0.04296875 0.07472178060413355
0 0.6142578125 0.4721780604133546 0.048828125 0.08267090620031797
0 0.791015625 0.3569157392686805 0.044921875 0.08108108108108109
0 0.9482421875 0.14864864864864866 0.037109375 0.08744038155802862
0 0.95166015625 0.4753577106518283 0.0478515625 0.0985691573926868
0 0.8212890625 0.5087440381558029 0.048828125 0.0985691573926868
0 0.6787109375 0.5461049284578696 0.052734375 0.08108108108108109
0 0.09716796875 0.5190779014308426 0.0380859375 0.07790143084260732
0 0.26806640625 0.5985691573926868 0.0458984375 0.07790143084260732
0 0.40771484375 0.562798092209857 0.0439453125 0.09220985691573927
0 0.01806640625 0.6542130365659777 0.0341796875 0.08426073131955486
0 0.10986328125 0.665341812400636 0.0439453125 0.07472178060413355
0 0.12744140625 0.5667726550079492 0.0341796875 0.07154213036565978
0 0.18359375 0.5103338632750398 0.029296875 0.06359300476947537
0 0.1591796875 0.672496025437202 0.04296875 0.08267090620031797
0 0.22314453125 0.753577106518283 0.0498046875 0.0985691573926868
0 0.306640625 0.7742448330683626 0.041015625 0.0794912559618442
0 0.34619140625 0.8831478537360891 0.0498046875 0.08744038155802862
0 0.2373046875 0.9705882352941178 0.056640625 0.05882352941176471
0 0.48486328125 0.8370429252782194 0.0400390625 0.08744038155802862
0 0.45849609375 0.6796502384737679 0.0458984375 0.09379968203497616
0 0.4541015625 0.5643879173290939 0.033203125 0.0794912559618442
0 0.984375 0.6025437201907791 0.03125 0.0985691573926868
0 0.9375 0.7209856915739269 0.044921875 0.07154213036565978
0 0.94384765625 0.8990461049284579 0.0517578125 0.08108108108108109
0 0.876953125 0.7289348171701113 0.046875 0.08426073131955486
0 0.8232421875 0.6899841017488076 0.044921875 0.08267090620031797
0 0.5927734375 0.6868044515103339 0.037109375 0.0985691573926868
0 0.734375 0.7718600953895072 0.052734375 0.09697933227344993
0 0.77734375 0.8569157392686805 0.048828125 0.08267090620031797
0 0.68701171875 0.9006359300476948 0.0478515625 0.08744038155802862
0 0.61083984375 0.9069952305246424 0.0322265625 0.06518282988871224
0 0.55517578125 0.9578696343402227 0.0478515625 0.08426073131955486
0 0.9765625 0.23290937996820352 0.03515625 0.06836248012718601
