0 0.15966796875 0.28398692810457515 0.0068359375 0.0058823529411764705
0 0.10107421875 0.3509803921568627 0.0341796875 0.03398692810457516
0 0.30859375 0.28398692810457515 0.009765625 0.00849673202614379
0 0.19482421875 0.2830065359477124 0.0048828125 0.00392156862745098
0 0.1845703125 0.296078431372549 0.009765625 0.0065359477124183
0 0.20556640625 0.2980392156862745 0.0126953125 0.00915032679738562
0 0.0849609375 0.2830065359477124 0.005859375 0.00522875816993464
0 0.85693359375 0.16862745098039214 0.0869140625 0.06143790849673202
0 0.59326171875 0.16633986928104574 0.1103515625 0.07908496732026143
0 0.2900390625 0.3937908496732026 0.041015625 0.02418300653594771
0 0.2998046875 0.33856209150326794 0.04296875 0.03137254901960784
0 0.40576171875 0.3068627450980392 0.0302734375 0.02418300653594771
0 0.4248046875 0.31143790849673203 0.01953125 0.01764705882352941
0 0.435546875 0.2957516339869281 0.017578125 0.01503267973856209
0 0.439453125 0.2696078431372549 0.013671875 0.01111111111111111
0 0.41259765625 0.2797385620915033 0.0146484375 0.011764705882352941
0 0.400390625 0.27352941176470585 0.01171875 0.00718954248366013
0 0.3623046875 0.31405228758169934 0.01953125 0.01764705882352941
0 0.38232421875 0.3049019607843137 0.0166015625 0.01111111111111111
0 0.31640625 0.31176470588235294 0.0234375 0.0196078431372549
0 0.333984375 0.30130718954248364 0.015625 0.011764705882352941
0 0.31884765625 0.2977124183006536 0.0146484375 0.01111111111111111
0 0.34033203125 0.2764705882352941 0.0087890625 0.0065359477124183
0 0.27001953125 0.3098039215686274 0.0244140625 0.02222222222222222
0 0.294921875 0.2924836601307189 0.013671875 0.00980392156862745
0 0.30615234375 0.27352941176470585 0.0087890625 0.00718954248366013
0 0.2861328125 0.2764705882352941 0.009765625 0.0065359477124183
0 0.27099609375 0.29281045751633983 0.0087890625 0.0065359477124183
0 0.25830078125 0.2941176470588235 0.0126953125 0.0065359477124183
0 0.26806640625 0.35392156862745094 0.0166015625 0.01503267973856209
0 0.10400390625 0.380718954248366 0.0439453125 0.03725490196078431
0 0.18896484375 0.3483660130718954 0.0283203125 0.01830065359477124
0 0.1962890625 0.32320261437908493 0.01953125 0.01633986928104575
0 0.21533203125 0.3111111111111111 0.0224609375 0.01437908496732026
0 0.1953125 0.3101307189542483 0.0234375 0.01633986928104575
0 0.17333984375 0.31895424836601305 0.0341796875 0.02222222222222222
0 0.2451171875 0.2973856209150327 0.013671875 0.00784313725490196
0 0.25244140625 0.30588235294117644 0.0107421875 0.011764705882352941
0 0.23486328125 0.29705882352941176 0.0126953125 0.00849673202614379
0 0.2236328125 0.2977124183006536 0.013671875 0.00849673202614379
0 0.22900390625 0.28856209150326795 0.0087890625 0.00718954248366013
0 0.2431640625 0.29052287581699343 0.0078125 0.0058823529411764705
0 0.05517578125 0.3434640522875817 0.0302734375 0.02287581699346405
0 0.0302734375 0.26601307189542484 0.0234375 0.01830065359477124
0 0.12841796875 0.3401960784313725 0.0361328125 0.025490196078431372
0 0.12548828125 0.31209150326797386 0.0263671875 0.01503267973856209
0 0.13720703125 0.30849673202614375 0.0185546875 0.0130718954248366
0 0.1474609375 0.3049019607843137 0.015625 0.01241830065359477
0 0.1650390625 0.30196078431372547 0.01953125 0.01437908496732026
0 0.10107421875 0.3133986928104575 0.0146484375 0.01111111111111111
0 0.07861328125 0.3107843137254902 0.0166015625 0.01111111111111111
0 0.09228515625 0.3052287581699346 0.0126953125 0.00915032679738562
0 0.0791015625 0.30163398692810456 0.009765625 0.00718954248366013
0 0.09716796875 0.3006535947712418 0.0126953125 0.0065359477124183
0 0.10888671875 0.29901960784313725 0.0087890625 0.00718954248366013
0 0.1259765625 0.2826797385620915 0.0078125 0.00718954248366013
