0 0.451171875 0.5135542168674699 0.046875 0.0783132530120482
0 0.34912109375 0.338855421686747 0.0517578125 0.08132530120481928
0 0.4169921875 0.29668674698795183 0.04296875 0.08734939759036145
0 0.32470703125 0.5474397590361446 0.0478515625 0.09487951807228916
0 0.3125 0.47665662650602414 0.046875 0.06174698795180723
0 0.1787109375 0.4239457831325301 0.03515625 0.08283132530120482
0 0.056640625 0.31626506024096385 0.037109375 0.08734939759036145
0 0.15234375 0.5745481927710844 0.033203125 0.0858433734939759
0 0.04248046875 0.5067771084337349 0.0400390625 0.06777108433734941
0 0.94140625 0.33960843373493976 0.05078125 0.07981927710843374
0 0.96923828125 0.4254518072289157 0.0400390625 0.08283132530120482
0 0.89111328125 0.5865963855421688 0.0419921875 0.0858433734939759
0 0.78125 0.5903614457831325 0.033203125 0.08132530120481928
0 0.61865234375 0.37725903614457834 0.0322265625 0.07078313253012049
0 0.791015625 0.20256024096385544 0.048828125 0.088855421686747
0 0.62158203125 0.055722891566265066 0.0400390625 0.09036144578313253
0 0.5185546875 0.38177710843373497 0.046875 0.08283132530120482
0 0.5224609375 0.3042168674698795 0.05078125 0.08132530120481928
0 0.439453125 0.057228915662650606 0.046875 0.0783132530120482
0 0.3828125 0.18448795180722893 0.041015625 0.055722891566265066
0 0.2470703125 0.1408132530120482 0.044921875 0.07078313253012049
0 0.1220703125 0.19126506024096387 0.044921875 0.08433734939759037
0 0.08251953125 0.1460843373493976 0.0439453125 0.0783132530120482
0 0.16650390625 0.3569277108433735 0.0576171875 0.09337349397590362
0 0.60107421875 0.14533132530120482 0.0498046875 0.0858433734939759
0 0.73388671875 0.7123493975903615 0.0380859375 0.09337349397590362
0 0.74365234375 0.8147590361445783 0.0244140625 0.08433734939759037
0 0.546875 0.6468373493975904 0.0390625 0.08283132530120482
0 0.857421875 0.7055722891566265 0.0390625 0.07981927710843374
0 0.72998046875 0.5090361445783133 0.0419921875 0.08734939759036145
0 0.95703125 0.6829819277108434 0.03515625 0.08283132530120482
0 0.859375 0.4932228915662651 0.04296875 0.09186746987951808
0 0.970703125 0.1875 0.046875 0.09186746987951808
0 0.88525390625 0.042168674698795185 0.0361328125 0.08433734939759037
0 0.77197265625 0.0963855421686747 0.0322265625 0.060240963855421686
0 0.8271484375 0.01280120481927711 0.03125 0.02560240963855422
0 0.90234375 0.26731927710843373 0.037109375 0.06174698795180723
0 0.8447265625 0.1799698795180723 0.037109375 0.058734939759036146
