0 0.513671875 0.361794500723589 0.015625 0.026049204052098405
0 0.3974609375 0.2821997105643994 0.01953125 0.03183791606367583
0 0.501953125 0.276410998552822 0.0234375 0.04341534008683068
0 0.32373046875 0.25470332850940663 0.0263671875 0.05499276410998553
0 0.88525390625 0.24819102749638203 0.0244140625 0.04486251808972503
0 0.80224609375 0.2778581765557163 0.0224609375 0.04052098408104197
0 0.68896484375 0.29667149059334297 0.0244140625 0.04341534008683068
0 0.654296875 0.21562952243125902 0.041015625 0.10130246020260492
0 0.953125 0.2612156295224312 0.02734375 0.05354558610709117
0 0.197265625 0.1541244573082489 0.078125 0.1606367583212735
0 0.212890625 0.26772793053545585 0.02734375 0.0492040520984081
