0 0.56005859375 0.1813031161473088 0.0419921875 0.1019830028328612
0 0.8125 0.193342776203966 0.060546875 0.12606232294617564
0 0.8154296875 0.7492917847025496 0.0625 0.1161473087818697
0 0.7353515625 0.788243626062323 0.07421875 0.11756373937677055
0 0.6884765625 0.8016997167138811 0.05078125 0.0906515580736544
0 0.64892578125 0.7521246458923513 0.0400390625 0.09348441926345609
0 0.6044921875 0.7237960339943343 0.060546875 0.10764872521246459
0 0.51806640625 0.7450424929178471 0.0517578125 0.0906515580736544
0 0.53076171875 0.703257790368272 0.0556640625 0.09490084985835695
0 0.4501953125 0.7584985835694051 0.05859375 0.10339943342776205
0 0.4453125 0.7039660056657224 0.064453125 0.0963172804532578
0 0.39111328125 0.754957507082153 0.0576171875 0.0963172804532578
0 0.310546875 0.7662889518413598 0.0546875 0.09915014164305949
0 0.2412109375 0.7839943342776204 0.06640625 0.10339943342776205
0 0.02294921875 0.7188385269121813 0.0458984375 0.10339943342776205
0 0.06201171875 0.7188385269121813 0.0576171875 0.08923512747875355
0 0.8994140625 0.5934844192634561 0.041015625 0.0708215297450425
