0 0.8974609375 0.908203125 0.04296875 0.07682291666666666
0 0.66259765625 0.728515625 0.0419921875 0.05859375
0 0.3740234375 0.80078125 0.033203125 0.05989583333333333
0 0.58740234375 0.71875 0.0322265625 0.049479166666666664
0 0.615234375 0.6295572916666666 0.029296875 0.03515625
0 0.52490234375 0.6614583333333333 0.0166015625 0.026041666666666664
0 0.2470703125 0.8372395833333333 0.033203125 0.06770833333333333
0 0.29833984375 0.7903645833333333 0.0302734375 0.06770833333333333
0 0.13671875 0.83203125 0.0390625 0.05208333333333333
0 0.17431640625 0.7591145833333333 0.0341796875 0.0546875
0 0.25146484375 0.689453125 0.0322265625 0.037760416666666664
0 0.29345703125 0.7122395833333333 0.0205078125 0.03125
0 0.25927734375 0.48697916666666663 0.0185546875 0.0234375
0 0.1884765625 0.4921875 0.01953125 0.0234375
0 0.01171875 0.6471354166666666 0.017578125 0.028645833333333332
0 0.02001953125 0.6106770833333333 0.0185546875 0.026041666666666664
0 0.13818359375 0.5397135416666666 0.0126953125 0.01953125
0 0.03564453125 0.5787760416666666 0.0126953125 0.022135416666666664
0 0.64990234375 0.6315104166666666 0.0185546875 0.028645833333333332
0 0.466796875 0.9140625 0.033203125 0.0625
0 0.71826171875 0.7473958333333333 0.0322265625 0.0546875
0 0.6279296875 0.8391927083333333 0.037109375 0.06901041666666666
0 0.05859375 0.9140625 0.03515625 0.0703125
0 0.43115234375 0.7057291666666666 0.0341796875 0.046875
0 0.48095703125 0.673828125 0.0185546875 0.03515625
0 0.798828125 0.6022135416666666 0.021484375 0.03255208333333333
0 0.93701171875 0.78125 0.0283203125 0.0390625
0 0.72119140625 0.51171875 0.0087890625 0.020833333333333332
0 0.77001953125 0.5026041666666666 0.0126953125 0.0234375
0 0.6611328125 0.5052083333333333 0.005859375 0.015625
0 0.12255859375 0.587890625 0.0087890625 0.016927083333333332
0 0.0615234375 0.5598958333333333 0.009765625 0.020833333333333332
0 0.48046875 0.4602864583333333 0.005859375 0.016927083333333332
0 0.51025390625 0.4544270833333333 0.0048828125 0.010416666666666666
0 0.4130859375 0.47135416666666663 0.0078125 0.013020833333333332
0 0.3720703125 0.6614583333333333 0.009765625 0.015625
0 0.39794921875 0.7076822916666666 0.0166015625 0.02734375
