0 0.97607421875 0.4648074369189907 0.0478515625 0.06905710491367861
0 0.76171875 0.49070385126162014 0.046875 0.07304116865869853
0 0.849609375 0.48937583001328017 0.044921875 0.07038512616201859
0 0.68115234375 0.5431606905710491 0.0439453125 0.07171314741035856
0 0.54931640625 0.43027888446215135 0.0517578125 0.0796812749003984
0 0.40625 0.4933598937583001 0.04296875 0.0650730411686587
0 0.26953125 0.4594953519256308 0.044921875 0.06905710491367861
0 0.09716796875 0.41168658698539173 0.0400390625 0.0796812749003984
0 0.447265625 0.30478087649402386 0.046875 0.07569721115537847
0 0.359375 0.3100929614873838 0.0390625 0.0650730411686587
0 0.43310546875 0.19853917662682602 0.0263671875 0.046480743691899064
0 0.23779296875 0.3193891102257636 0.0400390625 0.057104913678618856
0 0.20947265625 0.20185922974767595 0.0341796875 0.05046480743691899
0 0.7880859375 0.449535192563081 0.056640625 0.08100929614873838
0 0.79638671875 0.2695883134130146 0.0283203125 0.04249667994687915
0 0.6376953125 0.20717131474103584 0.025390625 0.034528552456839307
0 0.68896484375 0.23306772908366533 0.0244140625 0.033200531208499334
0 0.49169921875 0.20982735723771578 0.0185546875 0.03187250996015936
0 0.48388671875 0.15073041168658696 0.0107421875 0.014608233731739707
0 0.72216796875 0.19787516600265603 0.0185546875 0.029216467463479414
0 0.736328125 0.15073041168658696 0.017578125 0.027888446215139442
0 0.59716796875 0.20517928286852588 0.0185546875 0.033200531208499334
0 0.67919921875 0.21115537848605576 0.0205078125 0.029216467463479414
0 0.27587890625 0.15803452855245684 0.0205078125 0.029216467463479414
0 0.31494140625 0.16733067729083664 0.0166015625 0.02390438247011952
0 0.39990234375 0.15803452855245684 0.0185546875 0.029216467463479414
0 0.220703125 0.12217795484727755 0.017578125 0.026560424966799466
0 0.32763671875 0.17065073041168657 0.0205078125 0.03585657370517928
0 0.1015625 0.23705179282868524 0.029296875 0.05179282868525896
0 0.16455078125 0.20252324037184594 0.0263671875 0.041168658698539175
0 0.134765625 0.3200531208499336 0.033203125 0.055776892430278883
0 0.0302734375 0.16799468791500663 0.021484375 0.033200531208499334
0 0.03857421875 0.2682602921646746 0.0302734375 0.055776892430278883
0 0.88818359375 0.2091633466135458 0.0224609375 0.033200531208499334
0 0.88671875 0.30478087649402386 0.021484375 0.033200531208499334
0 0.51708984375 0.3240371845949535 0.0341796875 0.0796812749003984
0 0.404296875 0.29482071713147406 0.0390625 0.06108897742363877
0 0.5419921875 0.2084993359893758 0.021484375 0.04515272244355909
0 0.86328125 0.17197875166002655 0.015625 0.025232403718459494
0 0.7978515625 0.148738379814077 0.017578125 0.026560424966799466
0 0.39453125 0.10690571049136785 0.013671875 0.025232403718459494
