0 0.953125 0.6284671532846715 0.048828125 0.10072992700729927
0 0.71923828125 0.4094890510948905 0.0341796875 0.05693430656934306
0 0.84423828125 0.6759124087591241 0.0478515625 0.09051094890510948
0 0.8828125 0.9386861313868613 0.05859375 0.10802919708029196
0 0.6728515625 0.9262773722627736 0.0625 0.1094890510948905
0 0.7724609375 0.6956204379562043 0.041015625 0.06861313868613138
0 0.76220703125 0.6321167883211678 0.0380859375 0.07007299270072992
0 0.73583984375 0.6518248175182482 0.0322265625 0.08029197080291971
0 0.59765625 0.6591240875912409 0.041015625 0.08321167883211679
0 0.6220703125 0.6233576642335766 0.033203125 0.07007299270072992
0 0.5048828125 0.9700729927007299 0.078125 0.059854014598540145
0 0.5537109375 0.9452554744525546 0.052734375 0.10364963503649634
0 0.4951171875 0.894890510948905 0.06640625 0.09927007299270073
0 0.45751953125 0.9043795620437955 0.0576171875 0.11240875912408758
0 0.41552734375 0.8481751824817517 0.0556640625 0.10218978102189781
0 0.4951171875 0.6255474452554745 0.060546875 0.0948905109489051
0 0.52294921875 0.6058394160583941 0.0380859375 0.072992700729927
0 0.43359375 0.6335766423357664 0.037109375 0.072992700729927
0 0.455078125 0.62992700729927 0.025390625 0.06861313868613138
0 0.3486328125 0.6262773722627737 0.04296875 0.07007299270072992
0 0.3115234375 0.964963503649635 0.09765625 0.07007299270072992
0 0.21826171875 0.9532846715328467 0.0751953125 0.09343065693430656
0 0.0419921875 0.9562043795620437 0.064453125 0.0875912408759124
0 0.20703125 0.6058394160583941 0.052734375 0.0875912408759124
0 0.29296875 0.6343065693430656 0.037109375 0.06277372262773723
0 0.333984375 0.6335766423357664 0.037109375 0.06131386861313868
0 0.31298828125 0.5525547445255474 0.0166015625 0.03065693430656934
0 0.12744140625 0.6270072992700729 0.0458984375 0.07153284671532846
0 0.044921875 0.6686131386861314 0.037109375 0.058394160583941604
0 0.08154296875 0.62992700729927 0.0458984375 0.0656934306569343
0 0.013671875 0.6072992700729927 0.02734375 0.06423357664233577
0 0.015625 0.5642335766423358 0.03125 0.06277372262773723
