0 0.11962890625 0.5894097222222222 0.0244140625 0.05381944444444444
0 0.189453125 0.5885416666666666 0.025390625 0.048611111111111105
0 0.2744140625 0.5850694444444444 0.025390625 0.05208333333333333
0 0.33447265625 0.5711805555555555 0.0283203125 0.059027777777777776
0 0.58544921875 0.4609375 0.0380859375 0.08159722222222222
0 0.41552734375 0.6024305555555555 0.0380859375 0.08680555555555555
0 0.6181640625 0.6145833333333333 0.033203125 0.0798611111111111
0 0.6806640625 0.5147569444444444 0.044921875 0.08506944444444443
0 0.01123046875 0.8967013888888888 0.0205078125 0.05034722222222222
0 0.09228515625 0.8958333333333333 0.0244140625 0.059027777777777776
0 0.74853515625 0.8914930555555555 0.0224609375 0.057291666666666664
0 0.0712890625 0.2725694444444444 0.02734375 0.05555555555555555
0 0.03662109375 0.2951388888888889 0.0185546875 0.03819444444444444
0 0.1103515625 0.31684027777777773 0.021484375 0.046875
0 0.00830078125 0.2673611111111111 0.0166015625 0.041666666666666664
0 0.0380859375 0.22395833333333331 0.015625 0.03125
0 0.08837890625 0.2517361111111111 0.0166015625 0.03819444444444444
0 0.18505859375 0.2821180555555555 0.0283203125 0.0642361111111111
0 0.21533203125 0.23524305555555555 0.0185546875 0.03298611111111111
0 0.24072265625 0.2847222222222222 0.0205078125 0.041666666666666664
0 0.2998046875 0.328125 0.02734375 0.04513888888888889
0 0.33740234375 0.3611111111111111 0.0205078125 0.03819444444444444
0 0.36865234375 0.3333333333333333 0.0283203125 0.04513888888888889
0 0.3291015625 0.2621527777777778 0.01953125 0.03819444444444444
0 0.275390625 0.2708333333333333 0.015625 0.027777777777777776
0 0.23828125 0.24305555555555555 0.013671875 0.024305555555555552
0 0.25244140625 0.25 0.0126953125 0.024305555555555552
0 0.27490234375 0.3420138888888889 0.0185546875 0.034722222222222224
0 0.3447265625 0.2578125 0.01171875 0.029513888888888888
0 0.279296875 0.19444444444444442 0.013671875 0.027777777777777776
0 0.32421875 0.19270833333333331 0.013671875 0.027777777777777776
0 0.3681640625 0.203125 0.015625 0.024305555555555552
0 0.2998046875 0.1362847222222222 0.013671875 0.026041666666666664
0 0.2431640625 0.1310763888888889 0.01171875 0.026041666666666664
0 0.15185546875 0.10590277777777778 0.0185546875 0.04513888888888889
0 0.08837890625 0.1892361111111111 0.0166015625 0.024305555555555552
0 0.052734375 0.1519097222222222 0.013671875 0.026041666666666664
0 0.10205078125 0.15104166666666666 0.0087890625 0.020833333333333332
0 0.107421875 0.12586805555555555 0.009765625 0.022569444444444444
0 0.08740234375 0.14149305555555555 0.0107421875 0.01909722222222222
0 0.0634765625 0.15104166666666666 0.01171875 0.020833333333333332
0 0.03369140625 0.07291666666666666 0.0048828125 0.010416666666666666
0 0.2158203125 0.11979166666666666 0.005859375 0.013888888888888888
0 0.203125 0.17708333333333331 0.01171875 0.020833333333333332
0 0.1923828125 0.13802083333333331 0.0078125 0.015625
0 0.17041015625 0.0625 0.0048828125 0.010416666666666666
0 0.26318359375 0.10243055555555555 0.0068359375 0.013888888888888888
0 0.23388671875 0.07118055555555555 0.0048828125 0.010416666666666666
0 0.2919921875 0.10069444444444443 0.005859375 0.010416666666666666
0 0.3154296875 0.12413194444444443 0.005859375 0.012152777777777776
0 0.30908203125 0.07899305555555555 0.0048828125 0.012152777777777776
0 0.369140625 0.05989583333333333 0.005859375 0.012152777777777776
0 0.3544921875 0.13194444444444445 0.01171875 0.027777777777777776
0 0.4365234375 0.25260416666666663 0.02734375 0.05034722222222222
0 0.41943359375 0.22916666666666666 0.0205078125 0.03819444444444444
0 0.4453125 0.15625 0.009765625 0.020833333333333332
0 0.39013671875 0.2717013888888889 0.0166015625 0.03298611111111111
0 0.4140625 0.09027777777777778 0.009765625 0.017361111111111112
0 0.4306640625 0.19444444444444442 0.009765625 0.017361111111111112
0 0.38720703125 0.05989583333333333 0.0048828125 0.012152777777777776
0 0.3818359375 0.15625 0.009765625 0.020833333333333332
0 0.36767578125 0.11458333333333333 0.0087890625 0.013888888888888888
0 0.283203125 0.08420138888888888 0.005859375 0.012152777777777776
0 0.45068359375 0.07378472222222222 0.0087890625 0.015625
0 0.4296875 0.06857638888888888 0.005859375 0.008680555555555556
0 0.42333984375 0.12239583333333333 0.0068359375 0.012152777777777776
0 0.435546875 0.09635416666666666 0.0078125 0.015625
0 0.18408203125 0.06597222222222222 0.0068359375 0.013888888888888888
0 0.4560546875 0.125 0.009765625 0.020833333333333332
0 0.43994140625 0.043402777777777776 0.0048828125 0.010416666666666666
0 0.349609375 0.09809027777777778 0.005859375 0.012152777777777776
0 0.3251953125 0.125 0.005859375 0.010416666666666666
0 0.4013671875 0.16145833333333331 0.009765625 0.024305555555555552
0 0.1630859375 0.2690972222222222 0.01953125 0.048611111111111105
0 0.00537109375 0.13715277777777776 0.0107421875 0.03125
0 0.80126953125 0.5277777777777778 0.0302734375 0.0625
0 0.9482421875 0.5451388888888888 0.052734375 0.11805555555555555
0 0.890625 0.5199652777777778 0.029296875 0.0642361111111111
0 0.763671875 0.26822916666666663 0.029296875 0.057291666666666664
0 0.693359375 0.3003472222222222 0.025390625 0.05208333333333333
0 0.73291015625 0.2864583333333333 0.0244140625 0.03819444444444444
0 0.66748046875 0.31684027777777773 0.0205078125 0.03645833333333333
0 0.61962890625 0.3289930555555555 0.0283203125 0.05034722222222222
0 0.57470703125 0.26041666666666663 0.0283203125 0.05208333333333333
0 0.47998046875 0.2708333333333333 0.0224609375 0.05208333333333333
0 0.49462890625 0.2421875 0.0224609375 0.03993055555555555
0 0.52294921875 0.2421875 0.0224609375 0.046875
0 0.63232421875 0.296875 0.0224609375 0.04513888888888889
0 0.67138671875 0.2439236111111111 0.0224609375 0.046875
0 0.6455078125 0.22482638888888887 0.015625 0.043402777777777776
0 0.814453125 0.2361111111111111 0.02734375 0.048611111111111105
0 0.8486328125 0.2595486111111111 0.029296875 0.05381944444444444
0 0.92822265625 0.3046875 0.0224609375 0.046875
0 0.96875 0.2690972222222222 0.025390625 0.05208333333333333
0 0.9140625 0.24913194444444442 0.0234375 0.03298611111111111
0 0.96240234375 0.19444444444444442 0.0205078125 0.048611111111111105
0 0.56298828125 0.18229166666666666 0.0146484375 0.027777777777777776
0 0.59326171875 0.1753472222222222 0.0107421875 0.027777777777777776
0 0.51611328125 0.18402777777777776 0.0087890625 0.020833333333333332
0 0.484375 0.11545138888888888 0.009765625 0.015625
0 0.5419921875 0.11284722222222221 0.0078125 0.017361111111111112
0 0.5615234375 0.1423611111111111 0.009765625 0.024305555555555552
0 0.57421875 0.1501736111111111 0.009765625 0.01909722222222222
0 0.734375 0.1796875 0.01171875 0.022569444444444444
0 0.64013671875 0.18576388888888887 0.0107421875 0.020833333333333332
0 0.63134765625 0.13020833333333331 0.0068359375 0.017361111111111112
0 0.87451171875 0.1970486111111111 0.0107421875 0.01909722222222222
0 0.82763671875 0.19010416666666666 0.0107421875 0.022569444444444444
0 0.759765625 0.20052083333333331 0.009765625 0.01909722222222222
0 0.7431640625 0.2300347222222222 0.01171875 0.026041666666666664
0 0.693359375 0.19010416666666666 0.005859375 0.015625
0 0.59326171875 0.2378472222222222 0.0146484375 0.027777777777777776
0 0.89013671875 0.1953125 0.0107421875 0.01909722222222222
0 0.8515625 0.18055555555555555 0.009765625 0.017361111111111112
0 0.92431640625 0.125 0.0087890625 0.020833333333333332
0 0.8818359375 0.125 0.009765625 0.017361111111111112
0 0.9619140625 0.1388888888888889 0.009765625 0.017361111111111112
0 0.9873046875 0.12413194444444443 0.0078125 0.015625
0 0.99462890625 0.09895833333333333 0.0087890625 0.020833333333333332
0 0.94580078125 0.08506944444444443 0.0048828125 0.013888888888888888
0 0.94091796875 0.0390625 0.0068359375 0.01909722222222222
0 0.74462890625 0.11197916666666666 0.0068359375 0.015625
0 0.826171875 0.09809027777777778 0.0078125 0.015625
0 0.58349609375 0.051215277777777776 0.0068359375 0.015625
0 0.6435546875 0.09375 0.0078125 0.013888888888888888
0 0.6103515625 0.05989583333333333 0.005859375 0.012152777777777776
0 0.6865234375 0.08159722222222222 0.005859375 0.013888888888888888
0 0.78173828125 0.24045138888888887 0.0146484375 0.03993055555555555
0 0.88037109375 0.046875 0.0068359375 0.010416666666666666
0 0.84228515625 0.07725694444444443 0.0068359375 0.012152777777777776
0 0.9228515625 0.07291666666666666 0.0078125 0.017361111111111112
0 0.84716796875 0.13194444444444445 0.0087890625 0.020833333333333332
0 0.9052734375 0.06163194444444444 0.0078125 0.015625
0 0.978515625 0.049479166666666664 0.005859375 0.012152777777777776
0 0.9833984375 0.08506944444444443 0.0078125 0.020833333333333332
0 0.84912109375 0.024305555555555552 0.0068359375 0.010416666666666666
0 0.84521484375 0.06597222222222222 0.0068359375 0.010416666666666666
0 0.873046875 0.028645833333333332 0.005859375 0.012152777777777776
0 0.96337890625 0.0954861111111111 0.0087890625 0.017361111111111112
0 0.88818359375 0.1753472222222222 0.0126953125 0.024305555555555552
0 0.9462890625 0.18663194444444445 0.015625 0.03645833333333333
0 0.787109375 0.043402777777777776 0.005859375 0.010416666666666666
0 0.87109375 0.17100694444444445 0.009765625 0.022569444444444444
0 0.8115234375 0.13368055555555555 0.013671875 0.027777777777777776
0 0.72021484375 0.5451388888888888 0.0283203125 0.07638888888888888
0 0.63134765625 0.078125 0.0048828125 0.010416666666666666
0 0.0361328125 0.5729166666666666 0.02734375 0.0625
0 0.5048828125 0.5121527777777778 0.0234375 0.09027777777777778
0 0.728515625 0.12239583333333333 0.0078125 0.01909722222222222
