0 0.2919921875 0.19197080291970803 0.02734375 0.03941605839416058
0 0.19189453125 0.33211678832116787 0.0478515625 0.08613138686131386
0 0.552734375 0.19343065693430656 0.0234375 0.04233576642335766
0 0.6005859375 0.1948905109489051 0.0234375 0.04817518248175182
0 0.64208984375 0.20291970802919707 0.0244140625 0.040875912408759124
0 0.68994140625 0.1627737226277372 0.0244140625 0.051094890510948905
0 0.732421875 0.16861313868613137 0.01953125 0.051094890510948905
0 0.81494140625 0.1802919708029197 0.0302734375 0.05401459854014598
0 0.93310546875 0.1510948905109489 0.0263671875 0.0656934306569343
0 0.64501953125 0.38175182481751824 0.0263671875 0.04817518248175182
0 0.689453125 0.41605839416058393 0.0234375 0.04671532846715328
0 0.70849609375 0.45839416058394156 0.0361328125 0.07591240875912408
0 0.86865234375 0.5795620437956204 0.0517578125 0.10510948905109488
