0 0.11181640625 0.3034013605442177 0.0419921875 0.07074829931972788
0 0.20703125 0.2605442176870748 0.044921875 0.08027210884353742
0 0.318359375 0.27278911564625846 0.04296875 0.08843537414965985
0 0.27685546875 0.24081632653061222 0.0126953125 0.019047619047619046
0 0.14306640625 0.27210884353741494 0.0166015625 0.024489795918367346
0 0.0361328125 0.18503401360544217 0.013671875 0.021768707482993196
0 0.0556640625 0.21632653061224488 0.015625 0.019047619047619046
0 0.2578125 0.15238095238095237 0.01171875 0.021768707482993196
0 0.318359375 0.16734693877551018 0.01171875 0.021768707482993196
0 0.29736328125 0.18979591836734694 0.0166015625 0.02312925170068027
0 0.265625 0.19727891156462585 0.01171875 0.019047619047619046
0 0.23779296875 0.2074829931972789 0.0126953125 0.02312925170068027
0 0.35009765625 0.19183673469387755 0.0146484375 0.021768707482993196
0 0.1220703125 0.1693877551020408 0.015625 0.02312925170068027
0 0.2197265625 0.14761904761904762 0.013671875 0.02312925170068027
0 0.29443359375 0.14965986394557823 0.0126953125 0.027210884353741496
0 0.4130859375 0.12721088435374148 0.009765625 0.01768707482993197
0 0.509765625 0.16054421768707483 0.01171875 0.019047619047619046
0 0.466796875 0.1857142857142857 0.009765625 0.02040816326530612
0 0.443359375 0.22108843537414966 0.041015625 0.07755102040816327
0 0.4892578125 0.1986394557823129 0.013671875 0.021768707482993196
0 0.5615234375 0.15986394557823128 0.009765625 0.02040816326530612
0 0.55810546875 0.19591836734693877 0.0126953125 0.021768707482993196
0 0.58544921875 0.1877551020408163 0.0126953125 0.021768707482993196
0 0.61376953125 0.1585034013605442 0.0087890625 0.02040816326530612
0 0.61083984375 0.2442176870748299 0.0126953125 0.02312925170068027
0 0.5810546875 0.3 0.013671875 0.02040816326530612
0 0.55322265625 0.29387755102040813 0.0400390625 0.07346938775510203
0 0.64599609375 0.30204081632653057 0.0361328125 0.06258503401360543
0 0.72509765625 0.2816326530612245 0.0126953125 0.019047619047619046
0 0.7119140625 0.25034013605442174 0.01171875 0.021768707482993196
0 0.76318359375 0.28435374149659864 0.0458984375 0.07891156462585033
0 0.8193359375 0.2931972789115646 0.037109375 0.07210884353741497
0 0.90185546875 0.3170068027210884 0.0419921875 0.06258503401360543
0 0.93505859375 0.3217687074829932 0.0068359375 0.014965986394557823
0 0.66943359375 0.21564625850340136 0.0087890625 0.02040816326530612
0 0.5849609375 0.14693877551020407 0.01171875 0.019047619047619046
0 0.234375 0.09251700680272108 0.01171875 0.019047619047619046
0 0.64501953125 0.20884353741496597 0.0126953125 0.02585034013605442
0 0.6103515625 0.21972789115646257 0.01171875 0.02040816326530612
0 0.0068359375 0.21972789115646257 0.0078125 0.02312925170068027
0 0.14794921875 0.2204081632653061 0.0166015625 0.027210884353741496
0 0.16357421875 0.16802721088435374 0.0146484375 0.02857142857142857
0 0.169921875 0.12108843537414965 0.015625 0.029931972789115645
0 0.0859375 0.15170068027210884 0.015625 0.02857142857142857
0 0.05712890625 0.17619047619047618 0.0166015625 0.02585034013605442
0 0.2060546875 0.17278911564625848 0.017578125 0.024489795918367346
0 0.2548828125 0.2571428571428571 0.017578125 0.029931972789115645
0 0.37255859375 0.16462585034013605 0.0107421875 0.024489795918367346
0 0.36279296875 0.2673469387755102 0.0146484375 0.02585034013605442
0 0.4990234375 0.22721088435374148 0.01171875 0.021768707482993196
0 0.53955078125 0.18911564625850338 0.0126953125 0.024489795918367346
0 0.51611328125 0.26530612244897955 0.0107421875 0.024489795918367346
