0 0.3388671875 0.3141592920353982 0.00390625 0.0058997050147492625
0 0.24560546875 0.1887905604719764 0.0029296875 0.0058997050147492625
0 0.41845703125 0.17404129793510326 0.0029296875 0.0058997050147492625
0 0.0478515625 0.4528023598820059 0.009765625 0.011799410029498525
0 0.009765625 0.3952802359882006 0.005859375 0.011799410029498525
0 0.1279296875 0.24705014749262535 0.00390625 0.007374631268436578
0 0.15625 0.24188790560471976 0.00390625 0.0058997050147492625
0 0.17236328125 0.2345132743362832 0.0048828125 0.008849557522123894
0 0.23876953125 0.26843657817109146 0.0048828125 0.008849557522123894
0 0.00146484375 0.47345132743362833 0.0029296875 0.011799410029498525
0 0.123046875 0.8960176991150443 0.01171875 0.025073746312684365
0 0.9873046875 0.38495575221238937 0.005859375 0.014749262536873156
0 0.8349609375 0.19690265486725664 0.00390625 0.007374631268436578
0 0.85986328125 0.19690265486725664 0.0048828125 0.007374631268436578
0 0.880859375 0.2079646017699115 0.00390625 0.008849557522123894
0 0.90283203125 0.21312684365781712 0.0048828125 0.007374631268436578
0 0.93896484375 0.2028023598820059 0.0048828125 0.01032448377581121
0 0.96337890625 0.21165191740412978 0.0048828125 0.007374631268436578
0 0.98828125 0.21238938053097345 0.00390625 0.008849557522123894
0 0.85986328125 0.25442477876106195 0.0068359375 0.01327433628318584
0 0.94287109375 0.2853982300884956 0.0048828125 0.01032448377581121
0 0.96142578125 0.2912979351032448 0.0048828125 0.01032448377581121
0 0.78125 0.19911504424778761 0.00390625 0.0058997050147492625
0 0.7978515625 0.25442477876106195 0.00390625 0.007374631268436578
0 0.77734375 0.24926253687315633 0.00390625 0.008849557522123894
0 0.98193359375 0.24705014749262535 0.0048828125 0.01032448377581121
0 0.90283203125 0.3407079646017699 0.0068359375 0.011799410029498525
0 0.86279296875 0.3215339233038348 0.0048828125 0.008849557522123894
0 0.8193359375 0.3141592920353982 0.005859375 0.011799410029498525
0 0.78515625 0.30678466076696165 0.005859375 0.011799410029498525
0 0.9130859375 0.4033923303834808 0.005859375 0.01032448377581121
0 0.982421875 0.4410029498525074 0.0078125 0.011799410029498525
0 0.96337890625 0.37315634218289084 0.0048828125 0.011799410029498525
0 0.89892578125 0.25958702064896755 0.0048828125 0.008849557522123894
0 0.6865234375 0.3547197640117994 0.005859375 0.01032448377581121
0 0.6513671875 0.3584070796460177 0.005859375 0.011799410029498525
0 0.65673828125 0.3893805309734513 0.0068359375 0.011799410029498525
0 0.6064453125 0.3952802359882006 0.005859375 0.011799410029498525
0 0.6162109375 0.3532448377581121 0.0078125 0.01327433628318584
0 0.595703125 0.2971976401179941 0.005859375 0.01032448377581121
0 0.615234375 0.2308259587020649 0.00390625 0.007374631268436578
0 0.517578125 0.2359882005899705 0.00390625 0.008849557522123894
0 0.54296875 0.24705014749262535 0.00390625 0.007374631268436578
0 0.75390625 0.2411504424778761 0.005859375 0.01032448377581121
0 0.4228515625 0.25 0.00390625 0.007374631268436578
0 0.4580078125 0.25147492625368734 0.00390625 0.007374631268436578
0 0.458984375 0.385693215339233 0.0078125 0.01327433628318584
0 0.69580078125 0.4004424778761062 0.0068359375 0.01327433628318584
0 0.74658203125 0.40117994100294985 0.0068359375 0.011799410029498525
0 0.720703125 0.3613569321533923 0.005859375 0.011799410029498525
0 0.078125 0.37168141592920356 0.009765625 0.014749262536873156
