0 0.2841796875 0.46929824561403505 0.01953125 0.05263157894736842
0 0.26171875 0.4890350877192982 0.015625 0.03070175438596491
0 0.8818359375 0.4707602339181286 0.013671875 0.029239766081871343
0 0.68994140625 0.445906432748538 0.0224609375 0.04678362573099415
0 0.79833984375 0.4861111111111111 0.0166015625 0.03654970760233918
0 0.83349609375 0.47953216374269003 0.0146484375 0.023391812865497075
0 0.9375 0.47368421052631576 0.013671875 0.023391812865497075
0 0.96826171875 0.49049707602339176 0.0126953125 0.019005847953216373
0 0.77001953125 0.4788011695906432 0.0107421875 0.024853801169590642
0 0.75244140625 0.4809941520467836 0.0107421875 0.017543859649122806
0 0.650390625 0.49049707602339176 0.015625 0.033625730994152045
0 0.84765625 0.48684210526315785 0.0078125 0.011695906432748537
0 0.85986328125 0.4861111111111111 0.0068359375 0.013157894736842105
0 0.90966796875 0.4809941520467836 0.0068359375 0.011695906432748537
0 0.98974609375 0.4766081871345029 0.0068359375 0.011695906432748537
0 0.73095703125 0.4495614035087719 0.0048828125 0.013157894736842105
0 0.86474609375 0.4678362573099415 0.0048828125 0.008771929824561403
0 0.58935546875 0.48318713450292394 0.0107421875 0.021929824561403508
0 0.60888671875 0.47002923976608185 0.0048828125 0.01608187134502924
0 0.5703125 0.4437134502923976 0.005859375 0.013157894736842105
0 0.498046875 0.4583333333333333 0.0078125 0.021929824561403508
0 0.53369140625 0.4846491228070175 0.0185546875 0.04532163742690058
0 0.43310546875 0.4619883040935672 0.0283203125 0.06140350877192982
0 0.38134765625 0.47002923976608185 0.0146484375 0.03654970760233918
0 0.091796875 0.4853801169590643 0.015625 0.03508771929824561
0 0.19287109375 0.49122807017543857 0.0185546875 0.04093567251461988
