0 0.51953125 0.46354166666666663 0.025390625 0.049479166666666664
0 0.578125 0.376953125 0.017578125 0.03255208333333333
0 0.58447265625 0.33984375 0.0126953125 0.026041666666666664
0 0.4736328125 0.369140625 0.01953125 0.03515625
0 0.37109375 0.3828125 0.01171875 0.03125
0 0.9912109375 0.4661458333333333 0.017578125 0.04427083333333333
0 0.05908203125 0.5716145833333333 0.0087890625 0.018229166666666664
0 0.04443359375 0.5611979166666666 0.0068359375 0.013020833333333332
0 0.01806640625 0.5455729166666666 0.0126953125 0.018229166666666664
0 0.02197265625 0.6360677083333333 0.0126953125 0.016927083333333332
0 0.8564453125 0.5826822916666666 0.005859375 0.009114583333333332
0 0.8798828125 0.5618489583333333 0.005859375 0.009114583333333332
