0 0.146484375 0.4609375 0.029296875 0.05208333333333333
0 0.01513671875 0.6315104166666666 0.0107421875 0.028645833333333332
0 0.076171875 0.7389322916666666 0.0234375 0.029947916666666664
0 0.21240234375 0.49283854166666663 0.0224609375 0.04036458333333333
0 0.25732421875 0.509765625 0.0146484375 0.01953125
0 0.3505859375 0.625 0.021484375 0.041666666666666664
0 0.35107421875 0.4954427083333333 0.0146484375 0.024739583333333332
0 0.40869140625 0.5071614583333333 0.0146484375 0.02734375
0 0.45703125 0.517578125 0.02734375 0.04296875
0 0.4931640625 0.4524739583333333 0.017578125 0.03255208333333333
0 0.541015625 0.5032552083333333 0.015625 0.02734375
0 0.41162109375 0.599609375 0.0146484375 0.02734375
0 0.53955078125 0.462890625 0.0068359375 0.01171875
0 0.6201171875 0.4602864583333333 0.01953125 0.02734375
0 0.6220703125 0.48828125 0.017578125 0.03125
0 0.6611328125 0.47526041666666663 0.029296875 0.057291666666666664
0 0.73046875 0.4895833333333333 0.017578125 0.028645833333333332
0 0.763671875 0.4583333333333333 0.013671875 0.0234375
