0 0.01416015625 0.11414253897550111 0.0126953125 0.023385300668151445
0 0.0947265625 0.07850779510022271 0.01171875 0.021158129175946547
0 0.14013671875 0.09465478841870824 0.0185546875 0.026726057906458794
0 0.06787109375 0.13418708240534521 0.0166015625 0.023385300668151445
0 0.11962890625 0.1792873051224944 0.0185546875 0.026726057906458794
0 0.08837890625 0.19821826280623608 0.0341796875 0.035634743875278395
0 0.03955078125 0.2076837416481069 0.0263671875 0.034521158129175944
0 0.0166015625 0.1698218262806236 0.0234375 0.03229398663697104
0 0.00927734375 0.2717149220489978 0.0146484375 0.042316258351893093
0 0.03662109375 0.3574610244988864 0.0439453125 0.051224944320712694
0 0.0263671875 0.4515590200445434 0.037109375 0.05456570155902004
0 0.0439453125 0.5935412026726058 0.068359375 0.08240534521158129
0 0.15673828125 0.5395322939866369 0.0849609375 0.11024498886414254
0 0.244140625 0.5439866369710468 0.06640625 0.05011135857461024
0 0.3994140625 0.4365256124721603 0.048828125 0.08017817371937638
0 0.4853515625 0.405902004454343 0.048828125 0.08129175946547884
0 0.41455078125 0.3446547884187082 0.0478515625 0.05902004454342984
0 0.48388671875 0.3463251670378619 0.0458984375 0.06681514476614699
0 0.25927734375 0.39476614699331847 0.0478515625 0.07906458797327394
0 0.19775390625 0.2594654788418708 0.0478515625 0.0757238307349666
0 0.1220703125 0.23608017817371937 0.044921875 0.06681514476614699
0 0.18603515625 0.16648106904231624 0.0263671875 0.03897550111358575
0 0.24755859375 0.19654788418708238 0.0283203125 0.03897550111358575
0 0.28271484375 0.19042316258351893 0.0263671875 0.03340757238307349
0 0.28955078125 0.22271714922048996 0.0322265625 0.051224944320712694
0 0.2373046875 0.11636971046770601 0.017578125 0.023385300668151445
0 0.279296875 0.1074610244988864 0.017578125 0.025612472160356347
0 0.24658203125 0.07293986636971046 0.0126953125 0.010022271714922048
0 0.3564453125 0.1586859688195991 0.02734375 0.03897550111358575
0 0.33935546875 0.14810690423162584 0.0205078125 0.026726057906458794
0 0.39404296875 0.22717149220489977 0.0478515625 0.05345211581291759
0 0.38525390625 0.30066815144766146 0.0341796875 0.051224944320712694
0 0.44921875 0.26057906458797325 0.041015625 0.044543429844097995
0 0.53271484375 0.2733853006681514 0.0419921875 0.05011135857461024
0 0.607421875 0.3485523385300668 0.05078125 0.07349665924276169
0 0.59814453125 0.21547884187082406 0.0400390625 0.05456570155902004
0 0.5087890625 0.1898663697104677 0.037109375 0.04788418708240534
0 0.548828125 0.14810690423162584 0.029296875 0.04008908685968819
0 0.59814453125 0.14420935412026725 0.0341796875 0.043429844097995544
0 0.67333984375 0.18040089086859687 0.0400390625 0.06681514476614699
0 0.66845703125 0.10634743875278396 0.0224609375 0.03897550111358575
0 0.6328125 0.1052338530066815 0.03125 0.036748329621380846
0 0.5712890625 0.08574610244988863 0.02734375 0.03340757238307349
0 0.53662109375 0.10077951002227171 0.0263671875 0.03897550111358575
0 0.498046875 0.11636971046770601 0.021484375 0.030066815144766147
0 0.47314453125 0.0896436525612472 0.0205078125 0.030066815144766147
0 0.44677734375 0.09020044543429843 0.0283203125 0.035634743875278395
0 0.435546875 0.14198218262806236 0.0234375 0.034521158129175944
0 0.38671875 0.1252783964365256 0.021484375 0.03229398663697104
0 0.4013671875 0.08908685968819599 0.015625 0.028953229398663696
0 0.3583984375 0.08073496659242761 0.0234375 0.023385300668151445
0 0.439453125 0.05456570155902004 0.021484375 0.017817371937639197
0 0.51171875 0.03619153674832962 0.013671875 0.01893095768374165
0 0.634765625 0.04064587973273942 0.01171875 0.012249443207126948
0 0.6591796875 0.06959910913140312 0.0234375 0.01893095768374165
0 0.71533203125 0.06347438752783964 0.0185546875 0.031180400890868595
0 0.69384765625 0.044543429844097995 0.0185546875 0.015590200445434297
0 0.81201171875 0.04844097995545657 0.0146484375 0.021158129175946547
0 0.83984375 0.04955456570155902 0.01953125 0.027839643652561245
0 0.8671875 0.07349665924276169 0.021484375 0.04008908685968819
0 0.90283203125 0.11358574610244988 0.0322265625 0.044543429844097995
0 0.8291015625 0.1948775055679287 0.048828125 0.05345211581291759
0 0.7490234375 0.19599109131403117 0.04296875 0.05567928730512249
0 0.75927734375 0.11636971046770601 0.0380859375 0.052338530066815145
0 0.7158203125 0.12138084632516703 0.03125 0.042316258351893093
0 0.6015625 0.04510022271714922 0.009765625 0.014476614699331848
0 0.7333984375 0.29342984409799555 0.041015625 0.05679287305122494
0 0.76953125 0.30957683741648107 0.033203125 0.07349665924276169
0 0.77978515625 0.40033407572383073 0.0654296875 0.09465478841870824
0 0.91455078125 0.4626948775055679 0.0693359375 0.12138084632516703
0 0.94384765625 0.23775055679287305 0.0517578125 0.045657015590200446
0 0.96435546875 0.07739420935412027 0.0302734375 0.04120267260579064
0 0.94921875 0.043429844097995544 0.029296875 0.042316258351893093
0 0.98486328125 0.04788418708240534 0.0205078125 0.031180400890868595
0 0.9365234375 0.060133630289532294 0.025390625 0.031180400890868595
0 0.89501953125 0.03340757238307349 0.0205078125 0.028953229398663696
0 0.921875 0.028953229398663696 0.025390625 0.020044543429844096
0 0.77490234375 0.031180400890868595 0.0205078125 0.024498886414253896
0 0.537109375 0.03396436525612472 0.01953125 0.023385300668151445
0 0.1875 0.05623608017817372 0.0078125 0.014476614699331848
0 0.205078125 0.02728285077951002 0.0078125 0.016703786191536747
0 0.28515625 0.02505567928730512 0.015625 0.014476614699331848
0 0.92822265625 0.36971046770601335 0.0673828125 0.0757238307349666
0 0.810546875 0.7010022271714922 0.115234375 0.15478841870824053
0 0.669921875 0.744988864142539 0.03125 0.06458797327394208
0 0.501953125 0.7839643652561247 0.0390625 0.08908685968819599
0 0.50244140625 0.7232739420935411 0.0361328125 0.07238307349665923
0 0.8037109375 0.017260579064587972 0.017578125 0.01893095768374165
0 0.66845703125 0.021158129175946547 0.0205078125 0.026726057906458794
0 0.6103515625 0.01893095768374165 0.01953125 0.022271714922048998
0 0.59375 0.015033407572383074 0.01171875 0.01893095768374165
0 0.396484375 0.006681514476614699 0.01171875 0.011135857461024499
0 0.873046875 0.009465478841870824 0.015625 0.01893095768374165
0 0.83251953125 0.013919821826280623 0.0166015625 0.021158129175946547
0 0.779296875 0.06848552338530066 0.017578125 0.03229398663697104
