0 0.00244140625 0.7728494623655915 0.0048828125 0.024193548387096777
0 0.017578125 0.7849462365591399 0.0078125 0.021505376344086023
0 0.04248046875 0.7862903225806452 0.0087890625 0.024193548387096777
0 0.0703125 0.7836021505376345 0.0078125 0.024193548387096777
0 0.08740234375 0.7473118279569894 0.0068359375 0.021505376344086023
0 0.09228515625 0.7916666666666667 0.0087890625 0.02956989247311828
0 0.12939453125 0.7715053763440861 0.0107421875 0.03763440860215054
0 0.03271484375 0.9543010752688172 0.0341796875 0.0913978494623656
0 0.03125 0.8293010752688172 0.01171875 0.040322580645161296
0 0.0419921875 0.8521505376344086 0.01953125 0.05376344086021506
0 0.06640625 0.8642473118279571 0.015625 0.0456989247311828
0 0.11181640625 0.8387096774193549 0.0146484375 0.043010752688172046
0 0.13037109375 0.9059139784946237 0.0205078125 0.06451612903225806
0 0.13671875 0.8360215053763441 0.009765625 0.03763440860215054
0 0.14111328125 0.8870967741935485 0.0146484375 0.05376344086021506
0 0.16015625 0.842741935483871 0.01171875 0.040322580645161296
0 0.17724609375 0.9717741935483871 0.0205078125 0.05645161290322581
0 0.1787109375 0.7956989247311829 0.009765625 0.03225806451612903
0 0.19775390625 0.8118279569892474 0.0126953125 0.03763440860215054
0 0.21044921875 0.8225806451612904 0.0126953125 0.03763440860215054
0 0.20361328125 0.8790322580645162 0.0107421875 0.043010752688172046
0 0.21728515625 0.8830645161290324 0.0205078125 0.06720430107526883
0 0.2685546875 0.9784946236559141 0.03515625 0.043010752688172046
0 0.25048828125 0.8669354838709679 0.0205078125 0.07258064516129033
0 0.28857421875 0.8293010752688172 0.0126953125 0.03494623655913979
0 0.34912109375 0.9784946236559141 0.0341796875 0.043010752688172046
0 0.35888671875 0.89247311827957 0.0126953125 0.043010752688172046
0 0.298828125 0.778225806451613 0.005859375 0.024193548387096777
0 0.26904296875 0.7688172043010754 0.0087890625 0.03763440860215054
0 0.34033203125 0.8360215053763441 0.0107421875 0.03225806451612903
0 0.353515625 0.8091397849462366 0.009765625 0.02688172043010753
0 0.3642578125 0.8293010752688172 0.0078125 0.02956989247311828
0 0.35302734375 0.8400537634408602 0.0126953125 0.03494623655913979
0 0.3662109375 0.89247311827957 0.009765625 0.03225806451612903
0 0.40283203125 0.7983870967741936 0.0087890625 0.02688172043010753
0 0.41162109375 0.9327956989247312 0.0185546875 0.06989247311827958
0 0.41845703125 0.8548387096774194 0.0107421875 0.043010752688172046
0 0.4326171875 0.8387096774193549 0.009765625 0.03763440860215054
0 0.458984375 0.831989247311828 0.013671875 0.0456989247311828
0 0.46630859375 0.9556451612903226 0.0224609375 0.07258064516129033
0 0.4814453125 0.8346774193548387 0.009765625 0.03494623655913979
0 0.4853515625 0.9099462365591399 0.017578125 0.06720430107526883
0 0.4951171875 0.8131720430107527 0.009765625 0.02956989247311828
0 0.509765625 0.8696236559139786 0.01171875 0.051075268817204304
0 0.52099609375 0.8239247311827957 0.0087890625 0.02956989247311828
0 0.5693359375 0.8508064516129032 0.01171875 0.040322580645161296
0 0.57568359375 0.9099462365591399 0.0185546875 0.05645161290322581
0 0.54150390625 0.9758064516129034 0.0244140625 0.048387096774193554
0 0.54541015625 0.8024193548387097 0.0068359375 0.024193548387096777
0 0.61376953125 0.9543010752688172 0.0185546875 0.06989247311827958
0 0.650390625 0.8857526881720431 0.013671875 0.06720430107526883
0 0.62255859375 0.8508064516129032 0.0087890625 0.02956989247311828
0 0.6611328125 0.8655913978494625 0.013671875 0.05376344086021506
0 0.6884765625 0.8454301075268817 0.009765625 0.03494623655913979
0 0.673828125 0.8198924731182796 0.005859375 0.016129032258064516
0 0.72509765625 0.9758064516129034 0.0380859375 0.048387096774193554
0 0.75439453125 0.946236559139785 0.0166015625 0.06451612903225806
0 0.77294921875 0.9059139784946237 0.0146484375 0.043010752688172046
0 0.74853515625 0.8911290322580646 0.0087890625 0.02956989247311828
0 0.79541015625 0.9704301075268817 0.0205078125 0.05913978494623656
0 0.83349609375 0.9059139784946237 0.0166015625 0.06451612903225806
0 0.77978515625 0.7956989247311829 0.0048828125 0.016129032258064516
0 0.82568359375 0.8145161290322581 0.0048828125 0.016129032258064516
0 0.84375 0.8333333333333334 0.005859375 0.016129032258064516
0 0.87158203125 0.8803763440860216 0.0068359375 0.024193548387096777
0 0.88037109375 0.8790322580645162 0.0048828125 0.021505376344086023
0 0.87744140625 0.853494623655914 0.0068359375 0.024193548387096777
0 0.90283203125 0.8481182795698925 0.0087890625 0.02956989247311828
0 0.9375 0.8615591397849464 0.0078125 0.02956989247311828
0 0.9296875 0.946236559139785 0.02734375 0.08064516129032259
0 0.9619140625 0.9556451612903226 0.017578125 0.051075268817204304
0 0.95947265625 0.8776881720430109 0.0107421875 0.02956989247311828
0 0.96240234375 0.8440860215053764 0.0107421875 0.021505376344086023
0 0.7333984375 0.8252688172043011 0.005859375 0.021505376344086023
0 0.97900390625 0.8306451612903226 0.0068359375 0.021505376344086023
0 0.9921875 0.8508064516129032 0.009765625 0.02956989247311828
0 0.99267578125 0.8844086021505377 0.0107421875 0.03225806451612903
