0 0.08935546875 0.38746630727762804 0.0185546875 0.03369272237196766
0 0.08154296875 0.38207547169811323 0.0185546875 0.03908355795148248
0 0.0263671875 0.4117250673854448 0.01953125 0.03638814016172507
0 0.01611328125 0.3928571428571429 0.0126953125 0.020215633423180595
0 0.048828125 0.3726415094339623 0.00390625 0.009433962264150945
0 0.15087890625 0.3584905660377359 0.0302734375 0.04851752021563342
0 0.1953125 0.3173854447439353 0.0390625 0.06064690026954178
0 0.13427734375 0.3591644204851752 0.0205078125 0.03908355795148248
0 0.26220703125 0.25471698113207547 0.0166015625 0.03234501347708895
0 0.27978515625 0.23921832884097036 0.0166015625 0.03369272237196766
0 0.32861328125 0.26819407008086255 0.0458984375 0.07547169811320756
0 0.3828125 0.24258760107816713 0.0078125 0.026954177897574125
0 0.4296875 0.2432614555256065 0.0078125 0.02560646900269542
0 0.45654296875 0.25539083557951486 0.0068359375 0.01752021563342318
0 0.474609375 0.2526954177897574 0.0078125 0.01752021563342318
0 0.4970703125 0.23382749326145555 0.009765625 0.01752021563342318
0 0.46484375 0.2459568733153639 0.005859375 0.012129380053908356
0 0.509765625 0.30997304582210244 0.013671875 0.01886792452830189
0 0.51513671875 0.3470350404312669 0.0224609375 0.03369272237196766
0 0.5458984375 0.2055256064690027 0.009765625 0.01482479784366577
0 0.51513671875 0.24123989218328842 0.0068359375 0.01078167115902965
0 0.5595703125 0.20956873315363883 0.009765625 0.020215633423180595
0 0.58544921875 0.16913746630727763 0.0537109375 0.0876010781671159
0 0.630859375 0.21495956873315364 0.005859375 0.009433962264150945
0 0.67724609375 0.21226415094339623 0.0048828125 0.012129380053908356
0 0.68359375 0.21091644204851753 0.00390625 0.009433962264150945
0 0.69189453125 0.2129380053908356 0.0068359375 0.013477088948787063
0 0.73095703125 0.20956873315363883 0.0087890625 0.012129380053908356
0 0.74755859375 0.19541778975741242 0.0068359375 0.013477088948787063
0 0.74609375 0.3807277628032345 0.0234375 0.03369272237196766
0 0.84423828125 0.29245283018867924 0.0419921875 0.05929919137466308
0 0.7734375 0.181266846361186 0.00390625 0.009433962264150945
0 0.7841796875 0.17924528301886794 0.0078125 0.013477088948787063
0 0.818359375 0.1839622641509434 0.005859375 0.009433962264150945
0 0.810546875 0.20350404312668466 0.0078125 0.013477088948787063
0 0.82421875 0.17587601078167117 0.00390625 0.009433962264150945
0 0.83154296875 0.1738544474393531 0.0048828125 0.01078167115902965
0 0.86083984375 0.15768194070080863 0.0048828125 0.01078167115902965
0 0.87548828125 0.15161725067385445 0.0068359375 0.01482479784366577
0 0.8896484375 0.15633423180592992 0.0078125 0.01886792452830189
0 0.90869140625 0.14016172506738545 0.0048828125 0.013477088948787063
0 0.921875 0.13477088948787064 0.013671875 0.0215633423180593
0 0.94921875 0.12601078167115903 0.0078125 0.01482479784366577
0 0.974609375 0.10579514824797845 0.009765625 0.020215633423180595
0 0.99462890625 0.09770889487870621 0.0087890625 0.01482479784366577
0 0.9794921875 0.11388140161725067 0.005859375 0.009433962264150945
0 0.990234375 0.18598382749326148 0.0078125 0.013477088948787063
0 0.9814453125 0.19474393530997305 0.0078125 0.012129380053908356
0 0.39697265625 0.2648247978436658 0.0087890625 0.01752021563342318
0 0.98876953125 0.1408355795148248 0.0068359375 0.01752021563342318
0 0.7548828125 0.20485175202156336 0.005859375 0.01078167115902965
0 0.70556640625 0.2014824797843666 0.0068359375 0.009433962264150945
0 0.8076171875 0.17587601078167117 0.0078125 0.012129380053908356
0 0.962890625 0.37735849056603776 0.021484375 0.026954177897574125
