0 0.982421875 0.6603535353535354 0.013671875 0.020202020202020204
0 0.94970703125 0.6294191919191919 0.0185546875 0.026515151515151516
0 0.93701171875 0.5965909090909092 0.0126953125 0.026515151515151516
0 0.73974609375 0.5820707070707071 0.0126953125 0.022727272727272728
0 0.7060546875 0.5776515151515152 0.013671875 0.026515151515151516
0 0.7001953125 0.4608585858585859 0.015625 0.025252525252525256
0 0.92919921875 0.3970959595959596 0.0146484375 0.021464646464646468
0 0.9169921875 0.47601010101010105 0.013671875 0.02777777777777778
0 0.6484375 0.5795454545454546 0.01171875 0.022727272727272728
0 0.7978515625 0.44002525252525254 0.013671875 0.029040404040404044
0 0.8896484375 0.4368686868686869 0.01171875 0.020202020202020204
0 0.37841796875 0.5820707070707071 0.0107421875 0.020202020202020204
0 0.37548828125 0.6180555555555556 0.0126953125 0.02398989898989899
0 0.25439453125 0.5776515151515152 0.0126953125 0.021464646464646468
0 0.23828125 0.6035353535353536 0.01171875 0.01767676767676768
0 0.0810546875 0.446969696969697 0.03125 0.045454545454545456
