0 0.03662109375 0.24263261296660116 0.0263671875 0.05697445972495088
0 0.154296875 0.20235756385068762 0.03125 0.08251473477406679
0 0.1748046875 0.16502946954813358 0.029296875 0.08644400785854617
0 0.94775390625 0.3772102161100196 0.0146484375 0.03143418467583497
0 0.982421875 0.2799607072691552 0.01171875 0.029469548133595282
0 0.9873046875 0.3320235756385069 0.01171875 0.03143418467583497
0 0.9833984375 0.3673870333988212 0.01171875 0.03143418467583497
0 0.3046875 0.1817288801571709 0.02734375 0.060903732809430254
0 0.37744140625 0.21218074656188604 0.0302734375 0.08251473477406679
0 0.427734375 0.19646365422396855 0.025390625 0.07858546168958742
0 0.4521484375 0.22298624754420432 0.021484375 0.060903732809430254
0 0.548828125 0.21512770137524556 0.03125 0.08840864440078584
0 0.57177734375 0.24066797642436147 0.0185546875 0.05304518664047151
0 0.59521484375 0.21316306483300587 0.0244140625 0.07269155206286837
0 0.625 0.24950884086444006 0.025390625 0.07465618860510805
0 0.75927734375 0.1286836935166994 0.0263671875 0.0805500982318271
0 0.7412109375 0.21021611001964635 0.025390625 0.08251473477406679
0 0.81201171875 0.22691552062868367 0.0322265625 0.08840864440078584
0 0.86572265625 0.3703339882121807 0.0107421875 0.02554027504911591
0 0.90380859375 0.3467583497053045 0.0107421875 0.02554027504911591
0 0.91162109375 0.38015717092337914 0.0126953125 0.02554027504911591
0 0.92578125 0.280943025540275 0.01171875 0.023575638506876224
0 0.94091796875 0.33005893909626716 0.0107421875 0.027504911591355596
0 0.93212890625 0.3673870333988212 0.0107421875 0.023575638506876224
