0 0.1328125 0.28360215053763443 0.017578125 0.02688172043010753
0 0.15869140625 0.2862903225806452 0.0185546875 0.02956989247311828
0 0.19140625 0.2970430107526882 0.017578125 0.03494623655913979
0 0.2568359375 0.24798387096774197 0.021484375 0.038978494623655914
0 0.28271484375 0.2788978494623656 0.0244140625 0.04166666666666667
0 0.333984375 0.23723118279569894 0.03125 0.05510752688172044
0 0.40185546875 0.2627688172043011 0.0322265625 0.06048387096774194
0 0.4931640625 0.26075268817204306 0.0390625 0.07526881720430108
0 0.36962890625 0.280241935483871 0.0126953125 0.017473118279569894
0 0.419921875 0.25806451612903225 0.01171875 0.02688172043010753
0 0.529296875 0.28696236559139787 0.0078125 0.017473118279569894
0 0.5732421875 0.2634408602150538 0.025390625 0.03494623655913979
0 0.59033203125 0.2735215053763441 0.0107421875 0.020161290322580648
0 0.6396484375 0.21908602150537637 0.029296875 0.03763440860215054
0 0.73291015625 0.22043010752688175 0.0478515625 0.08870967741935484
0 0.8271484375 0.1888440860215054 0.03125 0.05779569892473119
0 0.90283203125 0.22043010752688175 0.0244140625 0.043010752688172046
0 0.990234375 0.2002688172043011 0.01953125 0.0456989247311828
0 0.03515625 0.3004032258064516 0.00390625 0.009408602150537635
0 0.044921875 0.3024193548387097 0.005859375 0.010752688172043012
