0 0.6669921875 0.21677215189873417 0.037109375 0.06962025316455696
0 0.81982421875 0.21835443037974683 0.0341796875 0.056962025316455694
0 0.84375 0.22784810126582278 0.01953125 0.04113924050632911
0 0.16552734375 0.18670886075949367 0.0283203125 0.06645569620253164
0 0.27392578125 0.20806962025316456 0.0244140625 0.058544303797468354
0 0.34130859375 0.17167721518987342 0.0283203125 0.058544303797468354
0 0.48828125 0.2666139240506329 0.041015625 0.08386075949367089
0 0.416015625 0.20806962025316456 0.0234375 0.05221518987341772
0 0.005859375 0.2310126582278481 0.01171875 0.04746835443037974
0 0.951171875 0.19382911392405064 0.01171875 0.01740506329113924
0 0.931640625 0.12420886075949367 0.005859375 0.014240506329113924
0 0.73046875 0.11629746835443038 0.0078125 0.01740506329113924
0 0.5654296875 0.09731012658227849 0.0078125 0.01740506329113924
0 0.16552734375 0.0625 0.0087890625 0.01740506329113924
