0 0.0185546875 0.3191489361702128 0.021484375 0.03404255319148936
0 0.0595703125 0.25106382978723407 0.029296875 0.056737588652482275
0 0.13916015625 0.3198581560283688 0.0205078125 0.03829787234042553
0 0.19384765625 0.36099290780141846 0.0126953125 0.029787234042553193
0 0.26611328125 0.22553191489361704 0.0283203125 0.05106382978723405
0 0.42724609375 0.2765957446808511 0.0263671875 0.04539007092198582
0 0.4912109375 0.22340425531914895 0.033203125 0.05815602836879433
0 0.61328125 0.29503546099290784 0.0234375 0.04539007092198582
0 0.69921875 0.2730496453900709 0.021484375 0.04397163120567376
0 0.7841796875 0.2539007092198582 0.0390625 0.07659574468085106
0 0.83544921875 0.24609929078014187 0.0263671875 0.052482269503546106
