0 0.04345703125 0.660844250363901 0.0283203125 0.06404657933042213
0 0.02978515625 0.44614264919941776 0.0126953125 0.024745269286754003
0 0.00634765625 0.48762736535662304 0.0087890625 0.020378457059679767
0 0.0400390625 0.5029112081513828 0.013671875 0.024745269286754003
0 0.06494140625 0.5029112081513828 0.0146484375 0.027656477438136828
0 0.025390625 0.5524017467248908 0.02734375 0.05094614264919942
0 0.00927734375 0.5953420669577875 0.0185546875 0.04366812227074236
0 0.0390625 0.6091703056768559 0.037109375 0.056768558951965066
0 0.00634765625 0.7161572052401747 0.0126953125 0.09315866084425037
0 0.0654296875 0.5465793304221253 0.009765625 0.024745269286754003
0 0.0791015625 0.5553129548762736 0.013671875 0.030567685589519653
0 0.0888671875 0.5582241630276565 0.025390625 0.039301310043668124
0 0.1298828125 0.507278020378457 0.01171875 0.018922852983988356
0 0.177734375 0.5007278020378457 0.015625 0.03202328966521106
0 0.166015625 0.517467248908297 0.013671875 0.027656477438136828
0 0.1630859375 0.5465793304221253 0.015625 0.027656477438136828
0 0.14013671875 0.5822416302765648 0.0302734375 0.055312954876273655
0 0.162109375 0.62372634643377 0.033203125 0.056768558951965066
0 0.10791015625 0.7045123726346434 0.0556640625 0.07569141193595343
0 0.07763671875 0.7205240174672489 0.0244140625 0.040756914119359534
0 0.16943359375 0.7430858806404659 0.0517578125 0.08588064046579331
0 0.03125 0.8442503639010189 0.0625 0.07569141193595343
0 0.0439453125 0.7998544395924309 0.056640625 0.08588064046579331
0 0.12939453125 0.9279475982532751 0.0732421875 0.14410480349344978
0 0.26953125 0.8842794759825328 0.05078125 0.08296943231441048
0 0.2314453125 0.6280931586608443 0.0234375 0.048034934497816595
0 0.28125 0.5640465793304221 0.0234375 0.039301310043668124
0 0.1904296875 0.5393013100436681 0.017578125 0.030567685589519653
0 0.2138671875 0.46724890829694327 0.015625 0.026200873362445417
0 0.2197265625 0.5291120815138283 0.01171875 0.02183406113537118
0 0.248046875 0.4832605531295488 0.01171875 0.020378457059679767
0 0.234375 0.49199417758369723 0.01171875 0.020378457059679767
0 0.24560546875 0.512372634643377 0.0107421875 0.023289665211062592
0 0.25732421875 0.49126637554585156 0.0087890625 0.01601164483260553
0 0.21630859375 0.5574963609898108 0.0166015625 0.023289665211062592
0 0.244140625 0.5516739446870451 0.01953125 0.034934497816593885
0 0.22265625 0.6280931586608443 0.021484375 0.04512372634643377
0 0.25830078125 0.5291120815138283 0.0126953125 0.030567685589519653
0 0.248046875 0.45342066957787486 0.009765625 0.010189228529839884
0 0.27783203125 0.47525473071324603 0.0126953125 0.02183406113537118
0 0.31787109375 0.48253275109170307 0.0126953125 0.024745269286754003
0 0.28759765625 0.49781659388646293 0.0107421875 0.017467248908296942
0 0.291015625 0.5327510917030568 0.013671875 0.026200873362445417
0 0.30322265625 0.5327510917030568 0.0224609375 0.03784570596797671
0 0.3193359375 0.5720524017467249 0.01953125 0.03784570596797671
0 0.32373046875 0.6215429403202329 0.0361328125 0.06986899563318777
0 0.29736328125 0.6513828238719068 0.0224609375 0.04512372634643377
0 0.3173828125 0.5312954876273653 0.013671875 0.029112081513828242
0 0.34033203125 0.5567685589519651 0.0244140625 0.039301310043668124
0 0.34912109375 0.524745269286754 0.0126953125 0.024745269286754003
0 0.37060546875 0.4868995633187773 0.0166015625 0.033478893740902474
0 0.404296875 0.4970887918486172 0.02734375 0.05094614264919942
0 0.423828125 0.4585152838427948 0.01171875 0.023289665211062592
0 0.3359375 0.715429403202329 0.046875 0.09461426491994178
0 0.38134765625 0.703056768558952 0.0439453125 0.10189228529839885
0 0.45068359375 0.5625909752547308 0.0322265625 0.05094614264919942
0 0.45556640625 0.6084425036390102 0.0302734375 0.06404657933042213
0 0.47216796875 0.8231441048034935 0.0634765625 0.12372634643377002
0 0.53125 0.6550218340611355 0.01953125 0.04366812227074236
0 0.5556640625 0.6513828238719068 0.03515625 0.06841339155749636
0 0.568359375 0.6601164483260553 0.037109375 0.07423580786026202
0 0.6171875 0.759825327510917 0.046875 0.09898107714701601
0 0.68017578125 0.9403202328966521 0.0654296875 0.11935953420669579
0 0.43994140625 0.5181950509461427 0.0146484375 0.020378457059679767
0 0.46435546875 0.524745269286754 0.0166015625 0.033478893740902474
0 0.4560546875 0.4934497816593887 0.009765625 0.017467248908296942
0 0.45458984375 0.4716157205240175 0.0107421875 0.017467248908296942
0 0.46923828125 0.4490538573508006 0.0107421875 0.02183406113537118
0 0.47705078125 0.47016011644832606 0.0185546875 0.034934497816593885
0 0.49658203125 0.4832605531295488 0.0126953125 0.029112081513828242
0 0.498046875 0.5167394468704513 0.015625 0.029112081513828242
0 0.4970703125 0.5385735080058225 0.015625 0.029112081513828242
0 0.50927734375 0.5625909752547308 0.0224609375 0.042212518195050945
0 0.51806640625 0.5065502183406114 0.0166015625 0.029112081513828242
0 0.517578125 0.5240174672489083 0.013671875 0.026200873362445417
0 0.53076171875 0.5480349344978166 0.0244140625 0.042212518195050945
0 0.525390625 0.450509461426492 0.01171875 0.01601164483260553
0 0.5283203125 0.4759825327510917 0.01171875 0.017467248908296942
0 0.56591796875 0.4606986899563319 0.0107421875 0.02183406113537118
0 0.57568359375 0.4730713245997089 0.0126953125 0.023289665211062592
0 0.56103515625 0.4949053857350801 0.0146484375 0.029112081513828242
0 0.56982421875 0.507278020378457 0.0166015625 0.030567685589519653
0 0.58154296875 0.5240174672489083 0.0224609375 0.04366812227074236
0 0.62451171875 0.5509461426491994 0.0224609375 0.04512372634643377
0 0.658203125 0.5975254730713246 0.03125 0.053857350800582245
0 0.66796875 0.549490538573508 0.025390625 0.048034934497816595
0 0.7138671875 0.6259097525473072 0.033203125 0.061135371179039305
0 0.73876953125 0.5385735080058225 0.0224609375 0.04366812227074236
0 0.62109375 0.507278020378457 0.0234375 0.042212518195050945
0 0.6240234375 0.46579330422125187 0.015625 0.026200873362445417
0 0.65283203125 0.46870451237263466 0.0146484375 0.023289665211062592
0 0.6923828125 0.4352256186317322 0.01171875 0.026200873362445417
0 0.69873046875 0.4592430858806405 0.0126953125 0.030567685589519653
0 0.73583984375 0.4781659388646288 0.0205078125 0.039301310043668124
0 0.7353515625 0.7489082969432315 0.0546875 0.10334788937409026
0 0.82861328125 0.7962154294032023 0.0576171875 0.11935953420669579
0 0.90380859375 0.9213973799126638 0.1103515625 0.15138282387190685
0 0.77783203125 0.641193595342067 0.0341796875 0.06841339155749636
0 0.9794921875 0.7285298398835517 0.041015625 0.10334788937409026
0 0.974609375 0.6550218340611355 0.041015625 0.08151382823871907
0 0.89599609375 0.5756914119359534 0.0263671875 0.053857350800582245
0 0.93212890625 0.6295487627365357 0.0419921875 0.0713245997088792
0 0.91259765625 0.6157205240174672 0.0322265625 0.06695778748180495
0 0.7255859375 0.4497816593886463 0.015625 0.026200873362445417
0 0.73193359375 0.4104803493449782 0.0126953125 0.026200873362445417
0 0.79541015625 0.3973799126637555 0.0126953125 0.023289665211062592
0 0.7734375 0.45487627365356625 0.01171875 0.02183406113537118
0 0.78173828125 0.4759825327510917 0.0146484375 0.03202328966521106
0 0.79248046875 0.47889374090247455 0.0126953125 0.029112081513828242
0 0.8095703125 0.4883551673944687 0.021484375 0.033478893740902474
0 0.76513671875 0.542212518195051 0.0244140625 0.039301310043668124
0 0.77734375 0.519650655021834 0.021484375 0.034934497816593885
0 0.7978515625 0.5356622998544396 0.01953125 0.034934497816593885
0 0.8525390625 0.5800582241630277 0.025390625 0.059679767103347894
0 0.8447265625 0.4970887918486172 0.021484375 0.042212518195050945
0 0.85693359375 0.5160116448326055 0.0205078125 0.039301310043668124
0 0.8857421875 0.5276564774381368 0.0234375 0.0363901018922853
0 0.9501953125 0.5283842794759825 0.02734375 0.04366812227074236
0 0.98828125 0.5567685589519651 0.0234375 0.053857350800582245
0 0.8935546875 0.46360989810771475 0.013671875 0.024745269286754003
0 0.8994140625 0.4934497816593887 0.015625 0.029112081513828242
0 0.8935546875 0.4024745269286754 0.0078125 0.01601164483260553
0 0.90380859375 0.41339155749636103 0.0107421875 0.020378457059679767
0 0.9189453125 0.40684133915574966 0.015625 0.024745269286754003
0 0.91455078125 0.4359534206695779 0.0126953125 0.024745269286754003
0 0.92138671875 0.45487627365356625 0.0224609375 0.042212518195050945
0 0.94970703125 0.4454148471615721 0.0126953125 0.029112081513828242
0 0.99365234375 0.4854439592430859 0.0126953125 0.039301310043668124
0 0.9794921875 0.4708879184861718 0.01953125 0.033478893740902474
0 0.9619140625 0.44323144104803497 0.015625 0.027656477438136828
0 0.96826171875 0.4243085880640466 0.0146484375 0.02183406113537118
0 0.8564453125 0.401018922852984 0.0078125 0.013100436681222708
0 0.8388671875 0.41848617176128095 0.0078125 0.013100436681222708
0 0.99609375 0.40538573508005826 0.0078125 0.018922852983988356
0 0.97412109375 0.4112081513828239 0.0126953125 0.01601164483260553
0 0.20263671875 0.4868995633187773 0.0126953125 0.024745269286754003
0 0.5517578125 0.462882096069869 0.01171875 0.026200873362445417
0 0.6552734375 0.4592430858806405 0.013671875 0.030567685589519653
0 0.6962890625 0.40538573508005826 0.009765625 0.018922852983988356
0 0.8505859375 0.4264919941775837 0.015625 0.026200873362445417
0 0.375 0.462882096069869 0.013671875 0.023289665211062592
