0 0.20556640625 0.39986737400530503 0.0126953125 0.014588859416445622
0 0.2236328125 0.41909814323607425 0.01171875 0.01856763925729443
0 0.265625 0.4084880636604774 0.01171875 0.021220159151193633
0 0.333984375 0.4323607427055703 0.009765625 0.015915119363395226
0 0.3876953125 0.4535809018567639 0.005859375 0.010610079575596816
0 0.40771484375 0.4568965517241379 0.0126953125 0.01989389920424403
0 0.4091796875 0.42175066312997345 0.009765625 0.01326259946949602
0 0.47216796875 0.41445623342175064 0.0146484375 0.027851458885941642
0 0.537109375 0.45557029177718833 0.009765625 0.01989389920424403
0 0.60888671875 0.4622015915119363 0.0166015625 0.022546419098143235
0 0.6533203125 0.4429708222811671 0.0078125 0.01326259946949602
0 0.7080078125 0.46551724137931033 0.01171875 0.015915119363395226
0 0.6953125 0.4297082228116711 0.005859375 0.007957559681697613
0 0.71337890625 0.42572944297082227 0.0048828125 0.007957559681697613
0 0.75732421875 0.4535809018567639 0.0087890625 0.01856763925729443
0 0.81689453125 0.4403183023872679 0.0107421875 0.015915119363395226
0 0.5419921875 0.4250663129973475 0.00390625 0.00663129973474801
0 0.19287109375 0.41710875331564984 0.0087890625 0.011936339522546418
