0 0.28466796875 0.7739916550764951 0.0693359375 0.1349095966620306
0 0.87109375 0.5632823365785813 0.0703125 0.10292072322670374
0 0.96240234375 0.4888734353268428 0.0205078125 0.03477051460361613
0 0.9306640625 0.46244784422809454 0.013671875 0.02920723226703755
0 0.916015625 0.4561891515994437 0.009765625 0.019471488178025034
0 0.88330078125 0.44089012517385257 0.0146484375 0.019471488178025034
0 0.8310546875 0.4422809457579972 0.01171875 0.016689847009735744
0 0.837890625 0.46244784422809454 0.009765625 0.018080667593880387
0 0.81640625 0.45271210013908203 0.009765625 0.018080667593880387
0 0.7861328125 0.4638386648122392 0.0078125 0.015299026425591097
0 0.79638671875 0.4429763560500695 0.0146484375 0.02364394993045897
0 0.806640625 0.43810848400556324 0.01171875 0.030598052851182195
0 0.751953125 0.454798331015299 0.01171875 0.025034770514603615
0 0.7236328125 0.4478442280945758 0.021484375 0.036161335187760775
0 0.70166015625 0.4520166898470097 0.0126953125 0.025034770514603615
0 0.57568359375 0.454798331015299 0.0322265625 0.04450625869262865
0 0.74609375 0.4026425591098748 0.01171875 0.020862308762169678
0 0.78125 0.44019471488178025 0.009765625 0.02364394993045897
0 0.51806640625 0.4228094575799722 0.0205078125 0.041724617524339355
0 0.0380859375 0.40751043115438107 0.03515625 0.08066759388038942
0 0.08935546875 0.5695410292072323 0.0439453125 0.07649513212795549
0 0.34423828125 0.49026425591098743 0.0224609375 0.05146036161335187
0 0.1572265625 0.3136300417246175 0.0078125 0.015299026425591097
0 0.42626953125 0.4478442280945758 0.0185546875 0.036161335187760775
0 0.32373046875 0.4805285118219749 0.0244140625 0.04589707927677329
0 0.26123046875 0.5938803894297635 0.0361328125 0.041724617524339355
0 0.1220703125 0.5556328233657858 0.0546875 0.08484005563282336
0 0.17138671875 0.46801112656467314 0.0341796875 0.048678720445062586
