0 0.04248046875 0.5455729166666666 0.0283203125 0.046875
0 0.2646484375 0.505859375 0.03125 0.05078125
0 0.33642578125 0.50390625 0.0185546875 0.028645833333333332
0 0.13037109375 0.4993489583333333 0.0126953125 0.022135416666666664
0 0.09130859375 0.5260416666666666 0.0205078125 0.033854166666666664
0 0.23779296875 0.5032552083333333 0.0205078125 0.03255208333333333
0 0.298828125 0.359375 0.009765625 0.013020833333333332
0 0.546875 0.4934895833333333 0.03515625 0.0546875
0 0.46728515625 0.48307291666666663 0.0263671875 0.04427083333333333
0 0.4482421875 0.46875 0.0234375 0.03645833333333333
0 0.3837890625 0.49088541666666663 0.015625 0.026041666666666664
0 0.623046875 0.5266927083333333 0.01953125 0.03515625
0 0.5810546875 0.494140625 0.015625 0.02734375
0 0.48876953125 0.49674479166666663 0.0146484375 0.022135416666666664
0 0.6689453125 0.478515625 0.01171875 0.01953125
0 0.60888671875 0.48893229166666663 0.0107421875 0.016927083333333332
0 0.720703125 0.462890625 0.017578125 0.02734375
0 0.791015625 0.4759114583333333 0.015625 0.022135416666666664
0 0.763671875 0.4778645833333333 0.01171875 0.018229166666666664
0 0.853515625 0.38736979166666663 0.04296875 0.06901041666666666
0 0.64990234375 0.5130208333333333 0.0166015625 0.0234375
0 0.96484375 0.4700520833333333 0.044921875 0.057291666666666664
