0 0.0576171875 0.20731707317073172 0.0234375 0.04878048780487805
0 0.13671875 0.26626016260162605 0.025390625 0.04878048780487805
0 0.2783203125 0.22256097560975613 0.021484375 0.042682926829268296
0 0.30615234375 0.22256097560975613 0.0263671875 0.05081300813008131
0 0.392578125 0.22459349593495936 0.02734375 0.05894308943089432
0 0.44482421875 0.22154471544715448 0.0263671875 0.05691056910569106
0 0.50390625 0.18394308943089432 0.03125 0.06707317073170732
0 0.611328125 0.24288617886178865 0.017578125 0.042682926829268296
0 0.7255859375 0.21544715447154475 0.0234375 0.052845528455284556
0 0.8408203125 0.2286585365853659 0.0234375 0.05487804878048781
0 0.81396484375 0.26321138211382117 0.0224609375 0.05081300813008131
0 0.880859375 0.225609756097561 0.015625 0.03658536585365854
0 0.916015625 0.2489837398373984 0.01953125 0.042682926829268296
0 0.9453125 0.20325203252032523 0.017578125 0.03658536585365854
0 0.2001953125 0.23983739837398377 0.01953125 0.04471544715447155
