0 0.703125 0.45377604166666663 0.0703125 0.09505208333333333
0 0.54345703125 0.330078125 0.0693359375 0.11067708333333333
0 0.38671875 0.35026041666666663 0.05078125 0.09114583333333333
0 0.31298828125 0.265625 0.0361328125 0.0703125
0 0.78076171875 0.302734375 0.0185546875 0.053385416666666664
0 0.22607421875 0.38541666666666663 0.0224609375 0.0546875
0 0.2197265625 0.33203125 0.0234375 0.03125
0 0.04833984375 0.38736979166666663 0.0244140625 0.04817708333333333
0 0.005859375 0.34244791666666663 0.009765625 0.018229166666666664
0 0.06689453125 0.34440104166666663 0.0126953125 0.024739583333333332
0 0.087890625 0.34765625 0.005859375 0.010416666666666666
0 0.09228515625 0.35026041666666663 0.0048828125 0.010416666666666666
0 0.10693359375 0.3470052083333333 0.0107421875 0.014322916666666666
0 0.1171875 0.34440104166666663 0.005859375 0.014322916666666666
0 0.12890625 0.34244791666666663 0.0078125 0.018229166666666664
0 0.11474609375 0.443359375 0.0185546875 0.029947916666666664
0 0.14892578125 0.345703125 0.0068359375 0.01171875
