0 0.541015625 0.36930983847283405 0.009765625 0.02202643171806167
0 0.56884765625 0.3854625550660793 0.0166015625 0.03964757709251101
0 0.8212890625 0.3465491923641703 0.013671875 0.026431718061674006
0 0.72900390625 0.355359765051395 0.0166015625 0.02936857562408223
0 0.88330078125 0.3531571218795888 0.0087890625 0.01908957415565345
0 0.94873046875 0.3509544787077827 0.0087890625 0.017621145374449337
0 0.04052734375 0.3854625550660793 0.0146484375 0.02790014684287812
0 0.13134765625 0.38693098384728336 0.0185546875 0.033773861967694566
0 0.15380859375 0.3700440528634361 0.0146484375 0.026431718061674006
0 0.0712890625 0.37151248164464024 0.009765625 0.017621145374449337
0 0.10546875 0.36490455212922174 0.01171875 0.02202643171806167
0 0.177734375 0.36490455212922174 0.009765625 0.01908957415565345
0 0.02783203125 0.36049926578560937 0.0126953125 0.02202643171806167
0 0.05810546875 0.3883994126284875 0.0107421875 0.02202643171806167
0 0.2412109375 0.3751835535976505 0.015625 0.03083700440528634
0 0.2490234375 0.35462555066079293 0.009765625 0.01908957415565345
0 0.28076171875 0.355359765051395 0.0126953125 0.023494860499265784
0 0.33740234375 0.3436123348017621 0.0107421875 0.023494860499265784
0 0.35107421875 0.35609397944199705 0.0126953125 0.02790014684287812
0 0.453125 0.4096916299559471 0.02734375 0.04698972099853157
0 0.40576171875 0.37151248164464024 0.0126953125 0.023494860499265784
0 0.32373046875 0.39574155653450804 0.0341796875 0.06607929515418502
0 0.494140625 0.3399412628487518 0.01171875 0.02202643171806167
0 0.59228515625 0.3436123348017621 0.0107421875 0.017621145374449337
0 0.9853515625 0.33700440528634357 0.01953125 0.03964757709251101
