0 0.826171875 0.40510948905109484 0.021484375 0.03357664233576642
0 0.8408203125 0.3788321167883211 0.017578125 0.02773722627737226
0 0.87060546875 0.3766423357664233 0.0166015625 0.02335766423357664
0 0.91845703125 0.37445255474452555 0.0068359375 0.01313868613138686
0 0.79541015625 0.3875912408759124 0.0048828125 0.01313868613138686
0 0.783203125 0.38175182481751824 0.009765625 0.016058394160583942
0 0.70849609375 0.3795620437956204 0.0146484375 0.02627737226277372
0 0.68310546875 0.3773722627737226 0.0146484375 0.024817518248175182
0 0.6533203125 0.3708029197080292 0.009765625 0.01751824817518248
0 0.6640625 0.39854014598540144 0.013671875 0.02627737226277372
0 0.60546875 0.3861313868613138 0.048828125 0.07737226277372262
0 0.494140625 0.3781021897810219 0.025390625 0.04671532846715328
0 0.44873046875 0.42554744525547444 0.0107421875 0.01897810218978102
0 0.435546875 0.42408759124087586 0.005859375 0.016058394160583942
0 0.423828125 0.4197080291970803 0.0078125 0.01313868613138686
0 0.388671875 0.4021897810218978 0.01953125 0.0364963503649635
0 0.37353515625 0.43430656934306566 0.0087890625 0.024817518248175182
0 0.328125 0.45693430656934303 0.02734375 0.05255474452554744
0 0.29931640625 0.4605839416058394 0.0107421875 0.024817518248175182
0 0.2890625 0.43357664233576637 0.01171875 0.02335766423357664
0 0.03759765625 0.5138686131386861 0.0166015625 0.032116788321167884
0 0.083984375 0.46788321167883207 0.017578125 0.03357664233576642
0 0.17431640625 0.4437956204379562 0.0126953125 0.02335766423357664
0 0.1875 0.4437956204379562 0.009765625 0.01751824817518248
0 0.2001953125 0.4576642335766423 0.017578125 0.03357664233576642
0 0.15966796875 0.548905109489051 0.0087890625 0.01751824817518248
0 0.25439453125 0.43430656934306566 0.0166015625 0.02773722627737226
