0 0.056640625 0.4142212189616252 0.029296875 0.0564334085778781
0 0.1298828125 0.510158013544018 0.02734375 0.05417607223476298
0 0.03369140625 0.4706546275395033 0.0302734375 0.06094808126410835
0 0.00927734375 0.5169300225733634 0.0185546875 0.06772009029345372
0 0.02294921875 0.718961625282167 0.0439453125 0.07900677200902934
0 0.3310546875 0.31941309255079003 0.017578125 0.03837471783295711
0 0.34619140625 0.38036117381489837 0.0185546875 0.05191873589164785
0 0.36083984375 0.40857787810383744 0.0205078125 0.05869074492099322
0 0.3779296875 0.45033860045146723 0.0234375 0.0654627539503386
0 0.41357421875 0.49322799097065456 0.0302734375 0.07900677200902934
0 0.42529296875 0.5880361173814898 0.0361328125 0.10609480812641083
0 0.4580078125 0.737020316027088 0.052734375 0.14221218961625282
0 0.39990234375 0.3442437923250564 0.0166015625 0.0474040632054176
0 0.373046875 0.31038374717832956 0.015625 0.04288939051918735
0 0.4755859375 0.3115124153498871 0.013671875 0.04514672686230248
0 0.50390625 0.32505643340857787 0.013671875 0.04514672686230248
0 0.52197265625 0.34537246049661396 0.0185546875 0.05417607223476298
0 0.54052734375 0.3882618510158013 0.0205078125 0.05869074492099322
0 0.576171875 0.4356659142212189 0.0234375 0.06772009029345372
0 0.5654296875 0.3036117381489842 0.015625 0.04288939051918735
0 0.52734375 0.29796839729119634 0.013671875 0.03160270880361173
0 0.62255859375 0.4751693002257336 0.0283203125 0.08803611738148984
0 0.61328125 0.34085778781038373 0.021484375 0.05417607223476298
0 0.62158203125 0.2866817155756207 0.0126953125 0.03611738148984198
0 0.64892578125 0.2968397291196388 0.0146484375 0.04288939051918735
0 0.677734375 0.3036117381489842 0.017578125 0.04288939051918735
0 0.6640625 0.3679458239277652 0.0234375 0.06772009029345372
0 0.68310546875 0.6354401805869074 0.0400390625 0.11512415349887133
0 0.68798828125 0.2607223476297968 0.0126953125 0.02934537246049661
0 0.70556640625 0.3205417607223476 0.0185546875 0.04966139954853273
0 0.740234375 0.2753950338600451 0.013671875 0.03611738148984198
0 0.7373046875 0.16704288939051917 0.005859375 0.01805869074492099
0 0.74365234375 0.17042889390519186 0.0048828125 0.015801354401805866
0 0.755859375 0.17720090293453722 0.00390625 0.015801354401805866
0 0.77587890625 0.1783295711060948 0.0048828125 0.01805869074492099
0 0.78662109375 0.18623024830699772 0.0087890625 0.024830699774266364
0 0.78662109375 0.17042889390519186 0.0068359375 0.015801354401805866
0 0.76953125 0.26636568848758463 0.01171875 0.03611738148984198
0 0.79833984375 0.23024830699774265 0.0107421875 0.02708803611738149
0 0.865234375 0.2641083521444695 0.013671875 0.03611738148984198
0 0.82177734375 0.2900677200902934 0.0146484375 0.03837471783295711
0 0.84912109375 0.3148984198645598 0.0205078125 0.05191873589164785
0 0.9013671875 0.2968397291196388 0.01953125 0.05191873589164785
0 0.88232421875 0.24266365688487582 0.0126953125 0.024830699774266364
0 0.8984375 0.17381489841986456 0.0078125 0.01805869074492099
0 0.9482421875 0.16478555304740405 0.005859375 0.01805869074492099
0 0.9365234375 0.1783295711060948 0.005859375 0.013544018058690745
0 0.95166015625 0.15349887133182843 0.0048828125 0.013544018058690745
0 0.90673828125 0.24492099322799096 0.0146484375 0.02934537246049661
0 0.93017578125 0.2753950338600451 0.0185546875 0.04514672686230248
0 0.93359375 0.3532731376975169 0.0234375 0.05191873589164785
0 0.88623046875 0.409706546275395 0.0380859375 0.07449209932279909
0 0.81689453125 0.3769751693002257 0.0283203125 0.07223476297968397
0 0.95849609375 0.4514672686230248 0.0478515625 0.09029345372460496
0 0.97265625 0.31941309255079003 0.0234375 0.05191873589164785
0 0.98193359375 0.2505643340857788 0.0146484375 0.03611738148984198
0 0.9638671875 0.2404063205417607 0.015625 0.02934537246049661
0 0.79443359375 0.3002257336343115 0.0166015625 0.04966139954853273
0 0.76220703125 0.3329571106094808 0.0224609375 0.06997742663656885
0 0.7138671875 0.4040632054176072 0.02734375 0.07223476297968397
0 0.791015625 0.463882618510158 0.037109375 0.09255079006772009
0 0.89111328125 0.6072234762979684 0.0498046875 0.10835214446952596
0 0.99462890625 0.27313769751693 0.0107421875 0.03611738148984198
0 0.7587890625 0.7979683972911963 0.05859375 0.14672686230248305
