0 0.9296875 0.3140376266280752 0.01171875 0.020260492040520984
0 0.88525390625 0.31186685962373367 0.0107421875 0.02170767004341534
0 0.87451171875 0.4435600578871201 0.0185546875 0.030390738060781474
0 0.833984375 0.4623733719247467 0.0234375 0.03907380607814761
0 0.779296875 0.46164978292329956 0.021484375 0.03473227206946454
0 0.71875 0.4175108538350217 0.025390625 0.03907380607814761
0 0.6181640625 0.4457308248914616 0.01953125 0.03473227206946454
0 0.5107421875 0.45803183791606367 0.021484375 0.0361794500723589
0 0.4501953125 0.4493487698986975 0.0234375 0.0361794500723589
0 0.35498046875 0.4225759768451519 0.0263671875 0.04052098408104197
0 0.30908203125 0.44138929088277856 0.0224609375 0.03762662807525325
0 0.26123046875 0.439218523878437 0.0263671875 0.04775687409551375
0 0.22314453125 0.4464544138929088 0.0244140625 0.03907380607814761
0 0.20458984375 0.4399421128798842 0.0087890625 0.01736613603473227
0 0.17138671875 0.46020260492040516 0.0048828125 0.01447178002894356
0 0.12060546875 0.49999999999999994 0.0146484375 0.02170767004341534
0 0.0673828125 0.3806078147612156 0.005859375 0.01447178002894356
0 0.04248046875 0.47395079594790157 0.0146484375 0.027496382054992764
0 0.07080078125 0.37626628075253254 0.0068359375 0.01447178002894356
0 0.02734375 0.4753979739507959 0.009765625 0.02170767004341534
0 0.08740234375 0.5007235890014471 0.0068359375 0.01736613603473227
0 0.5556640625 0.48769898697539793 0.009765625 0.01447178002894356
0 0.07080078125 0.5441389290882778 0.0087890625 0.020260492040520984
0 0.3837890625 0.44790159189580314 0.01171875 0.02460202604920405
