0 0.201171875 0.3571428571428571 0.0234375 0.041666666666666664
0 0.2724609375 0.415922619047619 0.01953125 0.03422619047619047
0 0.3330078125 0.4300595238095238 0.013671875 0.026785714285714284
0 0.38134765625 0.453125 0.0107421875 0.02232142857142857
0 0.15771484375 0.45535714285714285 0.0146484375 0.023809523809523808
0 0.044921875 0.41294642857142855 0.017578125 0.03422619047619047
0 0.6025390625 0.37127976190476186 0.02734375 0.03720238095238095
0 0.91845703125 0.3839285714285714 0.0224609375 0.02976190476190476
0 0.82861328125 0.44047619047619047 0.0166015625 0.023809523809523808
0 0.767578125 0.4508928571428571 0.01171875 0.01488095238095238
0 0.99462890625 0.4151785714285714 0.0107421875 0.03273809523809523
0 0.8076171875 0.4099702380952381 0.009765625 0.019345238095238096
0 0.4306640625 0.4724702380952381 0.0078125 0.016369047619047616
0 0.404296875 0.46875 0.009765625 0.017857142857142856
