0 0.96142578125 0.47291361639824303 0.0087890625 0.017569546120058566
0 0.94580078125 0.47144948755490484 0.0107421875 0.020497803806734993
0 0.900390625 0.45973645680819913 0.0078125 0.014641288433382138
0 0.8779296875 0.45973645680819913 0.0078125 0.017569546120058566
0 0.85107421875 0.4633967789165447 0.0107421875 0.016105417276720352
0 0.85107421875 0.42972181551976574 0.0068359375 0.013177159590043924
0 0.82763671875 0.42825768667642755 0.0087890625 0.01903367496339678
0 0.81591796875 0.5951683748169839 0.0146484375 0.024890190336749635
0 0.78125 0.47144948755490484 0.009765625 0.017569546120058566
0 0.77197265625 0.43923865300146414 0.0087890625 0.020497803806734993
0 0.7138671875 0.5322108345534408 0.01171875 0.021961932650073207
0 0.73681640625 0.5468521229868228 0.0126953125 0.021961932650073207
0 0.67041015625 0.5702781844802343 0.0107421875 0.021961932650073207
0 0.92041015625 0.5636896046852123 0.0087890625 0.017569546120058566
0 0.63134765625 0.5102489019033675 0.0126953125 0.021961932650073207
0 0.61279296875 0.5446559297218155 0.0126953125 0.02342606149341142
0 0.568359375 0.5431918008784773 0.009765625 0.017569546120058566
0 0.58984375 0.5029282576866765 0.009765625 0.01903367496339678
0 0.50634765625 0.5322108345534408 0.0087890625 0.016105417276720352
0 0.52001953125 0.5051244509516838 0.0087890625 0.020497803806734993
0 0.45849609375 0.513177159590044 0.0087890625 0.01903367496339678
0 0.44580078125 0.49194729136163984 0.0107421875 0.017569546120058566
0 0.482421875 0.4568081991215227 0.01171875 0.020497803806734993
0 0.40283203125 0.5629575402635432 0.0126953125 0.024890190336749635
0 0.38818359375 0.5087847730600293 0.0107421875 0.01903367496339678
0 0.32568359375 0.49487554904831627 0.0107421875 0.020497803806734993
0 0.2587890625 0.45168374816983897 0.0078125 0.01903367496339678
0 0.20703125 0.4670571010248902 0.0078125 0.017569546120058566
0 0.23193359375 0.40702781844802344 0.0087890625 0.017569546120058566
0 0.10205078125 0.43997071742313326 0.0107421875 0.016105417276720352
0 0.01318359375 0.41947291361639827 0.0087890625 0.01903367496339678
0 0.02099609375 0.5519765739385066 0.0126953125 0.02342606149341142
0 0.173828125 0.5944363103953147 0.0078125 0.020497803806734993
0 0.1982421875 0.5190336749633968 0.01171875 0.01903367496339678
0 0.2763671875 0.6896046852122987 0.017578125 0.03806734992679356
0 0.14453125 0.609809663250366 0.01171875 0.024890190336749635
0 0.86376953125 0.5102489019033675 0.0087890625 0.016105417276720352
0 0.80615234375 0.4114202049780381 0.0087890625 0.017569546120058566
0 0.72021484375 0.4267935578330893 0.0068359375 0.016105417276720352
