0 0.123046875 0.30755711775043937 0.0078125 0.017574692442882248
0 0.11474609375 0.28558875219683655 0.0068359375 0.015817223198594025
0 0.1015625 0.328646748681898 0.0078125 0.017574692442882248
0 0.0947265625 0.3093145869947276 0.0078125 0.014059753954305799
0 0.060546875 0.3339191564147627 0.009765625 0.017574692442882248
0 0.0498046875 0.3093145869947276 0.009765625 0.017574692442882248
0 0.1435546875 0.28119507908611596 0.0078125 0.014059753954305799
0 0.21337890625 0.27855887521968364 0.0068359375 0.015817223198594025
0 0.2041015625 0.29349736379613356 0.005859375 0.01054481546572935
0 0.20458984375 0.28031634446397186 0.0068359375 0.008787346221441124
0 0.189453125 0.29437609841827767 0.005859375 0.012302284710017574
0 0.23779296875 0.23813708260105446 0.0068359375 0.015817223198594025
0 0.23779296875 0.312829525483304 0.0087890625 0.01054481546572935
0 0.19482421875 0.34182776801405973 0.0107421875 0.015817223198594025
0 0.23046875 0.3453427065026362 0.009765625 0.019332161687170474
0 0.259765625 0.34270650263620384 0.009765625 0.017574692442882248
0 0.27490234375 0.312829525483304 0.0087890625 0.017574692442882248
0 0.26953125 0.3022847100175747 0.005859375 0.017574692442882248
0 0.27783203125 0.28207381370826007 0.0048828125 0.015817223198594025
0 0.287109375 0.27768014059753954 0.005859375 0.017574692442882248
0 0.2998046875 0.27065026362038663 0.005859375 0.014059753954305799
0 0.32080078125 0.27943760984182775 0.0048828125 0.014059753954305799
0 0.19140625 0.43760984182776796 0.013671875 0.0210896309314587
0 0.16064453125 0.461335676625659 0.0126953125 0.03339191564147627
0 0.26025390625 0.43585237258347975 0.0126953125 0.02460456942003515
0 0.31396484375 0.43233743409490333 0.0126953125 0.02460456942003515
0 0.224609375 0.5738137082601054 0.015625 0.040421792618629174
0 0.2763671875 0.5615114235500879 0.017578125 0.029876977152899824
0 0.25537109375 0.5017574692442882 0.0107421875 0.02636203866432337
0 0.310546875 0.4710017574692443 0.01171875 0.028119507908611598
0 0.330078125 0.4595782073813708 0.01171875 0.022847100175746923
0 0.34423828125 0.5342706502636203 0.0126953125 0.035149384885764495
0 0.31884765625 0.36379613356766255 0.0087890625 0.0210896309314587
0 0.30224609375 0.3163444639718805 0.0068359375 0.017574692442882248
0 0.310546875 0.3453427065026362 0.005859375 0.015817223198594025
0 0.2998046875 0.30755711775043937 0.0078125 0.014059753954305799
0 0.35400390625 0.3145869947275923 0.0048828125 0.014059753954305799
0 0.48291015625 0.3189806678383128 0.0087890625 0.015817223198594025
0 0.5087890625 0.328646748681898 0.005859375 0.017574692442882248
0 0.4833984375 0.34358523725834794 0.0078125 0.019332161687170474
0 0.46728515625 0.34797891036906853 0.0107421875 0.017574692442882248
0 0.43896484375 0.3251318101933216 0.0087890625 0.014059753954305799
0 0.41259765625 0.3224956063268893 0.0087890625 0.019332161687170474
0 0.37744140625 0.3242530755711775 0.0087890625 0.015817223198594025
0 0.42138671875 0.28822495606326887 0.0068359375 0.014059753954305799
0 0.453125 0.29525483304042177 0.005859375 0.01054481546572935
0 0.4716796875 0.2978910369068541 0.0078125 0.012302284710017574
0 0.4677734375 0.3093145869947276 0.0078125 0.017574692442882248
0 0.46630859375 0.23813708260105446 0.0068359375 0.012302284710017574
0 0.48779296875 0.2337434094903339 0.0068359375 0.014059753954305799
0 0.5224609375 0.3172231985940246 0.0078125 0.015817223198594025
0 0.54833984375 0.3084358523725835 0.0068359375 0.012302284710017574
0 0.54736328125 0.3391915641476274 0.0087890625 0.0210896309314587
0 0.5361328125 0.3980667838312829 0.0078125 0.022847100175746923
0 0.48486328125 0.3963093145869947 0.0087890625 0.019332161687170474
0 0.4140625 0.42618629173989453 0.0078125 0.02636203866432337
0 0.42431640625 0.40685413005272403 0.0107421875 0.022847100175746923
0 0.43212890625 0.3954305799648506 0.0087890625 0.02460456942003515
0 0.4169921875 0.5606326889279437 0.017578125 0.03866432337434095
0 0.42919921875 0.586115992970123 0.0126953125 0.03339191564147627
0 0.5078125 0.45430579964850615 0.005859375 0.022847100175746923
0 0.5625 0.42618629173989453 0.009765625 0.02636203866432337
0 0.91015625 0.4797891036906854 0.009765625 0.017574692442882248
0 0.5537109375 0.5430579964850615 0.015625 0.03163444639718805
0 0.58349609375 0.5465729349736379 0.0166015625 0.028119507908611598
0 0.5576171875 0.5869947275922671 0.01171875 0.03163444639718805
0 0.642578125 0.5131810193321616 0.015625 0.03866432337434095
0 0.63037109375 0.39103690685413 0.0087890625 0.019332161687170474
0 0.64794921875 0.36643233743409487 0.0087890625 0.022847100175746923
0 0.60009765625 0.3312829525483304 0.0068359375 0.015817223198594025
0 0.5888671875 0.3277680140597539 0.005859375 0.015817223198594025
0 0.5556640625 0.250439367311072 0.005859375 0.015817223198594025
0 0.54638671875 0.250439367311072 0.0048828125 0.012302284710017574
0 0.63330078125 0.2557117750439367 0.0068359375 0.015817223198594025
0 0.560546875 0.3391915641476274 0.005859375 0.017574692442882248
0 0.6181640625 0.29525483304042177 0.0078125 0.014059753954305799
0 0.72021484375 0.28383128295254834 0.0068359375 0.019332161687170474
0 0.74755859375 0.2688927943760984 0.0068359375 0.01054481546572935
0 0.7587890625 0.28734622144112476 0.005859375 0.015817223198594025
0 0.74560546875 0.3057996485061511 0.0068359375 0.017574692442882248
0 0.76123046875 0.3145869947275923 0.0087890625 0.017574692442882248
0 0.77294921875 0.289103690685413 0.0048828125 0.015817223198594025
0 0.81982421875 0.234622144112478 0.0048828125 0.012302284710017574
0 0.8017578125 0.2478031634446397 0.00390625 0.01054481546572935
0 0.84130859375 0.23550087873462214 0.0048828125 0.01054481546572935
0 0.8447265625 0.28734622144112476 0.005859375 0.015817223198594025
0 0.89208984375 0.29261862917398945 0.0087890625 0.015817223198594025
0 0.861328125 0.4112478031634446 0.01171875 0.02460456942003515
0 0.90283203125 0.42267135325131805 0.0107421875 0.022847100175746923
0 0.8076171875 0.4666080843585237 0.009765625 0.019332161687170474
0 0.75244140625 0.45430579964850615 0.0107421875 0.019332161687170474
0 0.71435546875 0.36994727592267135 0.0087890625 0.019332161687170474
0 0.72412109375 0.45694200351493847 0.0126953125 0.035149384885764495
0 0.7587890625 0.49209138840070293 0.01171875 0.03163444639718805
0 0.7119140625 0.5386643233743409 0.015625 0.040421792618629174
0 0.79248046875 0.5869947275922671 0.0166015625 0.035149384885764495
0 0.83642578125 0.5219683655536028 0.0126953125 0.035149384885764495
0 0.89013671875 0.4964850615114235 0.0146484375 0.03339191564147627
0 0.8984375 0.4674868189806678 0.013671875 0.028119507908611598
0 0.94384765625 0.42970123022847095 0.0107421875 0.022847100175746923
0 0.98828125 0.44200351493848855 0.01171875 0.02636203866432337
0 0.99365234375 0.4806678383128295 0.0087890625 0.022847100175746923
0 0.97900390625 0.289103690685413 0.0087890625 0.015817223198594025
0 0.99462890625 0.28646748681898065 0.0068359375 0.014059753954305799
0 0.85498046875 0.4674868189806678 0.0107421875 0.02460456942003515
0 0.79296875 0.6379613356766256 0.017578125 0.0421792618629174
0 0.60498046875 0.6660808435852372 0.0126953125 0.03866432337434095
0 0.42236328125 0.6423550087873462 0.0126953125 0.03690685413005272
0 0.736328125 0.3901581722319859 0.005859375 0.014059753954305799
0 0.9873046875 0.7390158172231985 0.0234375 0.08963093145869946
0 0.82177734375 0.633567662565905 0.0126953125 0.04745166959578207
0 0.0126953125 0.3374340949033392 0.009765625 0.0210896309314587
0 0.5751953125 0.2407732864674868 0.00390625 0.007029876977152899
0 0.63623046875 0.3743409490333919 0.0107421875 0.0210896309314587
0 0.5341796875 0.45430579964850615 0.009765625 0.019332161687170474
