0 0.17919921875 0.63671875 0.0048828125 0.0078125
0 0.1865234375 0.6451822916666666 0.0078125 0.014322916666666666
0 0.20849609375 0.63671875 0.0068359375 0.013020833333333332
0 0.24755859375 0.650390625 0.0087890625 0.014322916666666666
0 0.25732421875 0.6471354166666666 0.0068359375 0.015625
0 0.2802734375 0.6569010416666666 0.0078125 0.014322916666666666
0 0.31591796875 0.64453125 0.0087890625 0.018229166666666664
0 0.36279296875 0.6569010416666666 0.0107421875 0.022135416666666664
0 0.37255859375 0.6536458333333333 0.0087890625 0.018229166666666664
0 0.4140625 0.65625 0.0078125 0.013020833333333332
0 0.44873046875 0.654296875 0.0087890625 0.01953125
0 0.4736328125 0.6614583333333333 0.009765625 0.013020833333333332
0 0.48779296875 0.6647135416666666 0.0107421875 0.01953125
0 0.49951171875 0.662109375 0.0087890625 0.014322916666666666
0 0.5126953125 0.6614583333333333 0.01171875 0.0234375
0 0.5283203125 0.6549479166666666 0.009765625 0.015625
0 0.5595703125 0.671875 0.013671875 0.020833333333333332
0 0.572265625 0.6653645833333333 0.009765625 0.018229166666666664
0 0.63232421875 0.6569010416666666 0.0087890625 0.014322916666666666
0 0.60302734375 0.6666666666666666 0.0107421875 0.015625
0 0.6611328125 0.666015625 0.015625 0.024739583333333332
0 0.68896484375 0.681640625 0.0126953125 0.024739583333333332
0 0.74755859375 0.6575520833333333 0.0087890625 0.018229166666666664
0 0.787109375 0.6875 0.025390625 0.04427083333333333
0 0.79638671875 0.6569010416666666 0.0107421875 0.01953125
0 0.84423828125 0.6822916666666666 0.0166015625 0.026041666666666664
0 0.9365234375 0.6770833333333333 0.013671875 0.020833333333333332
0 0.3369140625 0.654296875 0.0078125 0.014322916666666666
