0 0.07177734375 0.9679376083188908 0.0380859375 0.06412478336221837
0 0.16064453125 0.9220103986135182 0.0419921875 0.08318890814558058
0 0.1826171875 0.9046793760831888 0.029296875 0.08665511265164644
0 0.2646484375 0.8466204506065858 0.0390625 0.08492201039861351
0 0.1962890625 0.7868284228769497 0.025390625 0.08318890814558058
0 0.1240234375 0.7764298093587522 0.0390625 0.07625649913344887
0 0.08642578125 0.852686308492201 0.0341796875 0.08665511265164644
0 0.06494140625 0.7781629116117851 0.0400390625 0.06932409012131716
0 0.29931640625 0.8500866551126516 0.0302734375 0.07452339688041594
0 0.263671875 0.7331022530329289 0.037109375 0.08665511265164644
0 0.2861328125 0.669844020797227 0.0390625 0.08838821490467937
0 0.244140625 0.962738301559792 0.037109375 0.05719237435008665
0 0.3330078125 0.9670710571923743 0.041015625 0.062391681109185436
0 0.341796875 0.7850953206239167 0.033203125 0.07279029462738301
0 0.3671875 0.8024263431542461 0.044921875 0.10398613518197573
0 0.42431640625 0.7764298093587522 0.0380859375 0.0901213171577123
0 0.51806640625 0.7608318890814557 0.0400390625 0.08318890814558058
0 0.44970703125 0.7027729636048526 0.0361328125 0.06759098786828423
0 0.55615234375 0.7105719237435009 0.0361328125 0.062391681109185436
0 0.37451171875 0.695840554592721 0.0302734375 0.06759098786828423
0 0.404296875 0.7755632582322357 0.03125 0.06412478336221837
0 0.400390625 0.6369150779896013 0.037109375 0.08145580589254765
0 0.47021484375 0.6031195840554593 0.0419921875 0.07625649913344887
0 0.63427734375 0.8630849220103985 0.0361328125 0.07279029462738301
0 0.69873046875 0.8760831889081455 0.0439453125 0.09878682842287695
0 0.767578125 0.9046793760831888 0.0390625 0.10051993067590988
0 0.73486328125 0.9783362218370883 0.0380859375 0.04332755632582322
0 0.9228515625 0.8968804159445407 0.033203125 0.0779896013864818
0 0.81884765625 0.9168110918544193 0.0341796875 0.07625649913344887
0 0.83349609375 0.8570190641247833 0.0341796875 0.0779896013864818
0 0.8671875 0.7305025996533795 0.0390625 0.08492201039861351
0 0.91650390625 0.6967071057192374 0.0361328125 0.08318890814558058
0 0.951171875 0.9150779896013864 0.037109375 0.08318890814558058
0 0.974609375 0.9818024263431542 0.041015625 0.036395147313691506
0 0.98291015625 0.8656845753899479 0.0341796875 0.07105719237435008
0 0.94921875 0.5207972270363951 0.03125 0.05025996533795494
0 0.9755859375 0.45147313691507795 0.03125 0.06412478336221837
0 0.8974609375 0.48353552859618715 0.02734375 0.04159445407279029
0 0.91845703125 0.5303292894280762 0.0302734375 0.062391681109185436
0 0.8525390625 0.5389948006932409 0.03125 0.05545927209705372
0 0.87060546875 0.5008665511265165 0.0302734375 0.04852686308492201
0 0.904296875 0.42461005199306756 0.029296875 0.062391681109185436
0 0.935546875 0.38561525129982666 0.02734375 0.05025996533795494
0 0.9560546875 0.3561525129982669 0.025390625 0.053726169844020795
0 0.98291015625 0.3795493934142114 0.0263671875 0.04852686308492201
0 0.9716796875 0.28942807625649913 0.02734375 0.0658578856152513
0 0.90478515625 0.28769497400346616 0.0263671875 0.062391681109185436
0 0.98046875 0.2512998266897747 0.0234375 0.038128249566724434
0 0.91455078125 0.23743500866551126 0.0244140625 0.04159445407279029
0 0.958984375 0.18630849220103984 0.025390625 0.05719237435008665
0 0.98291015625 0.1629116117850953 0.0244140625 0.04852686308492201
0 0.9228515625 0.14904679376083188 0.0234375 0.062391681109185436
0 0.88525390625 0.19584055459272096 0.0185546875 0.04159445407279029
0 0.91259765625 0.10485268630849219 0.0146484375 0.03292894280762565
0 0.9296875 0.028596187175043326 0.015625 0.03292894280762565
0 0.87451171875 0.06759098786828423 0.0146484375 0.020797227036395145
0 0.8330078125 0.04419410745233968 0.013671875 0.02946273830155979
0 0.8359375 0.07452339688041594 0.015625 0.020797227036395145
0 0.8662109375 0.09098786828422877 0.017578125 0.025996533795493933
0 0.86279296875 0.13951473136915077 0.0224609375 0.03292894280762565
0 0.88525390625 0.14038128249566723 0.0146484375 0.031195840554592718
0 0.84228515625 0.10658578856152512 0.0185546875 0.04332755632582322
0 0.81689453125 0.11785095320623916 0.0224609375 0.04159445407279029
0 0.8056640625 0.053726169844020795 0.01171875 0.03466204506065858
0 0.7841796875 0.053726169844020795 0.017578125 0.04159445407279029
0 0.74853515625 0.06932409012131716 0.0185546875 0.04159445407279029
0 0.76220703125 0.06065857885615251 0.0087890625 0.024263431542461005
0 0.755859375 0.026863084922010397 0.013671875 0.025996533795493933
0 0.83203125 0.15511265164644714 0.025390625 0.05025996533795494
0 0.79443359375 0.11178509532062392 0.0146484375 0.036395147313691506
0 0.76171875 0.10485268630849219 0.01953125 0.03292894280762565
0 0.78369140625 0.1334488734835355 0.0224609375 0.04852686308492201
0 0.7666015625 0.1707105719237435 0.0234375 0.04332755632582322
0 0.7548828125 0.1603119584055459 0.01953125 0.03986135181975736
0 0.86767578125 0.1967071057192374 0.0244140625 0.05719237435008665
0 0.80712890625 0.17331022530329288 0.0205078125 0.04506065857885615
0 0.759765625 0.22357019064124783 0.025390625 0.04852686308492201
0 0.787109375 0.22790294627383015 0.0234375 0.04679376083188908
0 0.8017578125 0.27383015597920274 0.029296875 0.05199306759098787
0 0.83154296875 0.29636048526863085 0.0263671875 0.05199306759098787
0 0.85498046875 0.25736568457538994 0.0244140625 0.053726169844020795
0 0.8779296875 0.3310225303292894 0.03125 0.05199306759098787
0 0.8076171875 0.3440207972270364 0.0234375 0.04679376083188908
0 0.841796875 0.38128249566724437 0.02734375 0.04852686308492201
0 0.84130859375 0.44454072790294624 0.0302734375 0.06065857885615251
0 0.7666015625 0.354419410745234 0.025390625 0.06759098786828423
0 0.75244140625 0.4358752166377816 0.0263671875 0.05025996533795494
0 0.7568359375 0.5077989601386481 0.03515625 0.0658578856152513
0 0.79150390625 0.5008665511265165 0.0341796875 0.04506065857885615
0 0.80810546875 0.5511265164644714 0.0361328125 0.062391681109185436
0 0.7919921875 0.6767764298093587 0.03125 0.053726169844020795
0 0.7529296875 0.6135181975736568 0.029296875 0.0658578856152513
0 0.708984375 0.33015597920277295 0.029296875 0.06412478336221837
0 0.73828125 0.30589254766031193 0.0234375 0.053726169844020795
0 0.98876953125 0.6733102253032929 0.0205078125 0.06412478336221837
0 0.96826171875 0.791161178509532 0.0322265625 0.06759098786828423
0 0.6904296875 0.5398613518197574 0.03125 0.053726169844020795
0 0.69580078125 0.6187175043327556 0.0322265625 0.06932409012131716
0 0.69287109375 0.44454072790294624 0.0302734375 0.053726169844020795
0 0.69384765625 0.38041594454072786 0.0322265625 0.05719237435008665
0 0.67431640625 0.7902946273830156 0.0361328125 0.07279029462738301
0 0.62353515625 0.7504332755632582 0.0283203125 0.07625649913344887
0 0.62841796875 0.5407279029462738 0.0341796875 0.07625649913344887
0 0.5693359375 0.5589254766031195 0.029296875 0.07452339688041594
0 0.59716796875 0.6767764298093587 0.0361328125 0.06412478336221837
0 0.52197265625 0.4792027729636048 0.0322265625 0.06759098786828423
0 0.4765625 0.49826689774696703 0.025390625 0.03986135181975736
0 0.6630859375 0.3474870017331022 0.025390625 0.04332755632582322
0 0.62109375 0.3275563258232235 0.021484375 0.05199306759098787
0 0.65283203125 0.2651646447140381 0.0283203125 0.05545927209705372
0 0.6728515625 0.2634315424610052 0.021484375 0.05545927209705372
0 0.70166015625 0.2634315424610052 0.0244140625 0.04506065857885615
0 0.72119140625 0.17331022530329288 0.0205078125 0.05199306759098787
0 0.73388671875 0.17590987868284227 0.0107421875 0.04332755632582322
0 0.7236328125 0.12824956672443674 0.021484375 0.04852686308492201
0 0.6513671875 0.11178509532062392 0.021484375 0.04679376083188908
0 0.69384765625 0.0632582322357019 0.0166015625 0.04332755632582322
0 0.6083984375 0.15511265164644714 0.0234375 0.05025996533795494
0 0.6171875 0.21837088388214904 0.025390625 0.05545927209705372
0 0.634765625 0.06499133448873483 0.01953125 0.036395147313691506
0 0.6513671875 0.042461005199306755 0.015625 0.02946273830155979
0 0.61181640625 0.07625649913344887 0.0205078125 0.03466204506065858
0 0.5712890625 0.12738301559792026 0.01953125 0.05025996533795494
0 0.5654296875 0.16984402079722702 0.017578125 0.04506065857885615
0 0.54638671875 0.17764298093587522 0.0283203125 0.036395147313691506
0 0.56494140625 0.06672443674176776 0.0185546875 0.03986135181975736
0 0.65185546875 0.011265164644714037 0.0185546875 0.022530329289428074
0 0.6630859375 0.02166377816291161 0.01171875 0.025996533795493933
0 0.67529296875 0.026863084922010397 0.0146484375 0.02946273830155979
0 0.69189453125 0.016464471403812825 0.0185546875 0.03292894280762565
0 0.7197265625 0.02946273830155979 0.017578125 0.04506065857885615
0 0.53173828125 0.14731369150779894 0.0146484375 0.038128249566724434
0 0.52001953125 0.12391681109185441 0.0166015625 0.036395147313691506
0 0.54638671875 0.09445407279029462 0.0146484375 0.04679376083188908
0 0.53369140625 0.026863084922010397 0.0185546875 0.025996533795493933
0 0.6611328125 0.645580589254766 0.03125 0.053726169844020795
0 0.4052734375 0.546793760831889 0.02734375 0.04332755632582322
0 0.3994140625 0.4696707105719237 0.02734375 0.04506065857885615
0 0.33837890625 0.5173310225303293 0.0322265625 0.06065857885615251
0 0.3544921875 0.5901213171577123 0.021484375 0.07452339688041594
0 0.29248046875 0.5459272097053726 0.0341796875 0.07972270363951472
0 0.26708984375 0.48353552859618715 0.0302734375 0.07279029462738301
0 0.23291015625 0.5667244367417678 0.0322265625 0.08665511265164644
0 0.21533203125 0.48180242634315423 0.0322265625 0.0658578856152513
0 0.21337890625 0.4202772963604852 0.0244140625 0.05719237435008665
0 0.22802734375 0.40554592720970534 0.0146484375 0.04852686308492201
0 0.23974609375 0.39774696707105717 0.0146484375 0.04332755632582322
0 0.27587890625 0.37868284228769494 0.0283203125 0.05025996533795494
0 0.31787109375 0.3821490467937608 0.0322265625 0.07105719237435008
0 0.3857421875 0.35701906412478335 0.029296875 0.0658578856152513
0 0.34130859375 0.317157712305026 0.0283203125 0.05199306759098787
0 0.2587890625 0.31022530329289427 0.025390625 0.05199306759098787
0 0.5 0.18630849220103984 0.0234375 0.05025996533795494
0 0.45947265625 0.15944540727902945 0.0126953125 0.05199306759098787
0 0.47705078125 0.0901213171577123 0.0224609375 0.05199306759098787
0 0.48828125 0.05892547660311958 0.017578125 0.03466204506065858
0 0.49267578125 0.10485268630849219 0.0166015625 0.036395147313691506
0 0.4453125 0.09532062391681109 0.021484375 0.03466204506065858
0 0.4208984375 0.10658578856152512 0.01953125 0.05025996533795494
0 0.404296875 0.11178509532062392 0.021484375 0.03292894280762565
0 0.41650390625 0.19150779896013864 0.0205078125 0.053726169844020795
0 0.443359375 0.2045060658578856 0.021484375 0.03466204506065858
0 0.4013671875 0.15164644714038128 0.021484375 0.03292894280762565
0 0.3759765625 0.21143847487001732 0.02734375 0.04506065857885615
0 0.3701171875 0.255632582322357 0.02734375 0.05025996533795494
0 0.396484375 0.24176776429809357 0.021484375 0.03986135181975736
0 0.3564453125 0.15424610051993068 0.01953125 0.04852686308492201
0 0.3486328125 0.11091854419410745 0.021484375 0.04852686308492201
0 0.3359375 0.1949740034662045 0.017578125 0.05025996533795494
0 0.275390625 0.19150779896013864 0.025390625 0.06065857885615251
0 0.27099609375 0.2651646447140381 0.0263671875 0.062391681109185436
0 0.32177734375 0.09618717504332755 0.0185546875 0.03986135181975736
0 0.36572265625 0.09185441941074522 0.0166015625 0.04852686308492201
0 0.40869140625 0.062391681109185436 0.0166015625 0.04159445407279029
0 0.34716796875 0.05459272097053726 0.0185546875 0.036395147313691506
0 0.2666015625 0.14818024263431542 0.025390625 0.02946273830155979
0 0.287109375 0.04679376083188908 0.017578125 0.038128249566724434
0 0.30615234375 0.0389948006932409 0.0166015625 0.03986135181975736
0 0.3818359375 0.025996533795493933 0.01953125 0.038128249566724434
0 0.3583984375 0.03466204506065858 0.015625 0.038128249566724434
0 0.353515625 0.009532062391681109 0.015625 0.019064124783362217
0 0.2353515625 0.0901213171577123 0.021484375 0.04159445407279029
0 0.244140625 0.026863084922010397 0.015625 0.03292894280762565
0 0.27001953125 0.0077989601386481795 0.0166015625 0.015597920277296359
0 0.18994140625 0.04506065857885615 0.0166015625 0.04506065857885615
0 0.162109375 0.031195840554592718 0.015625 0.04159445407279029
0 0.20361328125 0.0996533795493934 0.0166015625 0.02946273830155979
0 0.21240234375 0.12478336221837087 0.0146484375 0.03466204506065858
0 0.2333984375 0.16204506065857885 0.015625 0.02946273830155979
0 0.189453125 0.13084922010398614 0.01953125 0.06065857885615251
0 0.234375 0.05459272097053726 0.013671875 0.02946273830155979
0 0.18701171875 0.09445407279029462 0.0185546875 0.02946273830155979
0 0.17138671875 0.14818024263431542 0.0244140625 0.05719237435008665
0 0.15234375 0.09792027729636048 0.01953125 0.03986135181975736
0 0.1259765625 0.0779896013864818 0.01953125 0.038128249566724434
0 0.12060546875 0.11351819757365685 0.0185546875 0.036395147313691506
0 0.12744140625 0.03292894280762565 0.0185546875 0.03466204506065858
0 0.087890625 0.0779896013864818 0.017578125 0.03466204506065858
0 0.08740234375 0.03466204506065858 0.0166015625 0.031195840554592718
0 0.14111328125 0.16897746967071056 0.0244140625 0.04679376083188908
0 0.15576171875 0.1967071057192374 0.0244140625 0.05025996533795494
0 0.20263671875 0.19584055459272096 0.0263671875 0.05545927209705372
0 0.22265625 0.18804159445407279 0.01953125 0.053726169844020795
0 0.0458984375 0.0389948006932409 0.01953125 0.04679376083188908
0 0.04248046875 0.006932409012131715 0.0205078125 0.01386481802426343
0 0.060546875 0.1143847487001733 0.025390625 0.05199306759098787
0 0.03759765625 0.11871750433275563 0.0166015625 0.025996533795493933
0 0.029296875 0.1655112651646447 0.017578125 0.05025996533795494
0 0.189453125 0.23656845753899478 0.021484375 0.053726169844020795
0 0.21142578125 0.37608318890814557 0.0302734375 0.05892547660311958
0 0.17333984375 0.354419410745234 0.0302734375 0.04679376083188908
0 0.1455078125 0.255632582322357 0.01953125 0.04332755632582322
0 0.09521484375 0.352686308492201 0.0283203125 0.053726169844020795
0 0.06494140625 0.4098786828422877 0.0244140625 0.05025996533795494
0 0.10888671875 0.43934142114384744 0.0224609375 0.04332755632582322
0 0.08251953125 0.4523396880415944 0.0283203125 0.07625649913344887
0 0.0615234375 0.4774696707105719 0.02734375 0.06065857885615251
0 0.11328125 0.5450606585788561 0.02734375 0.05025996533795494
0 0.18017578125 0.5407279029462738 0.0341796875 0.07972270363951472
0 0.14794921875 0.5771230502599654 0.0322265625 0.06932409012131716
0 0.06689453125 0.5571923743500866 0.0302734375 0.06759098786828423
0 0.1806640625 0.7045060658578856 0.033203125 0.06412478336221837
0 0.16552734375 0.6273830155979202 0.0341796875 0.06932409012131716
0 0.1396484375 0.6897746967071057 0.03515625 0.07625649913344887
0 0.10400390625 0.692374350086655 0.0361328125 0.06412478336221837
0 0.07470703125 0.6429809358752167 0.0322265625 0.06932409012131716
0 0.0380859375 0.5953206239168111 0.03515625 0.06412478336221837
0 0.02587890625 0.6785095320623916 0.0205078125 0.07105719237435008
0 0.55908203125 0.012131715771230503 0.0185546875 0.024263431542461005
0 0.50390625 0.02946273830155979 0.017578125 0.031195840554592718
0 0.51953125 0.011265164644714037 0.017578125 0.022530329289428074
0 0.76708984375 0.28076256499133445 0.0224609375 0.04506065857885615
0 0.45166015625 0.038128249566724434 0.0126953125 0.024263431542461005
0 0.37109375 0.4809358752166378 0.03125 0.05719237435008665
0 0.0087890625 0.1707105719237435 0.017578125 0.04679376083188908
0 0.013671875 0.031195840554592718 0.017578125 0.03466204506065858
