0 0.82666015625 0.7568740955137482 0.0166015625 0.06367583212735166
0 0.9345703125 0.6483357452966715 0.03515625 0.05788712011577424
0 0.8837890625 0.7091172214182344 0.052734375 0.06078147612156295
0 0.78515625 0.6244573082489145 0.03515625 0.05933429811866859
0 0.77392578125 0.5426917510853835 0.0302734375 0.06078147612156295
0 0.8544921875 0.5253256150506512 0.033203125 0.05788712011577424
0 0.677734375 0.557163531114327 0.033203125 0.0723589001447178
0 0.59814453125 0.6338639652677279 0.0341796875 0.06657018813314038
0 0.583984375 0.4913169319826338 0.03515625 0.05933429811866859
0 0.74609375 0.4659913169319826 0.02734375 0.05209840810419681
0 0.6494140625 0.43125904486251804 0.029296875 0.05788712011577424
0 0.50146484375 0.6172214182344428 0.0322265625 0.06512301013024602
0 0.47265625 0.5303907380607814 0.025390625 0.05933429811866859
0 0.400390625 0.5767004341534008 0.03125 0.05933429811866859
0 0.4208984375 0.5130246020260492 0.03515625 0.05065123010130246
0 0.44140625 0.4725036179450072 0.02734375 0.05354558610709117
0 0.38671875 0.42474674384949346 0.0234375 0.04486251808972503
0 0.5322265625 0.47684515195369026 0.02734375 0.05643994211287988
0 0.4921875 0.4341534008683068 0.025390625 0.0492040520984081
0 0.4423828125 0.42547033285094066 0.025390625 0.0492040520984081
0 0.33251953125 0.532561505065123 0.0322265625 0.0492040520984081
0 0.25732421875 0.5918958031837915 0.0263671875 0.04341534008683068
0 0.28173828125 0.4696092619392185 0.0224609375 0.04486251808972503
0 0.32568359375 0.4558610709117221 0.0322265625 0.05209840810419681
0 0.310546875 0.39507959479015914 0.021484375 0.03762662807525325
0 0.37548828125 0.39290882778581765 0.0185546875 0.03907380607814761
0 0.23681640625 0.39290882778581765 0.0244140625 0.04196816208393632
0 0.18994140625 0.4782923299565846 0.0302734375 0.04775687409551375
0 0.158203125 0.48046309696092615 0.033203125 0.06078147612156295
0 0.09228515625 0.544862518089725 0.0302734375 0.04486251808972503
0 0.02294921875 0.5824891461649783 0.0322265625 0.05065123010130246
0 0.00732421875 0.4826338639652677 0.0146484375 0.06222865412445731
0 0.01318359375 0.44790159189580314 0.0166015625 0.03907380607814761
0 0.01416015625 0.39290882778581765 0.0205078125 0.04196816208393632
0 0.03515625 0.38856729377713456 0.01953125 0.04775687409551375
0 0.037109375 0.31620839363241676 0.025390625 0.03907380607814761
0 0.09619140625 0.32778581765557163 0.0224609375 0.0361794500723589
0 0.041015625 0.4377713458755427 0.033203125 0.03907380607814761
0 0.08935546875 0.49348769898697536 0.0322265625 0.0492040520984081
0 0.11181640625 0.4529667149059334 0.0302734375 0.0492040520984081
0 0.17919921875 0.4334298118668596 0.0224609375 0.0361794500723589
0 0.1279296875 0.3907380607814761 0.0234375 0.03762662807525325
0 0.1826171875 0.3712011577424023 0.021484375 0.03907380607814761
0 0.0751953125 0.3314037626628075 0.017578125 0.03183791606367583
0 0.1572265625 0.31910274963820545 0.021484375 0.027496382054992764
0 0.2021484375 0.35311143270622286 0.021484375 0.04052098408104197
0 0.24462890625 0.308972503617945 0.0302734375 0.04486251808972503
0 0.22412109375 0.2785817655571635 0.0185546875 0.030390738060781474
0 0.27734375 0.33574529667149056 0.025390625 0.04630969609261939
0 0.32958984375 0.3183791606367583 0.0185546875 0.04052098408104197
0 0.08203125 0.2937771345875542 0.021484375 0.03762662807525325
0 0.10791015625 0.28075253256150506 0.0166015625 0.03183791606367583
0 0.0419921875 0.2525325615050651 0.01953125 0.03328509406657019
0 0.00732421875 0.27930535455861066 0.0126953125 0.023154848046309694
0 0.0263671875 0.20188133140376266 0.01171875 0.02460202604920405
0 0.0166015625 0.17872648335745295 0.01171875 0.02170767004341534
0 0.03564453125 0.16642547033285093 0.0126953125 0.023154848046309694
0 0.0419921875 0.1837916063675832 0.015625 0.026049204052098405
0 0.07861328125 0.23371924746743847 0.0126953125 0.02460202604920405
0 0.0859375 0.1874095513748191 0.01171875 0.018813314037626625
0 0.1318359375 0.203328509406657 0.013671875 0.027496382054992764
0 0.13818359375 0.23733719247467436 0.0205078125 0.03183791606367583
0 0.1376953125 0.16931982633863965 0.01171875 0.023154848046309694
0 0.1474609375 0.13531114327062227 0.01171875 0.02460202604920405
0 0.1650390625 0.16787264833574528 0.009765625 0.020260492040520984
0 0.1767578125 0.18234442836468884 0.01953125 0.026049204052098405
0 0.1943359375 0.23371924746743847 0.01953125 0.030390738060781474
0 0.2294921875 0.150506512301013 0.013671875 0.026049204052098405
0 0.24609375 0.23082489146164978 0.017578125 0.0361794500723589
0 0.22998046875 0.2199710564399421 0.0126953125 0.026049204052098405
0 0.24658203125 0.191027496382055 0.0126953125 0.023154848046309694
0 0.2490234375 0.1642547033285094 0.01171875 0.02170767004341534
0 0.25 0.14327062228654122 0.01171875 0.023154848046309694
0 0.2724609375 0.1808972503617945 0.013671875 0.023154848046309694
0 0.2666015625 0.2272069464544139 0.015625 0.03183791606367583
0 0.30908203125 0.2329956584659913 0.0166015625 0.03183791606367583
0 0.30224609375 0.1570188133140376 0.0107421875 0.02170767004341534
0 0.3037109375 0.12301013024602026 0.01171875 0.020260492040520984
0 0.32958984375 0.150506512301013 0.0087890625 0.01736613603473227
0 0.3388671875 0.1476121562952243 0.01171875 0.020260492040520984
0 0.35595703125 0.15629522431259044 0.0107421875 0.020260492040520984
0 0.30029296875 0.20405209840810418 0.0107421875 0.023154848046309694
0 0.322265625 0.24384949348769897 0.013671875 0.02460202604920405
0 0.3642578125 0.3082489146164978 0.021484375 0.04630969609261939
0 0.37890625 0.276410998552822 0.01953125 0.03762662807525325
0 0.3857421875 0.19175108538350216 0.013671875 0.027496382054992764
0 0.37255859375 0.14616497829232994 0.0107421875 0.023154848046309694
0 0.2255859375 0.1874095513748191 0.009765625 0.018813314037626625
0 0.36328125 0.21490593342981185 0.017578125 0.03328509406657019
0 0.322265625 0.20188133140376266 0.013671875 0.027496382054992764
0 0.33740234375 0.17872648335745295 0.0126953125 0.02170767004341534
0 0.32177734375 0.17800289435600578 0.0126953125 0.023154848046309694
0 0.392578125 0.15340086830680172 0.013671875 0.020260492040520984
0 0.3857421875 0.12228654124457307 0.01171875 0.018813314037626625
0 0.4013671875 0.23661360347322719 0.017578125 0.030390738060781474
0 0.39892578125 0.31910274963820545 0.0166015625 0.03328509406657019
0 0.203125 0.12952243125904486 0.01171875 0.02170767004341534
0 0.27783203125 0.2098408104196816 0.0126953125 0.023154848046309694
0 0.35595703125 0.19392185238784368 0.0126953125 0.020260492040520984
0 0.33642578125 0.11649782923299565 0.0107421875 0.02170767004341534
0 0.34716796875 0.11505065123010129 0.0126953125 0.02170767004341534
0 0.42236328125 0.1541244573082489 0.0126953125 0.02460202604920405
0 0.4013671875 0.13386396526772792 0.005859375 0.02460202604920405
0 0.41259765625 0.10998552821997105 0.0107421875 0.020260492040520984
0 0.44189453125 0.20477568740955135 0.0146484375 0.027496382054992764
0 0.47216796875 0.20477568740955135 0.0126953125 0.02460202604920405
0 0.43896484375 0.14399421128798842 0.0087890625 0.02170767004341534
0 0.44775390625 0.12735166425470332 0.0107421875 0.01736613603473227
0 0.46923828125 0.12518089725036177 0.0107421875 0.018813314037626625
0 0.41943359375 0.2272069464544139 0.0146484375 0.026049204052098405
0 0.453125 0.256150506512301 0.015625 0.03183791606367583
0 0.4833984375 0.24746743849493485 0.01953125 0.03473227206946454
0 0.5029296875 0.1808972503617945 0.01171875 0.026049204052098405
0 0.46337890625 0.3451519536903039 0.0205078125 0.0361794500723589
0 0.49658203125 0.3096960926193922 0.0185546875 0.04052098408104197
0 0.5283203125 0.36396526772793053 0.021484375 0.04196816208393632
0 0.58544921875 0.3907380607814761 0.0283203125 0.05209840810419681
0 0.529296875 0.29956584659913166 0.021484375 0.04341534008683068
0 0.5634765625 0.29088277858176553 0.01953125 0.04052098408104197
0 0.55029296875 0.28002894356005786 0.0146484375 0.030390738060781474
0 0.58349609375 0.31548480463096956 0.0205078125 0.03473227206946454
0 0.51708984375 0.19898697539797394 0.0126953125 0.027496382054992764
0 0.5244140625 0.2228654124457308 0.017578125 0.02894356005788712
0 0.55615234375 0.22214182344428363 0.0185546875 0.03328509406657019
0 0.4951171875 0.13965267727930533 0.01171875 0.02460202604920405
0 0.5107421875 0.12083936324167872 0.01171875 0.02460202604920405
0 0.58447265625 0.15340086830680172 0.0107421875 0.023154848046309694
0 0.56689453125 0.1215629522431259 0.0126953125 0.023154848046309694
0 0.60595703125 0.1541244573082489 0.0126953125 0.027496382054992764
0 0.6044921875 0.11215629522431259 0.009765625 0.018813314037626625
0 0.61474609375 0.18596237337192473 0.0146484375 0.02460202604920405
0 0.53662109375 0.17583212735166423 0.0126953125 0.02170767004341534
0 0.52880859375 0.09623733719247467 0.0087890625 0.018813314037626625
0 0.640625 0.22069464544138928 0.017578125 0.030390738060781474
0 0.63671875 0.26338639652677276 0.017578125 0.03183791606367583
0 0.63818359375 0.19826338639652677 0.0166015625 0.02894356005788712
0 0.6298828125 0.15991316931982633 0.013671875 0.02170767004341534
0 0.63134765625 0.13024602026049203 0.0126953125 0.023154848046309694
0 0.6513671875 0.10636758321273516 0.009765625 0.02170767004341534
0 0.65478515625 0.2004341534008683 0.0087890625 0.02170767004341534
0 0.6181640625 0.3082489146164978 0.015625 0.04052098408104197
0 0.63232421875 0.3060781476121563 0.0224609375 0.04775687409551375
0 0.62255859375 0.366136034732272 0.0244140625 0.05209840810419681
0 0.65625 0.2923299565846599 0.021484375 0.03762662807525325
0 0.66259765625 0.32633863965267723 0.0185546875 0.03907380607814761
0 0.73388671875 0.2937771345875542 0.0224609375 0.03762662807525325
0 0.712890625 0.24529667149059334 0.021484375 0.0361794500723589
0 0.76953125 0.3060781476121563 0.013671875 0.030390738060781474
0 0.7919921875 0.308972503617945 0.01953125 0.0361794500723589
0 0.78662109375 0.3545586107091172 0.0205078125 0.03473227206946454
0 0.8203125 0.37192474674384945 0.0234375 0.04341534008683068
0 0.66845703125 0.19753979739507957 0.0146484375 0.02460202604920405
0 0.66845703125 0.14833574529667148 0.0107421875 0.02460202604920405
0 0.6875 0.12301013024602026 0.01171875 0.020260492040520984
0 0.72509765625 0.22575976845151952 0.0185546875 0.03762662807525325
0 0.71923828125 0.17293777134587554 0.0126953125 0.02460202604920405
0 0.75048828125 0.20911722141823444 0.0166015625 0.02460202604920405
0 0.75341796875 0.23589001447178 0.0126953125 0.03762662807525325
0 0.78466796875 0.21273516642547033 0.0146484375 0.02894356005788712
0 0.826171875 0.21490593342981185 0.017578125 0.03328509406657019
0 0.81689453125 0.27496382054992763 0.0166015625 0.03473227206946454
0 0.83251953125 0.18958031837916062 0.0166015625 0.02894356005788712
0 0.81494140625 0.17583212735166423 0.0146484375 0.02460202604920405
0 0.7333984375 0.10926193921852387 0.01171875 0.018813314037626625
0 0.85107421875 0.39580318379160634 0.0244140625 0.05065123010130246
0 0.875 0.42402315484804626 0.029296875 0.05788712011577424
0 0.865234375 0.3654124457308249 0.02734375 0.04486251808972503
0 0.85888671875 0.28002894356005786 0.0166015625 0.030390738060781474
0 0.8828125 0.27496382054992763 0.025390625 0.05209840810419681
0 0.9130859375 0.44138929088277856 0.0234375 0.04341534008683068
0 0.7763671875 0.16570188133140376 0.009765625 0.018813314037626625
0 0.85400390625 0.23444283646888567 0.0146484375 0.026049204052098405
0 0.873046875 0.22575976845151952 0.017578125 0.03183791606367583
0 0.89404296875 0.23010130246020258 0.0205078125 0.04052098408104197
0 0.96240234375 0.29667149059334297 0.0244140625 0.04341534008683068
0 0.93408203125 0.2496382054992764 0.0166015625 0.027496382054992764
0 0.951171875 0.25108538350217074 0.015625 0.030390738060781474
0 0.91064453125 0.16859623733719245 0.0146484375 0.02460202604920405
0 0.88623046875 0.15340086830680172 0.0126953125 0.023154848046309694
0 0.94287109375 0.17293777134587554 0.0126953125 0.02170767004341534
0 0.9716796875 0.16497829232995656 0.01171875 0.023154848046309694
0 0.99169921875 0.21056439942112878 0.0146484375 0.03328509406657019
0 0.98974609375 0.36034732272069464 0.0185546875 0.05209840810419681
0 0.77685546875 0.13024602026049203 0.0126953125 0.023154848046309694
0 0.7666015625 0.15991316931982633 0.009765625 0.02170767004341534
0 0.8515625 0.13024602026049203 0.009765625 0.020260492040520984
0 0.70166015625 0.5173661360347322 0.0146484375 0.04196816208393632
0 0.697265625 0.1968162083936324 0.015625 0.026049204052098405
0 0.82080078125 0.10926193921852387 0.0126953125 0.027496382054992764
0 0.83642578125 0.10419681620839362 0.0107421875 0.020260492040520984
0 0.953125 0.13748191027496381 0.01171875 0.026049204052098405
0 0.9833984375 0.1280752532561505 0.01171875 0.02170767004341534
0 0.896484375 0.12445730824891461 0.01171875 0.023154848046309694
0 0.91650390625 0.1410998552821997 0.0087890625 0.018813314037626625
0 0.4736328125 0.17438494934876989 0.015625 0.030390738060781474
0 0.45166015625 0.1837916063675832 0.0146484375 0.026049204052098405
