0 0.2568359375 0.46549479166666663 0.029296875 0.04036458333333333
0 0.2919921875 0.3841145833333333 0.017578125 0.0234375
0 0.1259765625 0.41080729166666663 0.01953125 0.01953125
0 0.408203125 0.44401041666666663 0.025390625 0.020833333333333332
0 0.37158203125 0.32421875 0.0126953125 0.0234375
0 0.46630859375 0.35416666666666663 0.0166015625 0.013020833333333332
0 0.431640625 0.3098958333333333 0.0078125 0.013020833333333332
0 0.46923828125 0.291015625 0.0087890625 0.014322916666666666
0 0.501953125 0.298828125 0.0078125 0.014322916666666666
0 0.60400390625 0.4036458333333333 0.0185546875 0.013020833333333332
0 0.66796875 0.41861979166666663 0.01953125 0.014322916666666666
0 0.7119140625 0.35546875 0.01953125 0.013020833333333332
0 0.73974609375 0.32682291666666663 0.0087890625 0.013020833333333332
0 0.66796875 0.30924479166666663 0.0078125 0.014322916666666666
0 0.67529296875 0.3040364583333333 0.0087890625 0.014322916666666666
0 0.703125 0.3138020833333333 0.005859375 0.015625
0 0.63427734375 0.296875 0.0107421875 0.015625
0 0.60009765625 0.3059895833333333 0.0087890625 0.015625
0 0.82568359375 0.3177083333333333 0.0107421875 0.018229166666666664
0 0.8984375 0.359375 0.01171875 0.018229166666666664
0 0.91650390625 0.3430989583333333 0.0322265625 0.029947916666666664
0 0.56591796875 0.29361979166666663 0.0087890625 0.014322916666666666
0 0.53662109375 0.30078125 0.0087890625 0.015625
