0 0.171875 0.07594086021505377 0.060546875 0.08198924731182797
0 0.513671875 0.8165322580645162 0.06640625 0.09274193548387097
0 0.97607421875 0.8487903225806452 0.0341796875 0.04435483870967742
0 0.9326171875 0.7715053763440861 0.03125 0.043010752688172046
0 0.876953125 0.7405913978494624 0.03125 0.043010752688172046
0 0.8779296875 0.6706989247311829 0.03125 0.040322580645161296
0 0.8212890625 0.5900537634408602 0.029296875 0.043010752688172046
0 0.76123046875 0.5739247311827957 0.0244140625 0.03763440860215054
0 0.73876953125 0.508736559139785 0.0263671875 0.04166666666666667
0 0.71533203125 0.46975806451612906 0.0263671875 0.036290322580645164
0 0.62744140625 0.5403225806451614 0.0380859375 0.05913978494623656
0 0.59326171875 0.44422043010752693 0.0380859375 0.05510752688172044
0 0.5595703125 0.3709677419354839 0.037109375 0.05645161290322581
0 0.5244140625 0.3057795698924731 0.04296875 0.05241935483870968
0 0.46484375 0.29838709677419356 0.041015625 0.05376344086021506
0 0.4736328125 0.21169354838709678 0.03515625 0.04973118279569893
0 0.3603515625 0.4213709677419355 0.044921875 0.06317204301075269
0 0.41845703125 0.5685483870967742 0.0439453125 0.07795698924731183
