0 0.09326171875 0.25846354166666663 0.0439453125 0.061197916666666664
0 0.21337890625 0.27213541666666663 0.0361328125 0.0625
0 0.25634765625 0.5071614583333333 0.0439453125 0.05859375
0 0.337890625 0.43359375 0.03515625 0.0546875
0 0.32470703125 0.3313802083333333 0.0322265625 0.053385416666666664
0 0.3935546875 0.41080729166666663 0.033203125 0.053385416666666664
0 0.43701171875 0.5436197916666666 0.0419921875 0.061197916666666664
0 0.529296875 0.4505208333333333 0.03125 0.046875
0 0.60009765625 0.52734375 0.0400390625 0.05989583333333333
0 0.65625 0.46484375 0.037109375 0.0546875
0 0.77294921875 0.5071614583333333 0.0419921875 0.06380208333333333
0 0.796875 0.2825520833333333 0.03125 0.05208333333333333
0 0.84228515625 0.28190104166666663 0.0302734375 0.04817708333333333
0 0.94873046875 0.5279947916666666 0.0439453125 0.05859375
