0 0.83740234375 0.4296875 0.0185546875 0.03993055555555555
0 0.91552734375 0.3680555555555555 0.0068359375 0.013888888888888888
0 0.71435546875 0.42013888888888884 0.0146484375 0.03819444444444444
0 0.63623046875 0.4140625 0.0146484375 0.03993055555555555
0 0.64501953125 0.4114583333333333 0.0224609375 0.048611111111111105
0 0.599609375 0.4453125 0.015625 0.03993055555555555
0 0.578125 0.43402777777777773 0.025390625 0.05555555555555555
0 0.599609375 0.3940972222222222 0.005859375 0.010416666666666666
0 0.49072265625 0.45572916666666663 0.0283203125 0.05381944444444444
0 0.41455078125 0.4704861111111111 0.0263671875 0.05555555555555555
0 0.3603515625 0.5286458333333333 0.029296875 0.05381944444444444
0 0.1171875 0.3723958333333333 0.046875 0.11631944444444443
0 0.19873046875 0.4722222222222222 0.0322265625 0.04513888888888889
0 0.29052734375 0.4539930555555555 0.0283203125 0.05381944444444444
0 0.00830078125 0.5815972222222222 0.0166015625 0.05555555555555555
