0 0.2783203125 0.26677524429967425 0.05078125 0.030618892508143324
0 0.8984375 0.34136807817589576 0.01953125 0.01954397394136808
0 0.8408203125 0.34136807817589576 0.0234375 0.018241042345276876
0 0.82421875 0.347557003257329 0.015625 0.018892508143322478
0 0.78369140625 0.34918566775244303 0.0224609375 0.016938110749185668
0 0.87158203125 0.3214983713355049 0.0107421875 0.00977198697068404
0 0.57470703125 0.33485342019543973 0.0205078125 0.015635179153094463
0 0.60400390625 0.345928338762215 0.0244140625 0.023452768729641693
0 0.66455078125 0.33127035830618895 0.0185546875 0.016286644951140065
0 0.6845703125 0.34136807817589576 0.021484375 0.023452768729641693
0 0.7529296875 0.3400651465798046 0.015625 0.016938110749185668
0 0.732421875 0.3433224755700326 0.021484375 0.01954397394136808
0 0.76611328125 0.3449511400651466 0.0107421875 0.00977198697068404
0 0.29638671875 0.7530944625407167 0.0419921875 0.02214983713355049
