0 0.5732421875 0.3248175182481752 0.0390625 0.06861313868613138
0 0.71240234375 0.3583941605839416 0.0361328125 0.059854014598540145
0 0.81787109375 0.3262773722627737 0.0283203125 0.05693430656934306
0 0.89697265625 0.32919708029197076 0.0283203125 0.05401459854014598
0 0.171875 0.5255474452554744 0.01953125 0.03503649635036496
0 0.8115234375 0.1510948905109489 0.009765625 0.016058394160583942
0 0.748046875 0.11605839416058393 0.009765625 0.01897810218978102
0 0.70947265625 0.1291970802919708 0.0107421875 0.016058394160583942
0 0.69677734375 0.08102189781021897 0.0107421875 0.0218978102189781
0 0.80859375 0.07372262773722628 0.009765625 0.016058394160583942
0 0.83740234375 0.1408759124087591 0.0107421875 0.01897810218978102
0 0.45849609375 0.3408759124087591 0.0380859375 0.07153284671532846
