0 0.18896484375 0.5715062533985862 0.0732421875 0.03045133224578575
0 0.27490234375 0.5628058727569331 0.0458984375 0.029363784665579117
0 0.4423828125 0.5546492659053833 0.0625 0.034801522566612286
0 0.54638671875 0.5568243610657966 0.0478515625 0.031538879825992384
0 0.66357421875 0.5557368134855899 0.0595703125 0.036976617727025554
0 0.42236328125 0.11011419249592169 0.0654296875 0.040783034257748776
0 0.89306640625 0.3181076672104404 0.0205078125 0.014138118542686241
0 0.9482421875 0.3170201196302338 0.01953125 0.014138118542686241
0 0.93505859375 0.34420880913539964 0.0205078125 0.014138118542686241
0 0.9921875 0.3779227841218053 0.013671875 0.013050570962479607
0 0.845703125 0.47716150081566067 0.02734375 0.016856987493202826
0 0.75048828125 0.4787928221859706 0.0283203125 0.015769439912996192
0 0.6376953125 0.48123980424143553 0.021484375 0.01087547580206634
0 0.79443359375 0.42740619902120713 0.0205078125 0.014138118542686241
0 0.7451171875 0.3966829798803697 0.021484375 0.01250679717237629
0 0.69921875 0.3700380641653072 0.01953125 0.015769439912996192
0 0.65380859375 0.3393148450244698 0.0146484375 0.008700380641653072
0 0.58837890625 0.33958673191952143 0.0205078125 0.011419249592169656
0 0.51611328125 0.33904295812941815 0.0185546875 0.010331702011963022
0 0.6181640625 0.36568787384448065 0.021484375 0.014681892332789558
0 0.5634765625 0.36242523110386077 0.0234375 0.013594344752582924
0 0.48291015625 0.36324089178901575 0.0224609375 0.01087547580206634
0 0.53466796875 0.3985861881457313 0.0205078125 0.01631321370309951
0 0.60009765625 0.39804241435562804 0.0244140625 0.015225666122892875
0 0.67529296875 0.3994018488308863 0.0205078125 0.01250679717237629
0 0.7236328125 0.4206090266449157 0.02734375 0.015769439912996192
0 0.6435546875 0.4309407286568787 0.02734375 0.015769439912996192
0 0.564453125 0.42659053833605215 0.025390625 0.014681892332789558
0 0.494140625 0.4801522566612289 0.021484375 0.014138118542686241
0 0.39697265625 0.42414355628058725 0.0224609375 0.015225666122892875
0 0.43408203125 0.3833605220228385 0.0166015625 0.013050570962479607
0 0.361328125 0.3591625883632409 0.01953125 0.013594344752582924
0 0.2861328125 0.35861881457313755 0.0234375 0.01250679717237629
0 0.32958984375 0.4227841218053289 0.0205078125 0.013594344752582924
0 0.3095703125 0.476073953235454 0.025390625 0.013594344752582924
0 0.1728515625 0.4252311038607939 0.025390625 0.015225666122892875
0 0.0859375 0.4192495921696574 0.0234375 0.015225666122892875
0 0.0986328125 0.35345296356715605 0.0234375 0.015225666122892875
0 0.03564453125 0.35671560630777593 0.0205078125 0.014138118542686241
0 0.1357421875 0.29445350734094616 0.017578125 0.011419249592169656
0 0.19580078125 0.331973898858075 0.0205078125 0.009244154431756389
0 0.16650390625 0.26753670473083196 0.0185546875 0.013050570962479607
0 0.4541015625 0.3404023926046764 0.017578125 0.015225666122892875
0 0.556640625 0.49564980967917344 0.01953125 0.011419249592169656
0 0.1337890625 0.39015769439912995 0.015625 0.008156606851549755
0 0.0615234375 0.41054921152800433 0.015625 0.014138118542686241
0 0.11328125 0.4045676998368678 0.013671875 0.01087547580206634
0 0.1064453125 0.3811854268624252 0.021484375 0.013050570962479607
0 0.12353515625 0.41299619358346923 0.0146484375 0.011419249592169656
0 0.07421875 0.39260467645459485 0.009765625 0.008700380641653072
0 0.26904296875 0.3455682436106579 0.0107421875 0.009244154431756389
0 0.21435546875 0.3806416530723219 0.0126953125 0.007612833061446438
0 0.33154296875 0.3790103317020119 0.0087890625 0.009787928221859706
