0 0.11376953125 0.2187958883994126 0.0654296875 0.12334801762114536
0 0.2685546875 0.2254038179148311 0.056640625 0.11600587371512482
0 0.3955078125 0.2606461086637298 0.0546875 0.08663729809104258
0 0.55419921875 0.19897209985315711 0.0498046875 0.10425844346549192
0 0.693359375 0.22834067547723935 0.0546875 0.10719530102790015
0 0.7802734375 0.19016152716593243 0.052734375 0.12187958883994125
0 0.86181640625 0.3340675477239354 0.0419921875 0.06020558002936857
0 0.9208984375 0.2555066079295154 0.060546875 0.11453744493392069
0 0.11181640625 0.5066079295154184 0.0712890625 0.12334801762114536
0 0.31298828125 0.5572687224669604 0.0615234375 0.12187958883994125
0 0.57080078125 0.6358296622613803 0.0615234375 0.1027900146842878
0 0.68359375 0.5418502202643172 0.05859375 0.12628487518355358
0 0.87255859375 0.5653450807635829 0.0791015625 0.15565345080763582
