0 0.1875 0.5540364583333333 0.03125 0.037760416666666664
0 0.24755859375 0.4095052083333333 0.0166015625 0.02734375
0 0.28369140625 0.427734375 0.0166015625 0.024739583333333332
0 0.29248046875 0.3821614583333333 0.0146484375 0.022135416666666664
0 0.3994140625 0.39127604166666663 0.01171875 0.014322916666666666
0 0.4228515625 0.42643229166666663 0.015625 0.016927083333333332
0 0.35986328125 0.4895833333333333 0.0283203125 0.03645833333333333
0 0.484375 0.46875 0.0234375 0.0546875
0 0.46923828125 0.40234375 0.0166015625 0.026041666666666664
0 0.5400390625 0.41080729166666663 0.01171875 0.014322916666666666
0 0.5751953125 0.4231770833333333 0.017578125 0.028645833333333332
0 0.57958984375 0.38151041666666663 0.0146484375 0.020833333333333332
0 0.65869140625 0.373046875 0.0107421875 0.022135416666666664
0 0.68896484375 0.41666666666666663 0.0146484375 0.0234375
0 0.7265625 0.36979166666666663 0.009765625 0.018229166666666664
0 0.75 0.408203125 0.01171875 0.01953125
0 0.833984375 0.478515625 0.025390625 0.03255208333333333
0 0.8388671875 0.36197916666666663 0.015625 0.03125
0 0.869140625 0.3743489583333333 0.013671875 0.022135416666666664
0 0.93212890625 0.427734375 0.0244140625 0.02734375
0 0.7216796875 0.5091145833333333 0.01953125 0.020833333333333332
0 0.0107421875 0.521484375 0.021484375 0.06380208333333333
