0 0.62109375 0.47330729166666663 0.0390625 0.06640625
0 0.7998046875 0.4856770833333333 0.03125 0.05989583333333333
0 0.0888671875 0.2903645833333333 0.02734375 0.046875
0 0.04638671875 0.31705729166666663 0.0185546875 0.045572916666666664
0 0.1787109375 0.2766927083333333 0.033203125 0.04817708333333333
0 0.265625 0.310546875 0.033203125 0.06380208333333333
0 0.310546875 0.24544270833333331 0.033203125 0.053385416666666664
0 0.36181640625 0.3587239583333333 0.0263671875 0.06380208333333333
0 0.39404296875 0.32486979166666663 0.0283203125 0.05598958333333333
0 0.4697265625 0.3196614583333333 0.033203125 0.061197916666666664
0 0.57763671875 0.3046875 0.0263671875 0.046875
