0 0.92822265625 0.6106770833333333 0.0224609375 0.03645833333333333
0 0.62451171875 0.4837239583333333 0.0166015625 0.03255208333333333
0 0.5732421875 0.544921875 0.029296875 0.045572916666666664
0 0.4287109375 0.5260416666666666 0.01171875 0.0234375
0 0.4208984375 0.5240885416666666 0.015625 0.02734375
0 0.39697265625 0.5227864583333333 0.0166015625 0.02734375
0 0.14990234375 0.5305989583333333 0.0263671875 0.037760416666666664
0 0.15771484375 0.45768229166666663 0.0205078125 0.037760416666666664
0 0.30517578125 0.5201822916666666 0.0224609375 0.02734375
0 0.07275390625 0.4140625 0.0107421875 0.015625
0 0.02490234375 0.40494791666666663 0.0068359375 0.010416666666666666
