0 0.01513671875 0.279296875 0.0302734375 0.05598958333333333
0 0.1064453125 0.25 0.044921875 0.08333333333333333
0 0.2978515625 0.24348958333333331 0.04296875 0.08072916666666666
0 0.275390625 0.32486979166666663 0.041015625 0.10807291666666666
0 0.42626953125 0.37760416666666663 0.0634765625 0.13020833333333331
0 0.4853515625 0.2981770833333333 0.01953125 0.0390625
0 0.4931640625 0.3372395833333333 0.029296875 0.05208333333333333
0 0.40478515625 0.294921875 0.0263671875 0.04296875
0 0.564453125 0.34440104166666663 0.015625 0.022135416666666664
0 0.5927734375 0.33984375 0.021484375 0.0390625
0 0.60791015625 0.39453125 0.0400390625 0.08072916666666666
0 0.7158203125 0.33463541666666663 0.01953125 0.033854166666666664
0 0.751953125 0.3509114583333333 0.046875 0.07161458333333333
0 0.81494140625 0.36197916666666663 0.0654296875 0.13020833333333331
0 0.88623046875 0.34440104166666663 0.0126953125 0.029947916666666664
0 0.90283203125 0.3515625 0.0126953125 0.026041666666666664
0 0.9541015625 0.34830729166666663 0.01953125 0.03255208333333333
0 0.98828125 0.36002604166666663 0.021484375 0.04036458333333333
0 0.18505859375 0.3359375 0.0263671875 0.04427083333333333
0 0.15771484375 0.28125 0.0166015625 0.03125
