0 0.15771484375 0.2532552083333333 0.0322265625 0.04296875
0 0.26806640625 0.18033854166666666 0.0361328125 0.053385416666666664
0 0.373046875 0.22395833333333331 0.03125 0.049479166666666664
0 0.27490234375 0.3372395833333333 0.0361328125 0.046875
0 0.1611328125 0.328125 0.033203125 0.05208333333333333
0 0.58349609375 0.2109375 0.0283203125 0.05208333333333333
0 0.70068359375 0.22786458333333331 0.0322265625 0.04427083333333333
0 0.783203125 0.18684895833333331 0.03125 0.061197916666666664
0 0.85693359375 0.22395833333333331 0.0322265625 0.05208333333333333
0 0.849609375 0.34635416666666663 0.03515625 0.049479166666666664
0 0.91845703125 0.44010416666666663 0.0341796875 0.0546875
0 0.74169921875 0.4427083333333333 0.0341796875 0.049479166666666664
0 0.72705078125 0.35026041666666663 0.0341796875 0.049479166666666664
0 0.7001953125 0.294921875 0.03125 0.05859375
0 0.78955078125 0.2845052083333333 0.0400390625 0.04296875
0 0.58349609375 0.29947916666666663 0.0322265625 0.041666666666666664
0 0.611328125 0.337890625 0.029296875 0.045572916666666664
0 0.58447265625 0.3567708333333333 0.0341796875 0.05989583333333333
0 0.49365234375 0.36979166666666663 0.0361328125 0.05208333333333333
0 0.53076171875 0.30729166666666663 0.0341796875 0.046875
0 0.47412109375 0.220703125 0.0322265625 0.04036458333333333
0 0.67333984375 0.384765625 0.0322265625 0.03515625
0 0.4541015625 0.333984375 0.033203125 0.04817708333333333
0 0.40380859375 0.353515625 0.0302734375 0.05078125
0 0.37744140625 0.43815104166666663 0.0341796875 0.04296875
0 0.3720703125 0.36393229166666663 0.033203125 0.05078125
0 0.2451171875 0.380859375 0.0390625 0.053385416666666664
0 0.27001953125 0.435546875 0.0361328125 0.05859375
0 0.19580078125 0.427734375 0.0400390625 0.053385416666666664
0 0.10009765625 0.41796875 0.0322265625 0.05208333333333333
0 0.7861328125 0.6243489583333333 0.03515625 0.04296875
0 0.72119140625 0.6165364583333333 0.0341796875 0.04296875
0 0.6416015625 0.65625 0.03515625 0.04427083333333333
0 0.5478515625 0.6555989583333333 0.037109375 0.05078125
0 0.46240234375 0.6484375 0.0341796875 0.049479166666666664
0 0.328125 0.623046875 0.03515625 0.05078125
0 0.19873046875 0.65625 0.0361328125 0.04427083333333333
