0 0.9453125 0.3375912408759124 0.025390625 0.11313868613138686
0 0.8603515625 0.31934306569343063 0.029296875 0.11313868613138686
0 0.82470703125 0.18248175182481752 0.0205078125 0.0948905109489051
0 0.76806640625 0.40875912408759124 0.0263671875 0.1094890510948905
0 0.751953125 0.16970802919708028 0.01171875 0.06204379562043796
0 0.728515625 0.1624087591240876 0.01171875 0.06204379562043796
0 0.6611328125 0.14963503649635035 0.015625 0.08759124087591241
0 0.552734375 0.14233576642335766 0.01953125 0.0948905109489051
0 0.4658203125 0.12226277372262773 0.01953125 0.09124087591240876
0 0.42626953125 0.2864963503649635 0.0185546875 0.07664233576642336
0 0.29443359375 0.2572992700729927 0.0380859375 0.17883211678832117
0 0.20947265625 0.4562043795620438 0.0419921875 0.1970802919708029
0 0.173828125 0.13686131386861314 0.037109375 0.17153284671532845
0 0.078125 0.27007299270072993 0.04296875 0.1897810218978102
