0 0.978515625 0.5024509803921569 0.029296875 0.057189542483660136
0 0.95361328125 0.4395424836601307 0.0224609375 0.05228758169934641
0 0.986328125 0.428921568627451 0.017578125 0.04738562091503268
0 0.91796875 0.42401960784313725 0.02734375 0.057189542483660136
0 0.8642578125 0.4746732026143791 0.02734375 0.04411764705882353
0 0.8173828125 0.4812091503267974 0.0234375 0.04738562091503268
0 0.68701171875 0.13398692810457516 0.0439453125 0.09150326797385622
0 0.52880859375 0.4575163398692811 0.0380859375 0.0784313725490196
0 0.59912109375 0.46895424836601307 0.0283203125 0.04575163398692811
0 0.66455078125 0.45098039215686275 0.0205078125 0.04575163398692811
0 0.43603515625 0.4607843137254902 0.0302734375 0.05555555555555556
0 0.46728515625 0.4493464052287582 0.0244140625 0.04575163398692811
0 0.33642578125 0.45016339869281047 0.0263671875 0.04411764705882353
0 0.236328125 0.03758169934640523 0.056640625 0.07516339869281045
0 0.14794921875 0.47058823529411764 0.0263671875 0.05555555555555556
0 0.1103515625 0.3643790849673203 0.01953125 0.049019607843137254
0 0.0244140625 0.3872549019607843 0.03125 0.05555555555555556
