0 0.12548828125 0.5180115273775215 0.0224609375 0.03890489913544668
0 0.126953125 0.6354466858789625 0.02734375 0.05187319884726224
0 0.1884765625 0.6102305475504323 0.025390625 0.050432276657060515
0 0.16357421875 0.5093659942363112 0.0224609375 0.04178674351585014
0 0.2626953125 0.6138328530259366 0.0234375 0.04899135446685879
0 0.337890625 0.5684438040345821 0.0234375 0.0446685878962536
0 0.294921875 0.5353025936599424 0.021484375 0.03890489913544668
0 0.32275390625 0.520893371757925 0.0185546875 0.030259365994236308
0 0.3212890625 0.4834293948126801 0.017578125 0.03314121037463977
0 0.267578125 0.5057636887608069 0.01953125 0.04322766570605187
0 0.232421875 0.5007204610951008 0.021484375 0.03890489913544668
0 0.19287109375 0.5100864553314121 0.0224609375 0.04322766570605187
0 0.13818359375 0.4906340057636887 0.0224609375 0.03890489913544668
0 0.1962890625 0.47406340057636887 0.021484375 0.034582132564841495
0 0.2138671875 0.5072046109510087 0.01953125 0.037463976945244955
0 0.25 0.5014409221902016 0.017578125 0.037463976945244955
0 0.2880859375 0.4690201729106628 0.015625 0.03314121037463977
0 0.34716796875 0.462536023054755 0.0185546875 0.03170028818443804
0 0.37158203125 0.47766570605187314 0.0166015625 0.04178674351585014
0 0.37060546875 0.5410662824207493 0.0244140625 0.047550432276657055
0 0.42919921875 0.5172910662824207 0.0205078125 0.037463976945244955
0 0.4990234375 0.574207492795389 0.029296875 0.053314121037463975
0 0.53271484375 0.49783861671469737 0.0205078125 0.04178674351585014
0 0.4794921875 0.49639769452449567 0.01953125 0.04178674351585014
0 0.44580078125 0.49351585014409216 0.0185546875 0.03890489913544668
0 0.50244140625 0.4747838616714697 0.0185546875 0.03890489913544668
0 0.58154296875 0.6210374639769453 0.0322265625 0.06340057636887608
0 0.59912109375 0.45965417867435154 0.0263671875 0.05187319884726224
0 0.64697265625 0.46469740634005763 0.0302734375 0.05619596541786743
0 0.67822265625 0.4214697406340057 0.0263671875 0.053314121037463975
0 0.75048828125 0.41354466858789624 0.0302734375 0.05763688760806916
0 0.787109375 0.39697406340057634 0.029296875 0.05619596541786743
0 0.6923828125 0.6217579250720461 0.03515625 0.07060518731988472
0 0.806640625 0.5929394812680114 0.037109375 0.07060518731988472
0 0.85400390625 0.6116714697406339 0.0205078125 0.03890489913544668
0 0.8720703125 0.6231988472622478 0.01953125 0.03602305475504323
0 0.93701171875 0.6671469740634005 0.0205078125 0.04322766570605187
0 0.9150390625 0.6073487031700288 0.021484375 0.03890489913544668
0 0.93994140625 0.5706051873198847 0.0166015625 0.03170028818443804
0 0.88427734375 0.520893371757925 0.0185546875 0.030259365994236308
0 0.3115234375 0.4164265129682997 0.015625 0.03170028818443804
0 0.35400390625 0.4164265129682997 0.0146484375 0.03170028818443804
0 0.38525390625 0.43155619596541783 0.0166015625 0.03314121037463977
0 0.40380859375 0.44164265129682995 0.0166015625 0.030259365994236308
0 0.4501953125 0.4207492795389049 0.015625 0.02881844380403458
0 0.41064453125 0.39697406340057634 0.0146484375 0.02737752161383285
0 0.38037109375 0.3991354466858789 0.0146484375 0.02593659942363112
0 0.39453125 0.3832853025936599 0.013671875 0.02593659942363112
0 0.44189453125 0.388328530259366 0.0126953125 0.02737752161383285
0 0.416015625 0.35806916426512964 0.01171875 0.024495677233429394
0 0.43212890625 0.3371757925072046 0.0126953125 0.02593659942363112
0 0.45166015625 0.31988472622478387 0.0126953125 0.023054755043227664
0 0.45166015625 0.3472622478386167 0.0126953125 0.02593659942363112
0 0.47119140625 0.3587896253602305 0.0126953125 0.02593659942363112
0 0.470703125 0.3919308357348703 0.015625 0.03170028818443804
0 0.4951171875 0.4063400576368876 0.017578125 0.03170028818443804
0 0.49072265625 0.36023054755043227 0.0146484375 0.02593659942363112
0 0.4755859375 0.32780979827089335 0.013671875 0.02737752161383285
0 0.50048828125 0.3422190201729106 0.0126953125 0.024495677233429394
0 0.53076171875 0.38040345821325644 0.0146484375 0.03170028818443804
0 0.54833984375 0.3530259365994236 0.0146484375 0.03170028818443804
0 0.51953125 0.3472622478386167 0.013671875 0.023054755043227664
0 0.49169921875 0.3184438040345821 0.0126953125 0.023054755043227664
0 0.51318359375 0.31123919308357345 0.0107421875 0.023054755043227664
0 0.5283203125 0.31051873198847263 0.009765625 0.018731988472622477
0 0.5283203125 0.3263688760806916 0.009765625 0.018731988472622477
0 0.53857421875 0.3184438040345821 0.0087890625 0.023054755043227664
0 0.5478515625 0.3148414985590778 0.01171875 0.024495677233429394
0 0.56396484375 0.3537463976945245 0.0126953125 0.02737752161383285
0 0.3876953125 0.47046109510086453 0.015625 0.03602305475504323
0 0.427734375 0.47046109510086453 0.015625 0.02737752161383285
0 0.48779296875 0.4546109510086455 0.0185546875 0.03314121037463977
0 0.5576171875 0.2968299711815562 0.009765625 0.017291066282420747
0 0.5673828125 0.30115273775216134 0.009765625 0.020172910662824207
0 0.57763671875 0.31123919308357345 0.0087890625 0.017291066282420747
0 0.57275390625 0.32780979827089335 0.0126953125 0.02737752161383285
0 0.58740234375 0.3206051873198847 0.0107421875 0.021613832853025934
0 0.603515625 0.3263688760806916 0.01171875 0.021613832853025934
0 0.5986328125 0.3025936599423631 0.009765625 0.020172910662824207
0 0.58544921875 0.28097982708933716 0.0107421875 0.020172910662824207
0 0.59228515625 0.2701729106628242 0.0087890625 0.01585014409221902
0 0.60205078125 0.2737752161383285 0.0107421875 0.020172910662824207
0 0.6015625 0.2507204610951008 0.009765625 0.017291066282420747
0 0.64794921875 0.2744956772334294 0.0126953125 0.021613832853025934
0 0.6455078125 0.24207492795389046 0.009765625 0.020172910662824207
0 0.6591796875 0.24927953890489912 0.009765625 0.020172910662824207
0 0.669921875 0.24423631123919307 0.009765625 0.018731988472622477
0 0.681640625 0.25432276657060515 0.009765625 0.018731988472622477
0 0.65478515625 0.21974063400576369 0.0107421875 0.021613832853025934
0 0.66748046875 0.2211815561959654 0.0087890625 0.018731988472622477
0 0.68359375 0.21469740634005763 0.009765625 0.020172910662824207
0 0.69384765625 0.2190201729106628 0.0087890625 0.020172910662824207
0 0.7109375 0.2053314121037464 0.009765625 0.018731988472622477
0 0.71630859375 0.22046109510086453 0.0087890625 0.020172910662824207
0 0.73681640625 0.21469740634005763 0.0107421875 0.020172910662824207
0 0.73876953125 0.196685878962536 0.0087890625 0.01585014409221902
0 0.7587890625 0.20677233429394812 0.009765625 0.018731988472622477
0 0.78369140625 0.20389048991354466 0.0107421875 0.018731988472622477
0 0.79638671875 0.19452449567723343 0.0087890625 0.017291066282420747
0 0.81201171875 0.18948126801152737 0.0107421875 0.018731988472622477
0 0.82080078125 0.17291066282420747 0.0126953125 0.017291066282420747
0 0.81982421875 0.14553314121037464 0.0107421875 0.020172910662824207
0 0.81787109375 0.12247838616714697 0.0146484375 0.020172910662824207
0 0.822265625 0.09726224783861671 0.01171875 0.021613832853025934
0 0.87158203125 0.5828530259365994 0.0205078125 0.03602305475504323
