0 0.14990234375 0.05090497737556562 0.0283203125 0.09728506787330318
0 0.189453125 0.24547511312217196 0.041015625 0.14705882352941177
0 0.23388671875 0.3563348416289593 0.0673828125 0.21040723981900455
0 0.3154296875 0.032805429864253395 0.01953125 0.06561085972850679
0 0.333984375 0.041855203619909506 0.0234375 0.07918552036199096
0 0.37158203125 0.07692307692307693 0.0419921875 0.12217194570135748
0 0.39453125 0.22737556561085975 0.056640625 0.1742081447963801
0 0.42919921875 0.40271493212669685 0.0693359375 0.1990950226244344
0 0.662109375 0.5328054298642534 0.060546875 0.2058823529411765
0 0.6650390625 0.331447963800905 0.052734375 0.16063348416289594
0 0.8369140625 0.32013574660633487 0.05859375 0.165158371040724
0 0.87646484375 0.19230769230769232 0.0556640625 0.15384615384615385
0 0.70263671875 0.1900452488687783 0.0419921875 0.14027149321266968
0 0.71435546875 0.05090497737556562 0.0380859375 0.10180995475113123
