0 0.7421875 0.8216145833333333 0.0546875 0.0859375
0 0.9052734375 0.28190104166666663 0.048828125 0.06640625
0 0.96484375 0.21940104166666666 0.01171875 0.022135416666666664
0 0.951171875 0.24479166666666666 0.013671875 0.0234375
0 0.83544921875 0.19075520833333331 0.0146484375 0.029947916666666664
0 0.79443359375 0.228515625 0.0146484375 0.029947916666666664
0 0.7470703125 0.23502604166666666 0.017578125 0.024739583333333332
0 0.95947265625 0.22265625 0.0146484375 0.0234375
0 0.72998046875 0.21875 0.0087890625 0.028645833333333332
0 0.705078125 0.21484375 0.013671875 0.026041666666666664
0 0.681640625 0.23828125 0.0078125 0.013020833333333332
0 0.646484375 0.22005208333333331 0.015625 0.0234375
0 0.625 0.22526041666666666 0.0078125 0.015625
0 0.50146484375 0.25455729166666663 0.0048828125 0.009114583333333332
0 0.4912109375 0.26432291666666663 0.005859375 0.0078125
0 0.48291015625 0.2688802083333333 0.0048828125 0.006510416666666666
0 0.4345703125 0.27213541666666663 0.009765625 0.013020833333333332
0 0.3779296875 0.22200520833333331 0.0078125 0.024739583333333332
0 0.345703125 0.24348958333333331 0.01171875 0.018229166666666664
0 0.35693359375 0.31510416666666663 0.0166015625 0.033854166666666664
0 0.27685546875 0.244140625 0.0146484375 0.022135416666666664
0 0.29345703125 0.22916666666666666 0.0146484375 0.026041666666666664
0 0.27392578125 0.31640625 0.0185546875 0.03645833333333333
0 0.26171875 0.3059895833333333 0.0234375 0.028645833333333332
0 0.21435546875 0.28515625 0.0498046875 0.08854166666666666
0 0.07763671875 0.28515625 0.0244140625 0.03645833333333333
0 0.14404296875 0.287109375 0.0224609375 0.04036458333333333
0 0.048828125 0.24869791666666666 0.005859375 0.015625
0 0.5693359375 0.244140625 0.0390625 0.061197916666666664
0 0.75927734375 0.23697916666666666 0.0107421875 0.015625
