0 0.83349609375 0.31173506119510436 0.0361328125 0.030237580993520516
0 0.76806640625 0.32433405327573794 0.0380859375 0.029517638588912886
0 0.88623046875 0.7534197264218863 0.0595703125 0.04679625629949604
0 0.77734375 0.7278617710583153 0.064453125 0.06047516198704103
0 0.580078125 0.3099352051835853 0.04296875 0.045356371490280774
0 0.51611328125 0.32433405327573794 0.0322265625 0.029517638588912886
0 0.4345703125 0.3146148308135349 0.046875 0.03743700503959683
0 0.392578125 0.3236141108711303 0.033203125 0.03959683225341973
0 0.255859375 0.40964722822174227 0.052734375 0.056155507559395246
0 0.1689453125 0.34053275737940963 0.068359375 0.056155507559395246
0 0.25927734375 0.7203023758099352 0.0869140625 0.0827933765298776
0 0.14208984375 0.689344852411807 0.0849609375 0.07415406767458603
