0 0.4052734375 0.3116788321167883 0.021484375 0.03941605839416058
0 0.34765625 0.34014598540145985 0.029296875 0.05547445255474452
0 0.32861328125 0.30583941605839415 0.0166015625 0.03065693430656934
0 0.23779296875 0.3751824817518248 0.0419921875 0.072992700729927
0 0.19873046875 0.3335766423357664 0.0341796875 0.05693430656934306
0 0.11962890625 0.3795620437956204 0.0458984375 0.06715328467153284
0 0.3916015625 0.4386861313868613 0.033203125 0.06277372262773723
0 0.47900390625 0.4211678832116788 0.0302734375 0.059854014598540145
0 0.4541015625 0.3525547445255474 0.02734375 0.05401459854014598
0 0.48681640625 0.32043795620437954 0.0205078125 0.03941605839416058
0 0.54296875 0.32043795620437954 0.01953125 0.03357664233576642
0 0.5703125 0.4262773722627737 0.037109375 0.07007299270072992
0 0.5439453125 0.3846715328467153 0.025390625 0.051094890510948905
0 0.89501953125 0.4437956204379562 0.0400390625 0.06131386861313868
0 0.77490234375 0.4547445255474452 0.0322265625 0.051094890510948905
0 0.810546875 0.391970802919708 0.03125 0.04233576642335766
0 0.740234375 0.39343065693430657 0.03125 0.04817518248175182
0 0.70361328125 0.42262773722627733 0.0322265625 0.05693430656934306
0 0.67919921875 0.3357664233576642 0.0244140625 0.0437956204379562
0 0.63525390625 0.33795620437956203 0.0166015625 0.03357664233576642
0 0.61376953125 0.36642335766423356 0.0263671875 0.05255474452554744
0 0.64794921875 0.42773722627737226 0.0322265625 0.06715328467153284
