0 0.90478515625 0.26171875 0.0419921875 0.0765625
0 0.75634765625 0.28046875 0.0400390625 0.0921875
0 0.82080078125 0.284375 0.0400390625 0.08750000000000001
0 0.6474609375 0.16484375 0.029296875 0.0484375
0 0.53466796875 0.2734375 0.0556640625 0.096875
0 0.57470703125 0.23750000000000002 0.0341796875 0.08750000000000001
0 0.591796875 0.246875 0.02734375 0.078125
0 0.3828125 0.21171875 0.046875 0.0890625
0 0.0205078125 0.15937500000000002 0.03125 0.05625
0 0.13232421875 0.26796875000000003 0.0576171875 0.0765625
