0 0.546875 0.1640625 0.041015625 0.08854166666666666
0 0.498046875 0.2421875 0.02734375 0.0642361111111111
0 0.4365234375 0.2907986111111111 0.03125 0.057291666666666664
0 0.40966796875 0.27604166666666663 0.0224609375 0.059027777777777776
0 0.35693359375 0.2517361111111111 0.0244140625 0.048611111111111105
0 0.4013671875 0.23350694444444442 0.0234375 0.046875
0 0.0107421875 0.2378472222222222 0.021484375 0.06597222222222222
0 0.11474609375 0.08506944444444443 0.0166015625 0.041666666666666664
0 0.212890625 0.2048611111111111 0.017578125 0.03819444444444444
0 0.09716796875 0.2873263888888889 0.0224609375 0.043402777777777776
0 0.14599609375 0.24652777777777776 0.0205078125 0.059027777777777776
