0 0.67333984375 0.6285714285714286 0.0146484375 0.029931972789115645
0 0.6552734375 0.264625850340136 0.0859375 0.17006802721088435
0 0.83447265625 0.3965986394557823 0.0166015625 0.02312925170068027
0 0.88916015625 0.45238095238095233 0.0166015625 0.02312925170068027
0 0.79833984375 0.573469387755102 0.0224609375 0.03401360544217687
0 0.8251953125 0.6530612244897959 0.01953125 0.04353741496598639
0 0.37744140625 0.364625850340136 0.1708984375 0.33741496598639453
0 0.07861328125 0.436734693877551 0.0166015625 0.029931972789115645
0 0.13720703125 0.43537414965986393 0.0166015625 0.024489795918367346
0 0.16552734375 0.5877551020408163 0.0166015625 0.029931972789115645
0 0.16455078125 0.6789115646258503 0.0146484375 0.019047619047619046
0 0.25927734375 0.619047619047619 0.0146484375 0.021768707482993196
0 0.240234375 0.664625850340136 0.021484375 0.03945578231292517
0 0.38916015625 0.5816326530612245 0.0185546875 0.04217687074829932
0 0.59912109375 0.573469387755102 0.0185546875 0.03129251700680272
0 0.64453125 0.6537414965986394 0.01953125 0.03945578231292517
