0 0.12939453125 0.4921875 0.0146484375 0.03125
0 0.19189453125 0.47526041666666663 0.0146484375 0.03125
0 0.21142578125 0.49479166666666663 0.0126953125 0.028645833333333332
0 0.220703125 0.20442708333333331 0.01171875 0.020833333333333332
0 0.29541015625 0.19921875 0.0146484375 0.026041666666666664
0 0.296875 0.48307291666666663 0.015625 0.028645833333333332
0 0.37451171875 0.20638020833333331 0.0126953125 0.022135416666666664
0 0.45849609375 0.1953125 0.0126953125 0.0234375
0 0.47216796875 0.474609375 0.0166015625 0.037760416666666664
0 0.57080078125 0.4609375 0.0126953125 0.03645833333333333
0 0.62060546875 0.439453125 0.0166015625 0.03515625
0 0.6513671875 0.45182291666666663 0.013671875 0.028645833333333332
0 0.71435546875 0.4609375 0.0146484375 0.026041666666666664
0 0.806640625 0.43229166666666663 0.021484375 0.041666666666666664
0 0.94287109375 0.44791666666666663 0.0146484375 0.026041666666666664
