0 0.22314453125 0.7213541666666666 0.0068359375 0.020833333333333332
0 0.2294921875 0.6998697916666666 0.009765625 0.016927083333333332
0 0.236328125 0.6829427083333333 0.009765625 0.014322916666666666
0 0.25341796875 0.6595052083333333 0.0087890625 0.01953125
0 0.2705078125 0.6419270833333333 0.0078125 0.015625
0 0.28955078125 0.6243489583333333 0.0087890625 0.014322916666666666
0 0.31884765625 0.6067708333333333 0.0068359375 0.015625
0 0.11279296875 0.6725260416666666 0.0107421875 0.01953125
0 0.11767578125 0.6490885416666666 0.0068359375 0.016927083333333332
0 0.126953125 0.6282552083333333 0.0078125 0.014322916666666666
0 0.1416015625 0.615234375 0.0078125 0.016927083333333332
0 0.158203125 0.5989583333333333 0.0078125 0.015625
0 0.17724609375 0.5807291666666666 0.0087890625 0.018229166666666664
0 0.1943359375 0.5618489583333333 0.0078125 0.016927083333333332
0 0.2373046875 0.5436197916666666 0.0078125 0.014322916666666666
0 0.26025390625 0.529296875 0.0087890625 0.014322916666666666
0 0.2841796875 0.5227864583333333 0.0078125 0.014322916666666666
0 0.0810546875 0.6197916666666666 0.0078125 0.015625
0 0.0947265625 0.5970052083333333 0.0078125 0.014322916666666666
0 0.11083984375 0.5885416666666666 0.0087890625 0.015625
0 0.1416015625 0.5677083333333333 0.009765625 0.015625
0 0.14990234375 0.5579427083333333 0.0068359375 0.014322916666666666
0 0.19287109375 0.5279947916666666 0.0087890625 0.014322916666666666
0 0.26708984375 0.4973958333333333 0.0087890625 0.015625
0 0.07958984375 0.5423177083333333 0.0087890625 0.016927083333333332
0 0.10205078125 0.53515625 0.0068359375 0.013020833333333332
0 0.15283203125 0.5045572916666666 0.0068359375 0.014322916666666666
0 0.18115234375 0.498046875 0.0068359375 0.014322916666666666
0 0.2001953125 0.48502604166666663 0.009765625 0.014322916666666666
0 0.25927734375 0.4641927083333333 0.0087890625 0.014322916666666666
0 0.12841796875 0.48893229166666663 0.0087890625 0.014322916666666666
0 0.10400390625 0.5045572916666666 0.0087890625 0.016927083333333332
0 0.06103515625 0.5240885416666666 0.0068359375 0.014322916666666666
0 0.279296875 0.45572916666666663 0.0078125 0.013020833333333332
0 0.36669921875 0.4993489583333333 0.0087890625 0.014322916666666666
0 0.55908203125 0.44596354166666663 0.0087890625 0.014322916666666666
0 0.54052734375 0.46484375 0.0087890625 0.013020833333333332
0 0.5283203125 0.44791666666666663 0.0078125 0.013020833333333332
0 0.5712890625 0.46354166666666663 0.0078125 0.015625
0 0.59033203125 0.44791666666666663 0.0068359375 0.013020833333333332
0 0.60595703125 0.46484375 0.0087890625 0.015625
0 0.60107421875 0.4095052083333333 0.0087890625 0.014322916666666666
0 0.61767578125 0.4375 0.0087890625 0.015625
0 0.63427734375 0.4583333333333333 0.0107421875 0.015625
0 0.677734375 0.44205729166666663 0.0078125 0.016927083333333332
0 0.68798828125 0.41015625 0.0087890625 0.020833333333333332
0 0.7197265625 0.41080729166666663 0.0078125 0.016927083333333332
0 0.75732421875 0.470703125 0.0087890625 0.014322916666666666
0 0.78564453125 0.47265625 0.0087890625 0.015625
0 0.81005859375 0.4765625 0.0087890625 0.015625
0 0.80029296875 0.4563802083333333 0.0068359375 0.016927083333333332
0 0.77001953125 0.455078125 0.0087890625 0.014322916666666666
0 0.74462890625 0.3977864583333333 0.0107421875 0.014322916666666666
0 0.7734375 0.40234375 0.0078125 0.013020833333333332
0 0.8349609375 0.40690104166666663 0.009765625 0.016927083333333332
0 0.8427734375 0.43033854166666663 0.0078125 0.014322916666666666
0 0.83056640625 0.458984375 0.0068359375 0.014322916666666666
0 0.845703125 0.486328125 0.0078125 0.016927083333333332
0 0.8603515625 0.4739583333333333 0.0078125 0.015625
0 0.8740234375 0.498046875 0.0078125 0.014322916666666666
0 0.88720703125 0.4765625 0.0087890625 0.015625
0 0.90185546875 0.5045572916666666 0.0087890625 0.016927083333333332
0 0.919921875 0.48307291666666663 0.009765625 0.015625
0 0.73095703125 0.505859375 0.0107421875 0.016927083333333332
0 0.80517578125 0.59765625 0.0087890625 0.015625
0 0.79052734375 0.5149739583333333 0.0087890625 0.014322916666666666
0 0.81787109375 0.5611979166666666 0.0068359375 0.013020833333333332
0 0.86572265625 0.5735677083333333 0.0087890625 0.014322916666666666
0 0.8515625 0.6048177083333333 0.01171875 0.016927083333333332
0 0.69287109375 0.458984375 0.0107421875 0.016927083333333332
0 0.650390625 0.43619791666666663 0.0078125 0.015625
0 0.66650390625 0.4602864583333333 0.0107421875 0.01953125
0 0.04443359375 0.9518229166666666 0.0146484375 0.020833333333333332
0 0.0234375 0.9505208333333333 0.013671875 0.028645833333333332
0 0.0576171875 0.5625 0.0078125 0.013020833333333332
