0 0.7548828125 0.5403645833333333 0.029296875 0.0546875
0 0.71728515625 0.427734375 0.0166015625 0.03255208333333333
0 0.79736328125 0.376953125 0.0205078125 0.03515625
0 0.89599609375 0.49674479166666663 0.0478515625 0.07421875
0 0.72314453125 0.3860677083333333 0.0146484375 0.024739583333333332
0 0.59033203125 0.4095052083333333 0.0205078125 0.037760416666666664
0 0.88037109375 0.3704427083333333 0.0146484375 0.024739583333333332
0 0.865234375 0.3274739583333333 0.0078125 0.014322916666666666
0 0.7841796875 0.3125 0.009765625 0.013020833333333332
0 0.82275390625 0.28971354166666663 0.0068359375 0.009114583333333332
0 0.92529296875 0.29361979166666663 0.0087890625 0.01171875
0 0.701171875 0.34375 0.01171875 0.018229166666666664
0 0.73193359375 0.3235677083333333 0.0107421875 0.016927083333333332
0 0.638671875 0.2610677083333333 0.01953125 0.037760416666666664
0 0.5302734375 0.3704427083333333 0.0234375 0.04036458333333333
0 0.55810546875 0.47265625 0.0205078125 0.041666666666666664
0 0.56005859375 0.2649739583333333 0.0087890625 0.014322916666666666
0 0.5244140625 0.28971354166666663 0.013671875 0.01953125
0 0.50146484375 0.287109375 0.0107421875 0.014322916666666666
0 0.4521484375 0.318359375 0.01171875 0.01953125
0 0.42578125 0.2630208333333333 0.009765625 0.015625
0 0.4716796875 0.3802083333333333 0.009765625 0.013020833333333332
0 0.48291015625 0.41276041666666663 0.0126953125 0.020833333333333332
0 0.3623046875 0.2532552083333333 0.013671875 0.016927083333333332
0 0.28125 0.26236979166666663 0.017578125 0.024739583333333332
0 0.30810546875 0.28190104166666663 0.0146484375 0.024739583333333332
0 0.28759765625 0.306640625 0.0302734375 0.06380208333333333
0 0.15576171875 0.4427083333333333 0.0224609375 0.0390625
0 0.4091796875 0.6927083333333333 0.048828125 0.0703125
0 0.4306640625 0.6087239583333333 0.048828125 0.05598958333333333
0 0.0810546875 0.5696614583333333 0.03515625 0.053385416666666664
0 0.10595703125 0.53515625 0.0244140625 0.05208333333333333
0 0.025390625 0.837890625 0.05078125 0.11067708333333333
0 0.30419921875 0.736328125 0.0498046875 0.10286458333333333
0 0.56005859375 0.6744791666666666 0.0576171875 0.12760416666666666
0 0.56591796875 0.23111979166666666 0.0068359375 0.009114583333333332
0 0.830078125 0.3313802083333333 0.005859375 0.009114583333333332
0 0.7568359375 0.27734375 0.005859375 0.0078125
0 0.2333984375 0.39713541666666663 0.01953125 0.03645833333333333
0 0.798828125 0.30729166666666663 0.0078125 0.015625
