0 0.93359375 0.47616209773539925 0.037109375 0.06555423122765196
0 0.8955078125 0.6054827175208581 0.041015625 0.07389749702026222
0 0.8603515625 0.4576877234803337 0.021484375 0.030989272943980926
0 0.82568359375 0.41656734207389745 0.0166015625 0.02264600715137068
0 0.97607421875 0.4201430274135876 0.0146484375 0.017878426698450536
0 0.9111328125 0.4153754469606674 0.009765625 0.02264600715137068
0 0.73095703125 0.46185935637663883 0.0185546875 0.02502979737783075
0 0.76171875 0.4106078665077473 0.015625 0.02502979737783075
0 0.70166015625 0.4177592371871275 0.0166015625 0.02264600715137068
0 0.67138671875 0.432657926102503 0.0107421875 0.02145411203814064
0 0.59716796875 0.4112038140643623 0.0126953125 0.014302741358760428
0 0.55810546875 0.40703218116805717 0.0107421875 0.015494636471990463
0 0.55712890625 0.4845053635280095 0.0322265625 0.05125148986889153
0 0.50927734375 0.4880810488676996 0.0205078125 0.03933253873659118
0 0.482421875 0.4964243146603099 0.02734375 0.04171632896305125
0 0.4697265625 0.44576877234803336 0.01953125 0.030989272943980926
0 0.515625 0.4153754469606674 0.015625 0.02264600715137068
0 0.51318359375 0.39570917759237184 0.0126953125 0.02145411203814064
0 0.6591796875 0.4153754469606674 0.013671875 0.017878426698450536
0 0.64453125 0.4231227651966627 0.013671875 0.0166865315852205
0 0.58935546875 0.4374255065554231 0.0146484375 0.02145411203814064
0 0.40625 0.48331346841477946 0.017578125 0.02979737783075089
0 0.373046875 0.4910607866507747 0.02734375 0.052443384982121574
0 0.34619140625 0.467818831942789 0.0166015625 0.02979737783075089
0 0.43359375 0.40345649582836707 0.013671875 0.020262216924910606
0 0.44921875 0.42550655542312277 0.015625 0.023837902264600714
0 0.6044921875 0.32657926102502977 0.009765625 0.014302741358760428
0 0.47705078125 0.31942789034564956 0.0107421875 0.014302741358760428
0 0.40478515625 0.3539928486293206 0.0126953125 0.0166865315852205
0 0.39501953125 0.39868891537544693 0.0107421875 0.017878426698450536
0 0.3896484375 0.36233611442193087 0.01171875 0.014302741358760428
0 0.53466796875 0.34028605482717517 0.0087890625 0.015494636471990463
0 0.3134765625 0.4815256257449344 0.025390625 0.04529201430274136
0 0.25341796875 0.3778307508939213 0.0205078125 0.030989272943980926
0 0.234375 0.3694874851013111 0.013671875 0.028605482717520857
0 0.26171875 0.3206197854588796 0.01171875 0.02145411203814064
0 0.29931640625 0.3146603098927294 0.0126953125 0.0166865315852205
0 0.33203125 0.33015494636471987 0.009765625 0.0166865315852205
0 0.3662109375 0.334326579261025 0.009765625 0.017878426698450536
0 0.3310546875 0.40584028605482714 0.013671875 0.02264600715137068
0 0.21142578125 0.33611442193087004 0.0107421875 0.01907032181168057
0 0.18994140625 0.3235995232419547 0.0107421875 0.020262216924910606
0 0.17138671875 0.32896305125148984 0.0107421875 0.0166865315852205
0 0.14501953125 0.3176400476758045 0.0126953125 0.02502979737783075
0 0.11181640625 0.31644815256257447 0.0126953125 0.017878426698450536
0 0.1953125 0.4475566150178784 0.015625 0.020262216924910606
0 0.05419921875 0.3247914183551847 0.0107421875 0.020262216924910606
0 0.0458984375 0.42491060786650775 0.015625 0.027413587604290822
0 0.46044921875 0.6108462455303934 0.0263671875 0.03694874851013111
0 0.3369140625 0.634684147794994 0.03515625 0.06555423122765196
0 0.30859375 0.665673420738975 0.037109375 0.06555423122765196
0 0.265625 0.6650774731823599 0.025390625 0.0500595947556615
0 0.1748046875 0.5 0.025390625 0.04171632896305125
0 0.1484375 0.50119189511323 0.01953125 0.03218116805721096
0 0.13623046875 0.4851013110846245 0.0166015625 0.028605482717520857
0 0.0869140625 0.5178784266984505 0.021484375 0.03694874851013111
0 0.05908203125 0.4707985697258641 0.0185546875 0.03575685339690107
0 0.0283203125 0.41597139451728243 0.013671875 0.02145411203814064
0 0.57177734375 0.31883194278903454 0.0126953125 0.020262216924910606
