0 0.85400390625 0.4269588313413014 0.0322265625 0.054448871181938904
0 0.7998046875 0.4236387782204515 0.03515625 0.055776892430278883
0 0.72314453125 0.2788844621513944 0.0146484375 0.03187250996015936
0 0.75341796875 0.30079681274900394 0.0244140625 0.033200531208499334
0 0.75390625 0.3525896414342629 0.029296875 0.046480743691899064
0 0.69482421875 0.5683930942895086 0.0302734375 0.04780876494023904
0 0.66796875 0.5438247011952191 0.029296875 0.04382470119521912
0 0.59423828125 0.44023904382470114 0.0244140625 0.03585657370517928
0 0.6318359375 0.44754316069057104 0.01953125 0.03718459495351925
0 0.52685546875 0.39110225763612216 0.0341796875 0.062416998671978745
0 0.4521484375 0.4276228419654714 0.02734375 0.05312084993359893
0 0.3251953125 0.30544488711819384 0.025390625 0.04515272244355909
0 0.40966796875 0.4289508632138114 0.0322265625 0.05046480743691899
0 0.16748046875 0.43492695883134125 0.0322265625 0.049136786188579015
0 0.13818359375 0.44687915006640105 0.0302734375 0.049136786188579015
0 0.1884765625 0.650730411686587 0.01953125 0.04515272244355909
0 0.2841796875 0.5756972111553784 0.021484375 0.05179282868525896
0 0.6865234375 0.16268260292164674 0.009765625 0.014608233731739707
