0 0.0185546875 0.06410256410256411 0.037109375 0.06837606837606838
0 0.1640625 0.14173789173789175 0.04296875 0.07264957264957266
0 0.25830078125 0.10826210826210826 0.0400390625 0.07977207977207977
0 0.33642578125 0.17307692307692307 0.0439453125 0.08974358974358974
0 0.015625 0.2827635327635328 0.03125 0.0982905982905983
0 0.2724609375 0.38532763532763536 0.05078125 0.08974358974358974
0 0.380859375 0.2849002849002849 0.048828125 0.09971509971509972
0 0.47705078125 0.42022792022792027 0.0595703125 0.11111111111111112
0 0.4580078125 0.3190883190883191 0.048828125 0.09116809116809117
0 0.4921875 0.06410256410256411 0.0390625 0.07407407407407408
0 0.3818359375 0.01851851851851852 0.02734375 0.03418803418803419
0 0.4580078125 0.014245014245014245 0.0234375 0.02849002849002849
0 0.529296875 0.2898860398860399 0.052734375 0.0925925925925926
0 0.6162109375 0.26282051282051283 0.052734375 0.10968660968660969
0 0.607421875 0.056267806267806274 0.046875 0.0868945868945869
0 0.70849609375 0.10042735042735043 0.0400390625 0.08404558404558404
0 0.810546875 0.03632478632478633 0.04296875 0.07264957264957266
0 0.8330078125 0.0405982905982906 0.03125 0.0754985754985755
0 0.9619140625 0.10754985754985756 0.04296875 0.07264957264957266
0 0.9375 0.2706552706552707 0.044921875 0.07977207977207977
0 0.82470703125 0.3817663817663818 0.0458984375 0.07407407407407408
0 0.8515625 0.4230769230769231 0.0546875 0.11680911680911682
