0 0.75732421875 0.560546875 0.0185546875 0.02734375
0 0.85302734375 0.6002604166666666 0.0205078125 0.03125
0 0.90234375 0.5807291666666666 0.017578125 0.03125
0 0.6181640625 0.609375 0.017578125 0.03125
0 0.52490234375 0.529296875 0.0185546875 0.03515625
0 0.482421875 0.48502604166666663 0.017578125 0.029947916666666664
0 0.498046875 0.6002604166666666 0.017578125 0.03125
0 0.44189453125 0.615234375 0.0205078125 0.04036458333333333
0 0.458984375 0.6490885416666666 0.01953125 0.03515625
0 0.4775390625 0.5364583333333333 0.015625 0.028645833333333332
0 0.42138671875 0.5696614583333333 0.0166015625 0.024739583333333332
0 0.43115234375 0.552734375 0.0166015625 0.03255208333333333
0 0.421875 0.49479166666666663 0.015625 0.028645833333333332
0 0.4443359375 0.48893229166666663 0.013671875 0.02734375
0 0.3837890625 0.541015625 0.013671875 0.029947916666666664
0 0.33544921875 0.5208333333333333 0.0146484375 0.028645833333333332
0 0.353515625 0.4641927083333333 0.017578125 0.02734375
0 0.3681640625 0.4641927083333333 0.013671875 0.029947916666666664
0 0.4482421875 0.3984375 0.013671875 0.028645833333333332
0 0.3671875 0.41015625 0.015625 0.03125
0 0.31494140625 0.35611979166666663 0.0166015625 0.024739583333333332
0 0.33056640625 0.27408854166666663 0.0146484375 0.022135416666666664
0 0.26611328125 0.283203125 0.0146484375 0.02734375
0 0.27783203125 0.36002604166666663 0.0166015625 0.029947916666666664
0 0.22998046875 0.3430989583333333 0.0166015625 0.02734375
0 0.2265625 0.37369791666666663 0.01953125 0.03125
0 0.2421875 0.419921875 0.017578125 0.029947916666666664
0 0.30029296875 0.42838541666666663 0.0166015625 0.026041666666666664
0 0.30126953125 0.45182291666666663 0.0185546875 0.026041666666666664
0 0.25048828125 0.4661458333333333 0.0146484375 0.0234375
0 0.232421875 0.4856770833333333 0.017578125 0.026041666666666664
0 0.24072265625 0.5149739583333333 0.0146484375 0.03255208333333333
0 0.27392578125 0.5338541666666666 0.0166015625 0.03125
0 0.38134765625 0.5865885416666666 0.0166015625 0.029947916666666664
0 0.3642578125 0.57421875 0.017578125 0.03125
0 0.318359375 0.5872395833333333 0.01953125 0.03125
0 0.24609375 0.5657552083333333 0.01953125 0.03255208333333333
0 0.1767578125 0.6048177083333333 0.01953125 0.03515625
0 0.16259765625 0.546875 0.0166015625 0.03125
0 0.171875 0.44986979166666663 0.01953125 0.029947916666666664
0 0.1337890625 0.5748697916666666 0.015625 0.029947916666666664
0 0.10302734375 0.599609375 0.0185546875 0.03255208333333333
0 0.048828125 0.599609375 0.017578125 0.029947916666666664
0 0.03173828125 0.6165364583333333 0.0205078125 0.029947916666666664
0 0.02880859375 0.578125 0.0126953125 0.0234375
0 0.0498046875 0.564453125 0.017578125 0.02734375
0 0.1533203125 0.5149739583333333 0.01953125 0.03515625
0 0.18994140625 0.4134114583333333 0.0185546875 0.029947916666666664
0 0.1904296875 0.30859375 0.013671875 0.03125
0 0.17431640625 0.349609375 0.0166015625 0.02734375
0 0.1376953125 0.39908854166666663 0.017578125 0.03255208333333333
0 0.1591796875 0.408203125 0.015625 0.02734375
0 0.07275390625 0.455078125 0.0185546875 0.029947916666666664
0 0.02099609375 0.47721354166666663 0.0185546875 0.03255208333333333
0 0.0341796875 0.4212239583333333 0.017578125 0.029947916666666664
0 0.03076171875 0.349609375 0.0166015625 0.029947916666666664
0 0.04833984375 0.326171875 0.0166015625 0.03255208333333333
0 0.080078125 0.43424479166666663 0.015625 0.02734375
0 0.0888671875 0.390625 0.017578125 0.026041666666666664
0 0.09619140625 0.36002604166666663 0.0185546875 0.024739583333333332
0 0.10986328125 0.3255208333333333 0.0166015625 0.028645833333333332
0 0.005859375 0.28580729166666663 0.01171875 0.02734375
