0 0.29150390625 0.38262195121951226 0.0341796875 0.04369918699186992
0 0.17529296875 0.42530487804878053 0.0361328125 0.04573170731707318
0 0.017578125 0.4181910569105691 0.033203125 0.04166666666666667
0 0.73828125 0.14532520325203255 0.046875 0.06707317073170732
0 0.89599609375 0.42225609756097565 0.0244140625 0.03150406504065041
0 0.84912109375 0.6067073170731708 0.0322265625 0.022357723577235776
0 0.72509765625 0.4354674796747968 0.0322265625 0.037601626016260166
0 0.61572265625 0.37500000000000006 0.0361328125 0.04065040650406505
0 0.65771484375 0.4242886178861789 0.0263671875 0.02947154471544716
0 0.45654296875 0.40345528455284557 0.0322265625 0.05894308943089432
0 0.4599609375 0.3897357723577236 0.03515625 0.05995934959349594
0 0.37890625 0.44817073170731714 0.044921875 0.05487804878048781
