0 0.43994140625 0.23778307508939212 0.0771484375 0.1203814064362336
0 0.71484375 0.2538736591179976 0.06640625 0.10965435041716329
0 0.0283203125 0.6084624553039332 0.015625 0.020262216924910606
0 0.064453125 0.6513706793802145 0.01953125 0.03218116805721096
0 0.060546875 0.6054827175208581 0.013671875 0.014302741358760428
0 0.20703125 0.4946364719904648 0.078125 0.09296781883194279
0 0.5400390625 0.7419547079856972 0.083984375 0.11799761620977353
0 0.458984375 0.6209773539928486 0.0234375 0.033373063170441
0 0.4794921875 0.5989272943980929 0.015625 0.02502979737783075
0 0.37744140625 0.6239570917759237 0.0166015625 0.02264600715137068
0 0.25732421875 0.570321811680572 0.0126953125 0.027413587604290822
0 0.26953125 0.5774731823599523 0.0078125 0.00834326579261025
0 0.35791015625 0.6144219308700835 0.0107421875 0.015494636471990463
0 0.33642578125 0.6090584028605482 0.0107421875 0.0166865315852205
0 0.38623046875 0.633492252681764 0.0068359375 0.01072705601907032
0 0.4013671875 0.6203814064362336 0.005859375 0.013110846245530394
0 0.4091796875 0.6138259833134684 0.0078125 0.0166865315852205
0 0.42578125 0.6203814064362336 0.00390625 0.00834326579261025
0 0.5654296875 0.6138259833134684 0.021484375 0.026221692491060787
0 0.50732421875 0.6132300357568534 0.0048828125 0.00834326579261025
0 0.48583984375 0.6168057210965435 0.0087890625 0.01072705601907032
0 0.533203125 0.6072705601907031 0.00390625 0.0059594755661501785
0 0.4951171875 0.6174016686531585 0.00390625 0.007151370679380214
0 0.509765625 0.6096543504171632 0.005859375 0.01072705601907032
0 0.53369140625 0.6179976162097736 0.0048828125 0.0059594755661501785
0 0.73828125 0.6525625744934446 0.046875 0.07270560190703218
0 0.6455078125 0.5965435041716328 0.04296875 0.04648390941597139
0 0.689453125 0.5905840286054826 0.0078125 0.013110846245530394
0 0.60302734375 0.603694874851013 0.0048828125 0.00834326579261025
0 0.60986328125 0.6078665077473182 0.0029296875 0.007151370679380214
0 0.865234375 0.5983313468414779 0.056640625 0.06912991656734208
0 0.923828125 0.5601907032181168 0.015625 0.01907032181168057
0 0.79638671875 0.5840286054827175 0.0048828125 0.007151370679380214
0 0.9619140625 0.5399284862932062 0.001953125 0.004767580452920143
0 0.8984375 0.5584028605482717 0.01171875 0.01072705601907032
0 0.78271484375 0.5834326579261024 0.0048828125 0.0059594755661501785
