0 0.9873046875 0.8751846381093058 0.01953125 0.03988183161004431
0 0.916015625 0.8175775480059084 0.021484375 0.03692762186115214
0 0.86767578125 0.8131462333825702 0.0205078125 0.03692762186115214
0 0.90673828125 0.7304283604135894 0.0185546875 0.033973412112259974
0 0.85498046875 0.6986706056129985 0.0166015625 0.03249630723781389
0 0.96435546875 0.6610044313146234 0.0185546875 0.033973412112259974
0 0.947265625 0.6395864106351551 0.013671875 0.029542097488921715
0 0.77685546875 0.8581979320531758 0.0146484375 0.026587887740029542
0 0.75830078125 0.8146233382570163 0.0205078125 0.03692762186115214
0 0.77490234375 0.7355982274741507 0.0185546875 0.03249630723781389
0 0.7392578125 0.7378138847858199 0.015625 0.033973412112259974
0 0.76318359375 0.6816838995568686 0.0166015625 0.0310192023633678
0 0.77490234375 0.6639586410635155 0.0146484375 0.02806499261447563
0 0.73779296875 0.6366322008862629 0.0166015625 0.029542097488921715
0 0.67529296875 0.7163958641063516 0.0146484375 0.029542097488921715
0 0.67578125 0.6794682422451994 0.013671875 0.029542097488921715
0 0.98291015625 0.9748892171344166 0.0185546875 0.03840472673559823
0 0.658203125 0.8227474150664698 0.015625 0.03249630723781389
0 0.56640625 0.8301329394387003 0.01953125 0.03249630723781389
0 0.580078125 0.7451994091580503 0.017578125 0.0310192023633678
0 0.63671875 0.723781388478582 0.015625 0.03249630723781389
0 0.59716796875 0.6912850812407682 0.0166015625 0.029542097488921715
0 0.61279296875 0.6602658788774003 0.0185546875 0.03545051698670606
0 0.513671875 0.7023633677991138 0.01953125 0.0310192023633678
0 0.51416015625 0.7695716395864107 0.0185546875 0.020679468242245203
0 0.45361328125 0.7725258493353029 0.0166015625 0.03249630723781389
0 0.46435546875 0.7289512555391433 0.0166015625 0.0310192023633678
0 0.49072265625 0.6750369276218612 0.0166015625 0.029542097488921715
0 0.47509765625 0.6447562776957164 0.0166015625 0.02806499261447563
0 0.51806640625 0.8522895125553915 0.0185546875 0.03545051698670606
0 0.36669921875 0.8810930576070901 0.0205078125 0.03692762186115214
0 0.4130859375 0.7909896602658789 0.01953125 0.033973412112259974
0 0.39794921875 0.7673559822747416 0.0166015625 0.033973412112259974
0 0.40625 0.7208271787296898 0.015625 0.029542097488921715
0 0.4140625 0.6742983751846382 0.017578125 0.02806499261447563
0 0.3544921875 0.7208271787296898 0.013671875 0.026587887740029542
0 0.3369140625 0.7732644017725259 0.015625 0.02806499261447563
0 0.31396484375 0.7422451994091581 0.0166015625 0.033973412112259974
0 0.28271484375 0.7540620384047267 0.0185546875 0.033973412112259974
0 0.2353515625 0.740029542097489 0.017578125 0.029542097488921715
0 0.248046875 0.7178729689807977 0.017578125 0.03249630723781389
0 0.2734375 0.704579025110783 0.013671875 0.026587887740029542
0 0.279296875 0.6624815361890695 0.013671875 0.02806499261447563
0 0.35009765625 0.6824224519940916 0.0166015625 0.026587887740029542
0 0.3740234375 0.6403249630723782 0.015625 0.02806499261447563
0 0.34765625 0.6285081240768094 0.017578125 0.0310192023633678
0 0.4267578125 0.6240768094534712 0.017578125 0.02806499261447563
0 0.2705078125 0.8663220088626293 0.015625 0.02806499261447563
0 0.2978515625 0.9837518463810931 0.021484375 0.03249630723781389
0 0.23193359375 0.9800590841949779 0.0205078125 0.03988183161004431
0 0.17431640625 0.7732644017725259 0.0166015625 0.0310192023633678
0 0.12255859375 0.774002954209749 0.0224609375 0.03249630723781389
0 0.13037109375 0.8168389955686854 0.0185546875 0.03249630723781389
0 0.1484375 0.9387001477104875 0.017578125 0.0310192023633678
0 0.16796875 0.9697193500738553 0.021484375 0.033973412112259974
0 0.11328125 0.8810930576070901 0.017578125 0.0310192023633678
0 0.0224609375 0.8596750369276219 0.01953125 0.03545051698670606
0 0.00537109375 0.912850812407681 0.0107421875 0.029542097488921715
0 0.03125 0.7806499261447564 0.017578125 0.0310192023633678
0 0.0673828125 0.7437223042836042 0.017578125 0.02806499261447563
0 0.08837890625 0.6957163958641064 0.0166015625 0.029542097488921715
0 0.1259765625 0.7141802067946824 0.015625 0.02806499261447563
0 0.16064453125 0.7156573116691286 0.0166015625 0.0310192023633678
0 0.1962890625 0.654357459379616 0.017578125 0.03249630723781389
0 0.1484375 0.6174298375184638 0.015625 0.026587887740029542
0 0.1005859375 0.6425406203840474 0.015625 0.026587887740029542
0 0.02685546875 0.6587887740029542 0.0185546875 0.026587887740029542
0 0.01904296875 0.6322008862629247 0.0166015625 0.029542097488921715
0 0.02978515625 0.7163958641063516 0.0166015625 0.029542097488921715
0 0.4130859375 0.8663220088626293 0.013671875 0.02806499261447563
0 0.99462890625 0.638109305760709 0.0107421875 0.023633677991137372
0 0.974609375 0.5930576070901035 0.017578125 0.0310192023633678
0 0.88232421875 0.6174298375184638 0.0146484375 0.029542097488921715
0 0.87548828125 0.58493353028065 0.0146484375 0.029542097488921715
0 0.8896484375 0.5539143279172821 0.013671875 0.026587887740029542
0 0.833984375 0.6262924667651404 0.017578125 0.03249630723781389
0 0.81640625 0.6107828655834565 0.015625 0.02806499261447563
0 0.78271484375 0.5967503692762186 0.0146484375 0.026587887740029542
0 0.74072265625 0.5487444608567209 0.0146484375 0.025110782865583457
0 0.970703125 0.5073855243722305 0.013671875 0.02806499261447563
0 0.97998046875 0.48301329394387005 0.0126953125 0.026587887740029542
0 0.94384765625 0.4778434268833087 0.0126953125 0.025110782865583457
0 0.95849609375 0.45420974889217136 0.0126953125 0.022156573116691287
0 0.88330078125 0.47045790251107833 0.0146484375 0.025110782865583457
0 0.830078125 0.5014771048744461 0.013671875 0.022156573116691287
0 0.79736328125 0.5428360413589365 0.0146484375 0.025110782865583457
0 0.77490234375 0.49704579025110784 0.0146484375 0.019202363367799114
0 0.82275390625 0.4756277695716396 0.0146484375 0.023633677991137372
0 0.7294921875 0.5059084194977844 0.015625 0.025110782865583457
0 0.7451171875 0.48153618906942397 0.01171875 0.020679468242245203
0 0.7021484375 0.4564254062038405 0.013671875 0.026587887740029542
0 0.673828125 0.5901033973412113 0.015625 0.02806499261447563
0 0.69287109375 0.6255539143279173 0.0146484375 0.02806499261447563
0 0.68603515625 0.4903988183161005 0.0146484375 0.026587887740029542
0 0.6455078125 0.47932053175775485 0.013671875 0.025110782865583457
0 0.6533203125 0.5369276218611522 0.013671875 0.025110782865583457
0 0.62646484375 0.6203840472673561 0.0166015625 0.026587887740029542
0 0.6201171875 0.5908419497784343 0.015625 0.029542097488921715
0 0.65673828125 0.5782865583456426 0.0126953125 0.02806499261447563
0 0.6103515625 0.5450516986706057 0.013671875 0.026587887740029542
0 0.59765625 0.5029542097488922 0.013671875 0.025110782865583457
0 0.57666015625 0.49556868537666177 0.0146484375 0.025110782865583457
0 0.5634765625 0.4675036927621862 0.013671875 0.025110782865583457
0 0.57373046875 0.43648449039881837 0.0126953125 0.022156573116691287
0 0.60595703125 0.4615952732644018 0.0126953125 0.02806499261447563
0 0.5185546875 0.46011816838995573 0.01171875 0.016248153618906944
0 0.5302734375 0.49113737075332353 0.013671875 0.025110782865583457
0 0.5576171875 0.4224519940915805 0.013671875 0.023633677991137372
0 0.4658203125 0.5649926144756278 0.015625 0.025110782865583457
0 0.45166015625 0.5376661742983753 0.0126953125 0.023633677991137372
0 0.4951171875 0.4785819793205318 0.015625 0.026587887740029542
0 0.49365234375 0.43353028064992616 0.0126953125 0.022156573116691287
0 0.4658203125 0.4283604135893649 0.013671875 0.023633677991137372
0 0.44970703125 0.4859675036927622 0.0146484375 0.023633677991137372
0 0.47021484375 0.47488921713441656 0.0126953125 0.025110782865583457
0 0.41943359375 0.45420974889217136 0.0126953125 0.019202363367799114
0 0.4130859375 0.42762186115214185 0.01171875 0.022156573116691287
0 0.4169921875 0.5125553914327917 0.013671875 0.023633677991137372
0 0.3701171875 0.5782865583456426 0.013671875 0.025110782865583457
0 0.35302734375 0.5206794682422452 0.0126953125 0.019202363367799114
0 0.34228515625 0.603397341211226 0.0146484375 0.02806499261447563
0 0.2978515625 0.5864106351550961 0.01171875 0.023633677991137372
0 0.28466796875 0.5886262924667652 0.0126953125 0.025110782865583457
0 0.24853515625 0.5635155096011817 0.0146484375 0.022156573116691287
0 0.279296875 0.49704579025110784 0.015625 0.025110782865583457
0 0.34375 0.5199409158050222 0.01171875 0.023633677991137372
0 0.35546875 0.4549483013293944 0.015625 0.023633677991137372
0 0.34130859375 0.4372230428360414 0.0107421875 0.020679468242245203
0 0.2666015625 0.4224519940915805 0.013671875 0.023633677991137372
0 0.23828125 0.43500738552437224 0.01171875 0.019202363367799114
0 0.26318359375 0.49335302806499265 0.0107421875 0.023633677991137372
0 0.2470703125 0.47045790251107833 0.01171875 0.022156573116691287
0 0.31591796875 0.3906942392909897 0.0107421875 0.019202363367799114
0 0.37646484375 0.3995568685376662 0.0107421875 0.022156573116691287
0 0.396484375 0.3840472673559823 0.01171875 0.023633677991137372
0 0.3642578125 0.3700147710487445 0.009765625 0.019202363367799114
0 0.49609375 0.5620384047267356 0.013671875 0.022156573116691287
0 0.46240234375 0.5265878877400296 0.0126953125 0.025110782865583457
0 0.15380859375 0.48966026587887745 0.0126953125 0.022156573116691287
0 0.12060546875 0.4859675036927622 0.0146484375 0.023633677991137372
0 0.138671875 0.46011816838995573 0.013671875 0.022156573116691287
0 0.2041015625 0.47267355982274745 0.013671875 0.023633677991137372
0 0.20263671875 0.4512555391432792 0.0126953125 0.022156573116691287
0 0.1572265625 0.43353028064992616 0.013671875 0.025110782865583457
0 0.2119140625 0.4098966026587888 0.015625 0.025110782865583457
0 0.07568359375 0.4785819793205318 0.0126953125 0.026587887740029542
0 0.060546875 0.482274741506647 0.013671875 0.025110782865583457
0 0.04150390625 0.47932053175775485 0.0126953125 0.022156573116691287
0 0.04443359375 0.4357459379615953 0.0126953125 0.020679468242245203
0 0.06201171875 0.4534711964549483 0.0126953125 0.020679468242245203
0 0.09619140625 0.42466765140324964 0.0146484375 0.025110782865583457
0 0.06787109375 0.3980797636632201 0.0146484375 0.025110782865583457
0 0.0546875 0.5657311669128509 0.013671875 0.026587887740029542
0 0.02783203125 0.5516986706056131 0.0146484375 0.02806499261447563
0 0.0439453125 0.5406203840472674 0.013671875 0.026587887740029542
0 0.0283203125 0.3707533234859675 0.013671875 0.023633677991137372
0 0.048828125 0.34711964549483015 0.01171875 0.020679468242245203
0 0.09716796875 0.36779911373707536 0.0126953125 0.026587887740029542
0 0.13916015625 0.38183161004431315 0.0107421875 0.022156573116691287
0 0.17578125 0.3648449039881832 0.01171875 0.01772525849335303
0 0.12939453125 0.3338257016248154 0.0126953125 0.020679468242245203
0 0.10009765625 0.33013293943870015 0.0107421875 0.019202363367799114
0 0.07763671875 0.3397341211225997 0.0107421875 0.01772525849335303
0 0.07373046875 0.3175775480059084 0.0146484375 0.023633677991137372
0 0.05322265625 0.292466765140325 0.0126953125 0.023633677991137372
0 0.0166015625 0.3153618906942393 0.01171875 0.022156573116691287
0 0.06201171875 0.28138847858197935 0.0107421875 0.022156573116691287
0 0.091796875 0.2725258493353028 0.009765625 0.016248153618906944
0 0.185546875 0.32274741506646976 0.009765625 0.019202363367799114
0 0.1650390625 0.29911373707533234 0.009765625 0.016248153618906944
0 0.20751953125 0.28877400295420974 0.0107421875 0.022156573116691287
0 0.24169921875 0.34859675036927623 0.0126953125 0.023633677991137372
0 0.22900390625 0.3737075332348597 0.0107421875 0.01772525849335303
0 0.275390625 0.3419497784342689 0.01171875 0.019202363367799114
0 0.306640625 0.3220088626292467 0.01171875 0.01772525849335303
0 0.32666015625 0.3700147710487445 0.0107421875 0.016248153618906944
0 0.3203125 0.3456425406203841 0.01171875 0.020679468242245203
0 0.33642578125 0.3293943870014771 0.0107421875 0.020679468242245203
0 0.35302734375 0.34342688330871496 0.0107421875 0.019202363367799114
0 0.447265625 0.3626292466765141 0.01171875 0.022156573116691287
0 0.45166015625 0.3397341211225997 0.0087890625 0.014771048744460858
0 0.44921875 0.31462333825701627 0.009765625 0.020679468242245203
0 0.42138671875 0.3190546528803545 0.0126953125 0.020679468242245203
0 0.4052734375 0.30576070901033975 0.01171875 0.020679468242245203
0 0.4072265625 0.3515509601181684 0.009765625 0.01772525849335303
0 0.49560546875 0.34711964549483015 0.0107421875 0.01772525849335303
0 0.53369140625 0.33456425406203844 0.0107421875 0.022156573116691287
0 0.5751953125 0.3707533234859675 0.01171875 0.01772525849335303
0 0.583984375 0.39881831610044316 0.01171875 0.023633677991137372
0 0.5986328125 0.3737075332348597 0.01171875 0.023633677991137372
0 0.57568359375 0.31831610044313147 0.0107421875 0.019202363367799114
0 0.62890625 0.35967503692762187 0.01171875 0.022156573116691287
0 0.6240234375 0.32865583456425407 0.01171875 0.022156573116691287
0 0.60888671875 0.28729689807976366 0.0107421875 0.022156573116691287
0 0.544921875 0.2784342688330872 0.01171875 0.019202363367799114
0 0.490234375 0.29985228951255544 0.01171875 0.020679468242245203
0 0.40625 0.24372230428360414 0.009765625 0.020679468242245203
0 0.35986328125 0.26661742983751846 0.0087890625 0.013293943870014771
0 0.31884765625 0.2725258493353028 0.0107421875 0.022156573116691287
0 0.31982421875 0.2481536189069424 0.0087890625 0.020679468242245203
0 0.3525390625 0.24519940915805025 0.009765625 0.01772525849335303
0 0.375 0.31462333825701627 0.009765625 0.020679468242245203
0 0.3701171875 0.4497784342688331 0.009765625 0.019202363367799114
0 0.82958984375 0.4032496307237814 0.0146484375 0.023633677991137372
0 0.85400390625 0.37813884785819796 0.0146484375 0.026587887740029542
0 0.88525390625 0.40251107828655835 0.0126953125 0.019202363367799114
0 0.91845703125 0.3973412112259971 0.0146484375 0.023633677991137372
0 0.97412109375 0.4010339734121123 0.0126953125 0.025110782865583457
0 0.9423828125 0.36558345642540624 0.013671875 0.025110782865583457
0 0.9560546875 0.33677991137370755 0.01171875 0.023633677991137372
0 0.98828125 0.34859675036927623 0.013671875 0.023633677991137372
0 0.92724609375 0.34490398818316104 0.0107421875 0.019202363367799114
0 0.8671875 0.36115214180206795 0.013671875 0.025110782865583457
0 0.859375 0.3463810930576071 0.013671875 0.025110782865583457
0 0.80908203125 0.3522895125553915 0.0126953125 0.022156573116691287
0 0.796875 0.3914327917282127 0.01171875 0.023633677991137372
0 0.78515625 0.4076809453471197 0.01171875 0.020679468242245203
0 0.78857421875 0.44387001477104876 0.0126953125 0.02806499261447563
0 0.76416015625 0.43353028064992616 0.0126953125 0.022156573116691287
0 0.76220703125 0.39660265878877404 0.0126953125 0.025110782865583457
0 0.7333984375 0.3774002954209749 0.01171875 0.019202363367799114
0 0.712890625 0.3840472673559823 0.01171875 0.020679468242245203
0 0.70849609375 0.41432791728212703 0.0107421875 0.022156573116691287
0 0.671875 0.37592319054652884 0.01171875 0.019202363367799114
0 0.65869140625 0.35745937961595275 0.0126953125 0.020679468242245203
0 0.71923828125 0.3559822747415067 0.0107421875 0.020679468242245203
0 0.755859375 0.35081240768094535 0.01171875 0.022156573116691287
0 0.7734375 0.3109305760709011 0.009765625 0.016248153618906944
0 0.72021484375 0.30206794682422455 0.0107421875 0.019202363367799114
0 0.70263671875 0.29172821270310195 0.0107421875 0.019202363367799114
0 0.64794921875 0.4017725258493353 0.0126953125 0.020679468242245203
0 0.66650390625 0.4268833087149188 0.0126953125 0.020679468242245203
0 0.67236328125 0.3064992614475628 0.0087890625 0.019202363367799114
0 0.72998046875 0.29320531757754803 0.0107421875 0.019202363367799114
0 0.833984375 0.30354505169867063 0.01171875 0.019202363367799114
0 0.875 0.2961595273264402 0.01171875 0.022156573116691287
0 0.8935546875 0.28138847858197935 0.009765625 0.019202363367799114
0 0.8828125 0.2636632200886263 0.013671875 0.016248153618906944
0 0.94140625 0.2776957163958641 0.0078125 0.014771048744460858
0 0.97119140625 0.2806499261447563 0.0087890625 0.01772525849335303
0 0.8154296875 0.2880354505169867 0.009765625 0.01772525849335303
0 0.84912109375 0.2776957163958641 0.0126953125 0.020679468242245203
0 0.6728515625 0.2651403249630724 0.009765625 0.016248153618906944
0 0.73681640625 0.2680945347119646 0.0107421875 0.019202363367799114
0 0.630859375 0.2799113737075333 0.01171875 0.019202363367799114
0 0.97265625 0.25849335302806503 0.009765625 0.020679468242245203
0 0.92529296875 0.25036927621861155 0.0087890625 0.019202363367799114
0 0.94580078125 0.22451994091580504 0.0068359375 0.01772525849335303
0 0.9638671875 0.18316100443131464 0.0078125 0.014771048744460858
0 0.98828125 0.1669128508124077 0.0078125 0.01772525849335303
0 0.94482421875 0.16912850812407682 0.0068359375 0.013293943870014771
0 0.94580078125 0.1565731166912851 0.0087890625 0.01772525849335303
0 0.953125 0.16248153618906944 0.0078125 0.014771048744460858
0 0.9755859375 0.11004431314623339 0.0078125 0.016248153618906944
0 0.9248046875 0.14697193500738553 0.009765625 0.016248153618906944
0 0.89453125 0.16248153618906944 0.0078125 0.014771048744460858
0 0.87744140625 0.17355982274741508 0.0087890625 0.016248153618906944
0 0.8671875 0.15805022156573117 0.0078125 0.014771048744460858
0 0.89453125 0.13663220088626293 0.0078125 0.013293943870014771
0 0.8857421875 0.12481536189069425 0.005859375 0.013293943870014771
0 0.8779296875 0.12481536189069425 0.0078125 0.016248153618906944
0 0.85107421875 0.1861152141802068 0.0087890625 0.01772525849335303
0 0.85888671875 0.22082717872968982 0.0087890625 0.019202363367799114
0 0.81884765625 0.2171344165435746 0.0087890625 0.014771048744460858
0 0.80810546875 0.20753323485967506 0.0087890625 0.016248153618906944
0 0.8203125 0.1757754800590842 0.0078125 0.01772525849335303
0 0.85400390625 0.16986706056129985 0.0087890625 0.01772525849335303
0 0.7802734375 0.18833087149187594 0.0078125 0.019202363367799114
0 0.80029296875 0.16765140324963074 0.0087890625 0.016248153618906944
0 0.7998046875 0.13958641063515512 0.0078125 0.016248153618906944
0 0.80029296875 0.11742983751846382 0.0068359375 0.013293943870014771
0 0.84130859375 0.11816838995568686 0.0068359375 0.014771048744460858
0 0.76611328125 0.12481536189069425 0.0068359375 0.013293943870014771
0 0.76025390625 0.19497784342688332 0.0087890625 0.01772525849335303
0 0.7568359375 0.1484490398818316 0.0078125 0.016248153618906944
0 0.74609375 0.1462333825701625 0.0078125 0.01772525849335303
0 0.7294921875 0.11964549483013295 0.009765625 0.01772525849335303
0 0.73046875 0.17282127031019204 0.0078125 0.01772525849335303
0 0.7451171875 0.18906942392909898 0.0078125 0.014771048744460858
0 0.70068359375 0.18463810930576072 0.0087890625 0.014771048744460858
0 0.67919921875 0.18685376661742986 0.0087890625 0.016248153618906944
0 0.66650390625 0.18906942392909898 0.0087890625 0.01772525849335303
0 0.666015625 0.22082717872968982 0.0078125 0.019202363367799114
0 0.6865234375 0.22156573116691286 0.0078125 0.014771048744460858
0 0.69677734375 0.26070901033973415 0.0087890625 0.016248153618906944
0 0.650390625 0.1861152141802068 0.0078125 0.014771048744460858
0 0.638671875 0.12703101920236337 0.0078125 0.01772525849335303
0 0.7060546875 0.14475627769571642 0.009765625 0.01772525849335303
0 0.6259765625 0.14992614475627772 0.0078125 0.016248153618906944
0 0.61669921875 0.17355982274741508 0.0068359375 0.013293943870014771
0 0.587890625 0.2740029542097489 0.01171875 0.019202363367799114
0 0.6005859375 0.18316100443131464 0.0078125 0.014771048744460858
0 0.58837890625 0.17503692762186115 0.0068359375 0.016248153618906944
0 0.56298828125 0.1824224519940916 0.0087890625 0.016248153618906944
0 0.564453125 0.16395864106351551 0.0078125 0.014771048744460858
0 0.57373046875 0.14918759231905465 0.0087890625 0.01772525849335303
0 0.59033203125 0.15066469719350076 0.0068359375 0.014771048744460858
0 0.5390625 0.2119645494830133 0.01171875 0.019202363367799114
0 0.5078125 0.2134416543574594 0.0078125 0.016248153618906944
0 0.4775390625 0.22821270310192024 0.009765625 0.016248153618906944
0 0.48095703125 0.19350073855243724 0.0068359375 0.011816838995568686
0 0.50634765625 0.18685376661742986 0.0087890625 0.016248153618906944
0 0.533203125 0.18537666174298376 0.0078125 0.016248153618906944
0 0.52978515625 0.15583456425406206 0.0068359375 0.013293943870014771
0 0.54248046875 0.14180206794682423 0.0068359375 0.014771048744460858
0 0.5029296875 0.1669128508124077 0.005859375 0.014771048744460858
0 0.51123046875 0.14918759231905465 0.0087890625 0.01772525849335303
0 0.49169921875 0.16543574593796162 0.0068359375 0.014771048744460858
0 0.47509765625 0.1706056129985229 0.0068359375 0.013293943870014771
0 0.46337890625 0.15509601181683902 0.0068359375 0.014771048744460858
0 0.4599609375 0.11521418020679469 0.005859375 0.011816838995568686
0 0.48193359375 0.1307237813884786 0.0068359375 0.013293943870014771
0 0.46923828125 0.13737075332348597 0.0068359375 0.011816838995568686
0 0.5380859375 0.10118168389955688 0.0078125 0.016248153618906944
0 0.51953125 0.10265878877400296 0.0078125 0.013293943870014771
0 0.60400390625 0.1085672082717873 0.0068359375 0.013293943870014771
0 0.77001953125 0.1432791728212703 0.0087890625 0.01772525849335303
0 0.453125 0.21491875923190548 0.009765625 0.019202363367799114
0 0.4169921875 0.20384047267355984 0.009765625 0.01772525849335303
0 0.42626953125 0.1824224519940916 0.0087890625 0.016248153618906944
0 0.400390625 0.1912850812407681 0.0078125 0.016248153618906944
0 0.3896484375 0.2082717872968981 0.01171875 0.020679468242245203
0 0.35400390625 0.2119645494830133 0.0087890625 0.016248153618906944
0 0.37255859375 0.18833087149187594 0.0068359375 0.013293943870014771
0 0.38330078125 0.1861152141802068 0.0087890625 0.01772525849335303
0 0.349609375 0.1757754800590842 0.0078125 0.014771048744460858
0 0.33251953125 0.21122599704579026 0.0087890625 0.014771048744460858
0 0.2978515625 0.257754800590842 0.009765625 0.019202363367799114
0 0.29296875 0.2858197932053176 0.009765625 0.016248153618906944
0 0.27197265625 0.2843426883308715 0.0107421875 0.019202363367799114
0 0.28662109375 0.25036927621861155 0.0068359375 0.013293943870014771
0 0.26611328125 0.24076809453471198 0.0107421875 0.01772525849335303
0 0.27783203125 0.21639586410635156 0.0087890625 0.016248153618906944
0 0.29150390625 0.2223042836041359 0.0087890625 0.016248153618906944
0 0.291015625 0.1824224519940916 0.009765625 0.019202363367799114
0 0.27734375 0.16395864106351551 0.009765625 0.01772525849335303
0 0.3291015625 0.19497784342688332 0.009765625 0.01772525849335303
0 0.3134765625 0.17429837518463812 0.005859375 0.011816838995568686
0 0.38623046875 0.16322008862629248 0.0068359375 0.013293943870014771
0 0.41796875 0.17429837518463812 0.0078125 0.014771048744460858
0 0.4208984375 0.1329394387001477 0.0078125 0.014771048744460858
0 0.4365234375 0.1358936484490399 0.0078125 0.014771048744460858
0 0.451171875 0.13663220088626293 0.005859375 0.013293943870014771
0 0.4306640625 0.12333825701624816 0.005859375 0.013293943870014771
0 0.3876953125 0.13884785819793205 0.0078125 0.014771048744460858
0 0.39404296875 0.12333825701624816 0.0087890625 0.013293943870014771
0 0.3603515625 0.14697193500738553 0.005859375 0.010339734121122601
0 0.2998046875 0.2082717872968981 0.005859375 0.011816838995568686
0 0.35009765625 0.292466765140325 0.0068359375 0.014771048744460858
0 0.12646484375 0.29985228951255544 0.0107421875 0.020679468242245203
0 0.16015625 0.2784342688330872 0.009765625 0.019202363367799114
0 0.18505859375 0.2518463810930576 0.0107421875 0.016248153618906944
0 0.11572265625 0.2548005908419498 0.0087890625 0.019202363367799114
0 0.1416015625 0.22451994091580504 0.009765625 0.01772525849335303
0 0.1611328125 0.21565731166912852 0.009765625 0.020679468242245203
0 0.1689453125 0.2016248153618907 0.009765625 0.019202363367799114
0 0.1943359375 0.19202363367799116 0.009765625 0.01772525849335303
0 0.1806640625 0.1964549483013294 0.0078125 0.014771048744460858
0 0.24169921875 0.23855243722304284 0.0087890625 0.016248153618906944
0 0.23681640625 0.2821270310192024 0.0087890625 0.01772525849335303
0 0.2294921875 0.3316100443131463 0.01171875 0.019202363367799114
0 0.0361328125 0.2533234859675037 0.009765625 0.019202363367799114
0 0.00830078125 0.22673559822747416 0.0087890625 0.019202363367799114
0 0.046875 0.08271787296898081 0.0078125 0.01772525849335303
0 0.0654296875 0.06942392909896603 0.005859375 0.011816838995568686
0 0.05908203125 0.05096011816838996 0.0068359375 0.010339734121122601
0 0.09033203125 0.09970457902511079 0.0068359375 0.016248153618906944
0 0.0068359375 0.1255539143279173 0.0078125 0.01772525849335303
0 0.01123046875 0.0982274741506647 0.0068359375 0.013293943870014771
0 0.20751953125 0.18168389955686856 0.0068359375 0.014771048744460858
0 0.23193359375 0.22082717872968982 0.0087890625 0.016248153618906944
0 0.2431640625 0.18463810930576072 0.009765625 0.01772525849335303
0 0.22705078125 0.20014771048744462 0.0107421875 0.019202363367799114
0 0.208984375 0.14549483013293946 0.009765625 0.019202363367799114
0 0.251953125 0.1410635155096012 0.0078125 0.013293943870014771
0 0.0849609375 0.06277695716395865 0.0078125 0.019202363367799114
0 0.06884765625 0.09453471196454949 0.0107421875 0.020679468242245203
0 0.1748046875 0.10561299852289513 0.0078125 0.016248153618906944
0 0.97509765625 0.011816838995568686 0.0068359375 0.008862629246676515
0 0.95556640625 0.13515509601181686 0.0087890625 0.016248153618906944
0 0.79052734375 0.04283604135893649 0.0068359375 0.014771048744460858
0 0.78369140625 0.058345642540620385 0.0068359375 0.013293943870014771
0 0.76513671875 0.028803545051698673 0.0068359375 0.013293943870014771
0 0.7216796875 0.0465288035450517 0.0078125 0.013293943870014771
0 0.7275390625 0.036189069423929104 0.005859375 0.010339734121122601
0 0.69091796875 0.04579025110782866 0.0068359375 0.011816838995568686
0 0.681640625 0.06942392909896603 0.005859375 0.011816838995568686
0 0.677734375 0.053175775480059084 0.005859375 0.011816838995568686
0 0.65576171875 0.04357459379615953 0.0068359375 0.013293943870014771
0 0.6640625 0.0310192023633678 0.005859375 0.011816838995568686
0 0.67333984375 0.0310192023633678 0.0048828125 0.011816838995568686
0 0.74609375 0.008124076809453472 0.0078125 0.013293943870014771
0 0.74658203125 0.030280649926144758 0.0068359375 0.013293943870014771
0 0.89501953125 0.03175775480059084 0.0068359375 0.013293943870014771
0 0.939453125 0.04062038404726736 0.0078125 0.013293943870014771
0 0.87353515625 0.010339734121122601 0.0068359375 0.014771048744460858
0 0.80126953125 0.0258493353028065 0.0068359375 0.013293943870014771
0 0.74609375 0.23338257016248154 0.009765625 0.01772525849335303
0 0.77978515625 0.2392909896602659 0.0087890625 0.01772525849335303
0 0.8427734375 0.257754800590842 0.009765625 0.019202363367799114
0 0.87744140625 0.2570162481536189 0.0087890625 0.01772525849335303
0 0.8330078125 0.16469719350073855 0.0078125 0.013293943870014771
0 0.0966796875 0.12333825701624816 0.0078125 0.013293943870014771
0 0.2666015625 0.09084194977843428 0.0078125 0.013293943870014771
0 0.60986328125 0.03766617429837519 0.0068359375 0.013293943870014771
0 0.63134765625 0.053175775480059084 0.0068359375 0.011816838995568686
0 0.60009765625 0.08641063515509602 0.0068359375 0.013293943870014771
0 0.576171875 0.09158050221565732 0.005859375 0.011816838995568686
0 0.56103515625 0.09084194977843428 0.0068359375 0.013293943870014771
0 0.5 0.09158050221565732 0.005859375 0.011816838995568686
0 0.50341796875 0.0620384047267356 0.0068359375 0.014771048744460858
0 0.5673828125 0.10709010339734122 0.0078125 0.013293943870014771
0 0.55615234375 0.019940915805022157 0.0068359375 0.010339734121122601
0 0.56982421875 0.0258493353028065 0.0068359375 0.013293943870014771
0 0.537109375 0.014771048744460858 0.005859375 0.011816838995568686
0 0.51953125 0.027326440177252588 0.005859375 0.010339734121122601
0 0.50634765625 0.014032496307237815 0.0068359375 0.013293943870014771
0 0.49462890625 0.009601181683899557 0.0068359375 0.010339734121122601
0 0.47998046875 0.02289512555391433 0.0068359375 0.010339734121122601
0 0.4970703125 0.04800590841949779 0.005859375 0.010339734121122601
0 0.4931640625 0.06794682422451995 0.005859375 0.011816838995568686
0 0.50390625 0.041358936484490405 0.005859375 0.011816838995568686
0 0.5107421875 0.039143279172821274 0.005859375 0.010339734121122601
0 0.4306640625 0.051698670605613 0.0078125 0.011816838995568686
0 0.41943359375 0.10709010339734122 0.0068359375 0.013293943870014771
0 0.3916015625 0.10709010339734122 0.0078125 0.013293943870014771
0 0.30517578125 0.14180206794682423 0.0068359375 0.014771048744460858
0 0.26123046875 0.12481536189069425 0.0068359375 0.013293943870014771
0 0.36328125 0.11078286558345643 0.0078125 0.014771048744460858
0 0.35791015625 0.13146233382570163 0.0068359375 0.011816838995568686
0 0.34228515625 0.10930576070901035 0.0068359375 0.011816838995568686
0 0.32275390625 0.11299852289512556 0.0068359375 0.013293943870014771
0 0.32470703125 0.053175775480059084 0.0068359375 0.011816838995568686
0 0.34326171875 0.06129985228951256 0.0068359375 0.013293943870014771
0 0.3173828125 0.08567208271787298 0.0078125 0.011816838995568686
0 0.3701171875 0.04874446085672083 0.005859375 0.011816838995568686
0 0.37939453125 0.05391432791728213 0.0068359375 0.013293943870014771
0 0.38134765625 0.07607090103397342 0.0068359375 0.013293943870014771
0 0.35986328125 0.07902511078286559 0.0068359375 0.013293943870014771
0 0.3564453125 0.04357459379615953 0.005859375 0.010339734121122601
0 0.36279296875 0.0620384047267356 0.0068359375 0.011816838995568686
0 0.4912109375 0.28138847858197935 0.009765625 0.019202363367799114
0 0.498046875 0.2636632200886263 0.009765625 0.016248153618906944
0 0.453125 0.17134416543574596 0.0078125 0.014771048744460858
0 0.7666015625 0.24741506646971936 0.0078125 0.013293943870014771
0 0.7861328125 0.28508124076809455 0.005859375 0.014771048744460858
0 0.99462890625 0.08271787296898081 0.0048828125 0.014771048744460858
0 0.98828125 0.09675036927621862 0.0078125 0.016248153618906944
0 0.98388671875 0.08050221565731168 0.0068359375 0.013293943870014771
0 0.98974609375 0.0568685376661743 0.0068359375 0.013293943870014771
0 0.95751953125 0.030280649926144758 0.0068359375 0.013293943870014771
0 0.9248046875 0.013293943870014771 0.0078125 0.014771048744460858
0 0.69091796875 0.020679468242245203 0.0068359375 0.01772525849335303
0 0.71630859375 0.013293943870014771 0.0048828125 0.011816838995568686
0 0.705078125 0.03249630723781389 0.005859375 0.011816838995568686
0 0.62744140625 0.11004431314623339 0.0068359375 0.013293943870014771
0 0.611328125 0.13515509601181686 0.005859375 0.013293943870014771
0 0.68408203125 0.1565731166912851 0.0087890625 0.014771048744460858
0 0.59375 0.012555391432791729 0.005859375 0.013293943870014771
0 0.51318359375 0.1240768094534712 0.0087890625 0.01772525849335303
0 0.48046875 0.11742983751846382 0.0078125 0.013293943870014771
0 0.45849609375 0.04357459379615953 0.0068359375 0.013293943870014771
0 0.46875 0.026587887740029542 0.005859375 0.011816838995568686
0 0.52490234375 0.06499261447562778 0.0068359375 0.014771048744460858
0 0.5341796875 0.06129985228951256 0.005859375 0.013293943870014771
0 0.43359375 0.18020679468242246 0.0078125 0.014771048744460858
0 0.46923828125 0.6100443131462334 0.0146484375 0.023633677991137372
0 0.7451171875 0.6152141802067947 0.01171875 0.02806499261447563
0 0.8349609375 0.3648449039881832 0.01171875 0.01772525849335303
0 0.91064453125 0.5103397341211227 0.0146484375 0.02806499261447563
0 0.005859375 0.4926144756277696 0.01171875 0.02806499261447563
0 0.13134765625 0.5790251107828657 0.0107421875 0.026587887740029542
0 0.00830078125 0.7451994091580503 0.0146484375 0.0310192023633678
