0 0.0302734375 0.4360222531293463 0.060546875 0.14881780250347704
0 0.23095703125 0.33518776077885953 0.1201171875 0.2058414464534075
0 0.32861328125 0.31571627260083446 0.0361328125 0.06397774687065368
0 0.38134765625 0.3031988873435327 0.0556640625 0.09735744089012517
0 0.4658203125 0.3226703755215577 0.0390625 0.03894297635605007
0 0.59814453125 0.37343532684283726 0.0439453125 0.09040333796940195
0 0.67822265625 0.3560500695410292 0.0615234375 0.11961057023643949
0 0.74853515625 0.40751043115438107 0.0361328125 0.0890125173852573
0 0.85595703125 0.4026425591098748 0.0986328125 0.17663421418636996
0 0.6259765625 0.32475660639777465 0.046875 0.08205841446453407
