0 0.96826171875 0.8090185676392573 0.0498046875 0.0636604774535809
0 0.89892578125 0.7049071618037135 0.0400390625 0.054376657824933686
0 0.81591796875 0.7068965517241379 0.0263671875 0.04509283819628647
0 0.93017578125 0.649867374005305 0.0244140625 0.03978779840848806
0 0.9853515625 0.6618037135278514 0.02734375 0.04774535809018567
0 0.82763671875 0.6339522546419097 0.0185546875 0.029177718832891244
0 0.923828125 0.583554376657825 0.025390625 0.029177718832891244
0 0.970703125 0.572944297082228 0.02734375 0.029177718832891244
0 0.94384765625 0.539787798408488 0.0166015625 0.021220159151193633
0 0.90283203125 0.5324933687002652 0.0205078125 0.027851458885941642
0 0.96484375 0.503315649867374 0.01953125 0.01989389920424403
0 0.984375 0.5013262599469496 0.01171875 0.01856763925729443
0 0.97216796875 0.4641909814323607 0.0146484375 0.01856763925729443
0 0.96435546875 0.4542440318302387 0.0107421875 0.011936339522546418
0 0.9453125 0.47546419098143233 0.015625 0.01989389920424403
0 0.998046875 0.47480106100795755 0.00390625 0.010610079575596816
0 0.89697265625 0.5079575596816975 0.0205078125 0.023872679045092837
0 0.923828125 0.4562334217506631 0.009765625 0.01326259946949602
0 0.9189453125 0.4615384615384615 0.0078125 0.010610079575596816
0 0.9140625 0.4608753315649867 0.0078125 0.011936339522546418
0 0.90283203125 0.4641909814323607 0.0146484375 0.01856763925729443
0 0.88330078125 0.4635278514588859 0.0126953125 0.017241379310344827
0 0.87744140625 0.4429708222811671 0.0087890625 0.01326259946949602
0 0.8798828125 0.539787798408488 0.021484375 0.02652519893899204
0 0.8515625 0.5736074270557029 0.0234375 0.027851458885941642
0 0.8544921875 0.5311671087533156 0.015625 0.017241379310344827
0 0.8681640625 0.48275862068965514 0.013671875 0.01856763925729443
0 0.85546875 0.47546419098143233 0.009765625 0.017241379310344827
0 0.8408203125 0.4734748010610079 0.013671875 0.01856763925729443
0 0.8447265625 0.4562334217506631 0.0078125 0.010610079575596816
0 0.83837890625 0.4442970822281167 0.0087890625 0.010610079575596816
0 0.826171875 0.4330238726790451 0.009765625 0.011936339522546418
0 0.041015625 0.7042440318302386 0.078125 0.08753315649867374
0 0.8525390625 0.41909814323607425 0.005859375 0.007957559681697613
0 0.837890625 0.4051724137931034 0.005859375 0.00663129973474801
0 0.81201171875 0.4277188328912467 0.0068359375 0.009283819628647215
0 0.82177734375 0.41379310344827586 0.0068359375 0.010610079575596816
0 0.82275390625 0.40251989389920423 0.0048828125 0.00663129973474801
0 0.86328125 0.40450928381962864 0.00390625 0.005305039787798408
0 0.79248046875 0.43633952254641906 0.0107421875 0.015915119363395226
0 0.798828125 0.4177718832891246 0.005859375 0.010610079575596816
0 0.833984375 0.4277188328912467 0.005859375 0.009283819628647215
0 0.77978515625 0.43368700265251986 0.0068359375 0.010610079575596816
0 0.7685546875 0.42241379310344823 0.0078125 0.011936339522546418
0 0.7783203125 0.41180371352785144 0.005859375 0.011936339522546418
0 0.76513671875 0.4595490716180371 0.0126953125 0.017241379310344827
0 0.755859375 0.4542440318302387 0.0078125 0.011936339522546418
0 0.7451171875 0.4416445623342175 0.009765625 0.015915119363395226
0 0.7412109375 0.41976127320954904 0.005859375 0.009283819628647215
0 0.76123046875 0.4297082228116711 0.0048828125 0.010610079575596816
0 0.7578125 0.41710875331564984 0.005859375 0.009283819628647215
0 0.7744140625 0.4595490716180371 0.0078125 0.011936339522546418
0 0.82470703125 0.5245358090185677 0.0166015625 0.01989389920424403
0 0.80615234375 0.5358090185676392 0.0185546875 0.023872679045092837
0 0.78662109375 0.5152519893899205 0.0146484375 0.022546419098143235
0 0.80029296875 0.49137931034482757 0.0107421875 0.017241379310344827
0 0.80908203125 0.48209549071618035 0.0087890625 0.011936339522546418
0 0.798828125 0.4734748010610079 0.01171875 0.01856763925729443
0 0.76220703125 0.493368700265252 0.0146484375 0.015915119363395226
0 0.73681640625 0.5125994694960212 0.0146484375 0.022546419098143235
0 0.7568359375 0.5537135278514589 0.017578125 0.02519893899204244
0 0.7138671875 0.5384615384615384 0.015625 0.023872679045092837
0 0.73681640625 0.49137931034482757 0.0146484375 0.01989389920424403
0 0.75 0.48209549071618035 0.009765625 0.017241379310344827
0 0.70361328125 0.47944297082228116 0.0107421875 0.014588859416445622
0 0.71240234375 0.4549071618037135 0.0107421875 0.015915119363395226
0 0.724609375 0.4416445623342175 0.0078125 0.010610079575596816
0 0.732421875 0.43169761273209545 0.005859375 0.009283819628647215
0 0.69970703125 0.4370026525198939 0.0087890625 0.014588859416445622
0 0.68408203125 0.44827586206896547 0.0087890625 0.010610079575596816
0 0.72705078125 0.41379310344827586 0.0068359375 0.010610079575596816
0 0.7138671875 0.4416445623342175 0.0078125 0.010610079575596816
0 0.6943359375 0.4277188328912467 0.0078125 0.009283819628647215
0 0.6796875 0.41578249336870027 0.005859375 0.009283819628647215
0 0.67919921875 0.4038461538461538 0.0068359375 0.009283819628647215
0 0.7001953125 0.40915119363395225 0.005859375 0.009283819628647215
0 0.69482421875 0.4084880636604774 0.0068359375 0.010610079575596816
0 0.708984375 0.4005305039787798 0.005859375 0.007957559681697613
0 0.77392578125 0.39986737400530503 0.0048828125 0.00663129973474801
0 0.68017578125 0.49137931034482757 0.0107421875 0.01989389920424403
0 0.70849609375 0.5888594164456233 0.0205078125 0.03183023872679045
0 0.65771484375 0.6100795755968169 0.0283203125 0.03713527851458886
0 0.81103515625 0.6094164456233422 0.0185546875 0.027851458885941642
0 0.72509765625 0.7672413793103448 0.0302734375 0.03846153846153846
0 0.61767578125 0.7221485411140584 0.0244140625 0.04111405835543766
0 0.59375 0.4960212201591512 0.009765625 0.01856763925729443
0 0.5810546875 0.42108753315649866 0.005859375 0.009283819628647215
0 0.58984375 0.4230769230769231 0.005859375 0.010610079575596816
0 0.5732421875 0.41578249336870027 0.0078125 0.011936339522546418
0 0.55322265625 0.41976127320954904 0.0068359375 0.009283819628647215
0 0.56005859375 0.4323607427055703 0.0068359375 0.010610079575596816
0 0.55224609375 0.4456233421750663 0.0107421875 0.01326259946949602
0 0.57470703125 0.39721485411140584 0.0048828125 0.00663129973474801
0 0.5546875 0.3992042440318302 0.00390625 0.005305039787798408
0 0.55810546875 0.393236074270557 0.0048828125 0.00663129973474801
0 0.54296875 0.3912466843501326 0.005859375 0.007957559681697613
0 0.59765625 0.3938992042440318 0.005859375 0.007957559681697613
0 0.5859375 0.41180371352785144 0.005859375 0.009283819628647215
0 0.58251953125 0.40251989389920423 0.0068359375 0.009283819628647215
0 0.56494140625 0.3912466843501326 0.0048828125 0.007957559681697613
0 0.482421875 0.40915119363395225 0.021484375 0.03315649867374005
0 0.5009765625 0.3693633952254642 0.01953125 0.030503978779840846
0 0.46826171875 0.35610079575596815 0.0185546875 0.030503978779840846
0 0.51513671875 0.37068965517241376 0.0126953125 0.017241379310344827
0 0.458984375 0.3249336870026525 0.0078125 0.01856763925729443
0 0.3935546875 0.35676392572944293 0.01171875 0.02652519893899204
0 0.35888671875 0.3879310344827586 0.0126953125 0.022546419098143235
0 0.3212890625 0.38992042440318303 0.0078125 0.01326259946949602
0 0.2900390625 0.4078249336870026 0.013671875 0.01989389920424403
0 0.275390625 0.3919098143236074 0.013671875 0.01989389920424403
0 0.22314453125 0.37068965517241376 0.0185546875 0.02519893899204244
0 0.24365234375 0.3740053050397878 0.0068359375 0.007957559681697613
0 0.21337890625 0.36870026525198935 0.0068359375 0.010610079575596816
0 0.20556640625 0.36604774535809015 0.0048828125 0.007957559681697613
0 0.1240234375 0.40251989389920423 0.013671875 0.01989389920424403
0 0.111328125 0.3938992042440318 0.0078125 0.015915119363395226
0 0.11572265625 0.3806366047745358 0.0068359375 0.007957559681697613
0 0.13671875 0.3952254641909814 0.0078125 0.015915119363395226
0 0.18408203125 0.40649867374005305 0.0107421875 0.01989389920424403
0 0.3291015625 0.379973474801061 0.0078125 0.011936339522546418
0 0.34423828125 0.3958885941644562 0.0087890625 0.014588859416445622
0 0.3359375 0.493368700265252 0.015625 0.029177718832891244
0 0.216796875 0.572944297082228 0.01953125 0.03713527851458886
0 0.2705078125 0.5683023872679045 0.013671875 0.03580901856763925
0 0.03515625 0.38992042440318303 0.017578125 0.021220159151193633
0 0.01806640625 0.393236074270557 0.0068359375 0.014588859416445622
0 0.06884765625 0.3912466843501326 0.0107421875 0.015915119363395226
0 0.083984375 0.3879310344827586 0.009765625 0.017241379310344827
0 0.05810546875 0.36405835543766574 0.0068359375 0.009283819628647215
0 0.00634765625 0.40915119363395225 0.0126953125 0.017241379310344827
0 0.02783203125 0.366710875331565 0.0068359375 0.011936339522546418
0 0.05224609375 0.35809018567639256 0.0048828125 0.007957559681697613
0 0.08251953125 0.36803713527851456 0.0087890625 0.011936339522546418
0 0.1513671875 0.39721485411140584 0.0078125 0.017241379310344827
0 0.0029296875 0.36870026525198935 0.005859375 0.01326259946949602
0 0.9326171875 0.3958885941644562 0.005859375 0.009283819628647215
0 0.1748046875 0.4038461538461538 0.01171875 0.02519893899204244
