0 0.0537109375 0.24097472924187727 0.015625 0.01444043321299639
0 0.091796875 0.22247292418772563 0.015625 0.018953068592057764
0 0.14990234375 0.22247292418772563 0.0146484375 0.018953068592057764
0 0.17724609375 0.21886281588447654 0.0146484375 0.017148014440433214
0 0.21826171875 0.19855595667870038 0.0146484375 0.01624548736462094
0 0.25927734375 0.2157039711191336 0.0166015625 0.021660649819494587
0 0.1953125 0.2558664259927798 0.029296875 0.05144404332129964
0 0.34765625 0.18592057761732853 0.015625 0.018050541516245487
0 0.31298828125 0.20036101083032493 0.0166015625 0.019855595667870037
0 0.3046875 0.24458483754512636 0.033203125 0.05054151624548737
0 0.009765625 0.2342057761732852 0.015625 0.02075812274368231
0 0.138671875 0.30505415162454874 0.037109375 0.04512635379061372
0 0.38037109375 0.3307761732851986 0.0771484375 0.07490974729241877
