0 0.837890625 0.15047961630695442 0.044921875 0.07553956834532373
0 0.88818359375 0.016786570743405275 0.0517578125 0.03357314148681055
0 0.58544921875 0.23141486810551556 0.0400390625 0.05755395683453237
0 0.7958984375 0.44964028776978415 0.05859375 0.08153477218225419
0 0.685546875 0.4376498800959232 0.052734375 0.06474820143884892
0 0.458984375 0.4514388489208633 0.048828125 0.0803357314148681
0 0.29443359375 0.46043165467625896 0.0537109375 0.08633093525179855
0 0.60302734375 0.4856115107913669 0.0458984375 0.06954436450839328
0 0.1669921875 0.42745803357314144 0.044921875 0.06834532374100719
0 0.90673828125 0.8878896882494004 0.0673828125 0.13069544364508393
0 0.54931640625 0.8327338129496402 0.0615234375 0.10191846522781774
0 0.76513671875 0.6834532374100719 0.0341796875 0.05995203836930455
0 0.412109375 0.47062350119904073 0.041015625 0.07793764988009592
0 0.05859375 0.44064748201438847 0.048828125 0.07553956834532373
0 0.771484375 0.17026378896882494 0.03515625 0.05755395683453237
