0 0.04638671875 0.04416167664670659 0.0498046875 0.08532934131736528
0 0.08154296875 0.10553892215568864 0.0380859375 0.06437125748502995
0 0.12939453125 0.09131736526946109 0.0361328125 0.0658682634730539
0 0.154296875 0.17514970059880242 0.046875 0.08383233532934133
0 0.22314453125 0.12050898203592815 0.0419921875 0.07934131736526946
0 0.2763671875 0.2095808383233533 0.0625 0.10179640718562875
0 0.37939453125 0.17140718562874252 0.0263671875 0.04341317365269461
0 0.59619140625 0.2754491017964072 0.0087890625 0.02095808383233533
0 0.61083984375 0.24625748502994013 0.0068359375 0.016467065868263474
0 0.7021484375 0.282934131736527 0.021484375 0.04790419161676647
0 0.72509765625 0.27694610778443113 0.0224609375 0.03293413173652695
0 0.66259765625 0.25523952095808383 0.0244140625 0.05239520958083833
0 0.78369140625 0.3083832335329342 0.0185546875 0.035928143712574856
0 0.857421875 0.2904191616766467 0.033203125 0.056886227544910184
0 0.8955078125 0.2567365269461078 0.01171875 0.019461077844311378
0 0.92529296875 0.3023952095808383 0.0341796875 0.062874251497006
0 0.94677734375 0.312874251497006 0.0263671875 0.04790419161676647
0 0.96728515625 0.3532934131736527 0.0205078125 0.038922155688622756
0 0.59619140625 0.2440119760479042 0.0048828125 0.008982035928143714
