0 0.5537109375 0.40299479166666663 0.048828125 0.08984375
0 0.7783203125 0.5130208333333333 0.017578125 0.0390625
0 0.85791015625 0.5065104166666666 0.0107421875 0.018229166666666664
0 0.90625 0.5032552083333333 0.01171875 0.016927083333333332
0 0.32470703125 0.48502604166666663 0.0126953125 0.01953125
0 0.296875 0.47916666666666663 0.01171875 0.018229166666666664
0 0.20068359375 0.47135416666666663 0.0107421875 0.020833333333333332
0 0.15869140625 0.47721354166666663 0.0107421875 0.01953125
0 0.11279296875 0.4778645833333333 0.0126953125 0.020833333333333332
0 0.06787109375 0.42643229166666663 0.0126953125 0.022135416666666664
0 0.04296875 0.494140625 0.013671875 0.024739583333333332
0 0.0283203125 0.4192708333333333 0.013671875 0.020833333333333332
