0 0.966796875 0.36783854166666663 0.064453125 0.10807291666666666
0 0.7373046875 0.3548177083333333 0.05078125 0.06640625
0 0.77392578125 0.32486979166666663 0.0419921875 0.07421875
0 0.87548828125 0.3138020833333333 0.0166015625 0.028645833333333332
0 0.474609375 0.412109375 0.064453125 0.10026041666666666
0 0.3681640625 0.3743489583333333 0.021484375 0.02734375
0 0.4482421875 0.37369791666666663 0.01953125 0.033854166666666664
0 0.40576171875 0.3763020833333333 0.0146484375 0.0234375
0 0.2451171875 0.400390625 0.03515625 0.05598958333333333
0 0.265625 0.3515625 0.033203125 0.049479166666666664
0 0.20361328125 0.388671875 0.0341796875 0.05598958333333333
0 0.171875 0.3977864583333333 0.02734375 0.03515625
0 0.08544921875 0.39518229166666663 0.0986328125 0.14192708333333331
0 0.01416015625 0.44986979166666663 0.0283203125 0.045572916666666664
0 0.0390625 0.4309895833333333 0.02734375 0.04427083333333333
0 0.01220703125 0.400390625 0.0185546875 0.029947916666666664
0 0.72412109375 0.27604166666666663 0.0068359375 0.013020833333333332
0 0.55322265625 0.36393229166666663 0.1357421875 0.19140625
