0 0.02880859375 0.39322916666666663 0.0341796875 0.06076388888888889
0 0.01318359375 0.587673611111111 0.0263671875 0.11631944444444443
0 0.11181640625 0.2630208333333333 0.0224609375 0.03993055555555555
0 0.11376953125 0.38715277777777773 0.0322265625 0.05555555555555555
0 0.10693359375 0.4583333333333333 0.0322265625 0.06597222222222222
0 0.16748046875 0.38715277777777773 0.0322265625 0.06597222222222222
0 0.14453125 0.37152777777777773 0.0234375 0.034722222222222224
0 0.1669921875 0.3116319444444444 0.0234375 0.03993055555555555
0 0.2021484375 0.3654513888888889 0.025390625 0.0642361111111111
0 0.2158203125 0.2647569444444444 0.0234375 0.043402777777777776
0 0.275390625 0.41840277777777773 0.03125 0.07638888888888888
0 0.23193359375 0.4678819444444444 0.0341796875 0.078125
0 0.1669921875 0.5060763888888888 0.0390625 0.078125
0 0.10791015625 0.5572916666666666 0.0478515625 0.08333333333333333
0 0.20361328125 0.7022569444444444 0.0498046875 0.10243055555555555
0 0.22216796875 0.7578125 0.0634765625 0.11631944444444443
0 0.13232421875 0.8758680555555555 0.0693359375 0.11979166666666666
0 0.2470703125 0.9227430555555555 0.068359375 0.11979166666666666
0 0.33984375 0.861111111111111 0.0390625 0.08333333333333333
0 0.28271484375 0.6779513888888888 0.0576171875 0.09895833333333333
0 0.3173828125 0.5208333333333333 0.04296875 0.0798611111111111
0 0.2880859375 0.5390625 0.029296875 0.07118055555555555
0 0.36474609375 0.4296875 0.0322265625 0.0642361111111111
0 0.33544921875 0.4157986111111111 0.0283203125 0.07465277777777778
0 0.34521484375 0.3576388888888889 0.0244140625 0.04513888888888889
0 0.29736328125 0.3645833333333333 0.0244140625 0.03819444444444444
0 0.31005859375 0.31684027777777773 0.0224609375 0.046875
0 0.404296875 0.4548611111111111 0.041015625 0.07291666666666666
0 0.3818359375 0.540798611111111 0.04296875 0.08159722222222222
0 0.4189453125 0.36979166666666663 0.03515625 0.06944444444444445
0 0.439453125 0.5815972222222222 0.03515625 0.08680555555555555
0 0.43017578125 0.5451388888888888 0.0380859375 0.0798611111111111
0 0.39990234375 0.6041666666666666 0.0498046875 0.10069444444444443
0 0.5146484375 0.6692708333333333 0.041015625 0.09895833333333333
0 0.515625 0.5737847222222222 0.048828125 0.09895833333333333
0 0.494140625 0.595486111111111 0.046875 0.07638888888888888
0 0.541015625 0.4939236111111111 0.03515625 0.08506944444444443
0 0.48876953125 0.3975694444444444 0.0380859375 0.0798611111111111
0 0.57080078125 0.4461805555555555 0.0322265625 0.05208333333333333
0 0.6025390625 0.5052083333333333 0.03125 0.0625
0 0.65087890625 0.4991319444444444 0.0400390625 0.07465277777777778
0 0.61474609375 0.6206597222222222 0.0478515625 0.11284722222222221
0 0.677734375 0.6310763888888888 0.04296875 0.09201388888888888
0 0.6083984375 0.78125 0.052734375 0.09375
0 0.65625 0.8116319444444444 0.05078125 0.10590277777777778
0 0.6640625 0.9140625 0.05859375 0.1267361111111111
0 0.7060546875 0.9175347222222222 0.0390625 0.10590277777777778
0 0.50927734375 0.790798611111111 0.0537109375 0.10590277777777778
0 0.55712890625 0.697048611111111 0.0400390625 0.0954861111111111
0 0.45751953125 0.8602430555555555 0.0634765625 0.08854166666666666
0 0.52392578125 0.9513888888888888 0.0791015625 0.09722222222222221
0 0.05615234375 0.35590277777777773 0.0361328125 0.06597222222222222
0 0.72998046875 0.5295138888888888 0.0224609375 0.06944444444444445
0 0.71630859375 0.7508680555555555 0.0380859375 0.10243055555555555
0 0.763671875 0.5946180555555555 0.0390625 0.08159722222222222
0 0.75439453125 0.6710069444444444 0.0478515625 0.09201388888888888
0 0.755859375 0.7725694444444444 0.046875 0.10416666666666666
0 0.81884765625 0.9027777777777777 0.0615234375 0.1388888888888889
0 0.9462890625 0.7569444444444444 0.052734375 0.10416666666666666
0 0.9013671875 0.6519097222222222 0.041015625 0.078125
0 0.89794921875 0.75 0.0380859375 0.09375
0 0.83837890625 0.7161458333333333 0.0419921875 0.08854166666666666
0 0.8662109375 0.6302083333333333 0.0390625 0.0798611111111111
0 0.94091796875 0.4331597222222222 0.0302734375 0.078125
0 0.990234375 0.40277777777777773 0.01953125 0.041666666666666664
0 0.9189453125 0.3914930555555555 0.029296875 0.046875
0 0.87744140625 0.3897569444444444 0.0263671875 0.046875
0 0.91259765625 0.3211805555555555 0.0224609375 0.048611111111111105
0 0.94677734375 0.29166666666666663 0.0166015625 0.05555555555555555
0 0.89501953125 0.24739583333333331 0.0185546875 0.03993055555555555
0 0.9892578125 0.24652777777777776 0.017578125 0.059027777777777776
0 0.8046875 0.4991319444444444 0.033203125 0.08506944444444443
