0 0.05517578125 0.6424375917767988 0.0869140625 0.1659324522760646
0 0.2626953125 0.5139500734214391 0.0703125 0.13215859030837004
0 0.32177734375 0.5007342143906021 0.0595703125 0.13509544787077826
0 0.38623046875 0.5418502202643172 0.0458984375 0.09104258443465492
0 0.43408203125 0.5168869309838473 0.0517578125 0.09691629955947136
0 0.39892578125 0.434654919236417 0.0244140625 0.04698972099853157
0 0.55712890625 0.5102790014684288 0.0302734375 0.06901615271659324
0 0.6533203125 0.43906020558002934 0.03515625 0.07048458149779735
0 0.2060546875 0.44713656387665196 0.029296875 0.0513950073421439
0 0.01220703125 0.48384728340675476 0.0244140625 0.06314243759177679
0 0.75634765625 0.4309838472834067 0.0341796875 0.06314243759177679
0 0.45703125 0.42584434654919234 0.01953125 0.041116005873715125
0 0.478515625 0.434654919236417 0.021484375 0.041116005873715125
0 0.89990234375 0.4375917767988252 0.0283203125 0.04698972099853157
0 0.919921875 0.4162995594713656 0.025390625 0.04845814977973568
0 0.83642578125 0.4177679882525697 0.0302734375 0.04552129221732746
0 0.783203125 0.44052863436123346 0.029296875 0.05873715124816446
0 0.701171875 0.4177679882525697 0.0234375 0.03671071953010279
0 0.37255859375 0.4287812041116006 0.0244140625 0.04405286343612334
