0 0.1982421875 0.02262773722627737 0.029296875 0.04525547445255474
0 0.1162109375 0.4233576642335766 0.0625 0.12262773722627736
0 0.20703125 0.4576642335766423 0.02734375 0.10072992700729927
0 0.2509765625 0.32919708029197076 0.02734375 0.10656934306569342
0 0.34521484375 0.2656934306569343 0.0341796875 0.09927007299270073
0 0.40625 0.24671532846715327 0.048828125 0.10510948905109488
0 0.48681640625 0.25401459854014596 0.0439453125 0.0875912408759124
0 0.60888671875 0.2218978102189781 0.0244140625 0.072992700729927
0 0.6982421875 0.2364963503649635 0.03515625 0.07883211678832117
0 0.7470703125 0.21678832116788319 0.033203125 0.0656934306569343
0 0.7578125 0.10875912408759124 0.021484375 0.07445255474452554
0 0.8232421875 0.14963503649635035 0.013671875 0.06861313868613138
0 0.8369140625 0.1583941605839416 0.017578125 0.05401459854014598
0 0.9345703125 0.0948905109489051 0.025390625 0.06131386861313868
0 0.63134765625 0.6503649635036496 0.0537109375 0.1094890510948905
0 0.98046875 0.41824817518248175 0.0390625 0.0948905109489051
0 0.94580078125 0.6722627737226277 0.0576171875 0.12700729927007298
0 0.56787109375 0.23503649635036494 0.0244140625 0.07007299270072992
0 0.93798828125 0.19124087591240874 0.0126953125 0.02627737226277372
0 0.9931640625 0.14233576642335766 0.013671875 0.04233576642335766
