0 0.9853515625 0.549673202614379 0.009765625 0.01437908496732026
0 0.9306640625 0.4915032679738562 0.015625 0.01830065359477124
0 0.8271484375 0.5790849673202614 0.06640625 0.10196078431372549
0 0.73974609375 0.4915032679738562 0.0087890625 0.01568627450980392
0 0.685546875 0.484313725490196 0.005859375 0.00915032679738562
0 0.67529296875 0.4836601307189542 0.0068359375 0.01045751633986928
0 0.64208984375 0.5392156862745098 0.0263671875 0.0457516339869281
0 0.63818359375 0.5006535947712418 0.0068359375 0.01568627450980392
0 0.54345703125 0.5875816993464051 0.1357421875 0.1895424836601307
0 0.1796875 0.4666666666666666 0.0078125 0.01568627450980392
0 0.11669921875 0.4679738562091503 0.0068359375 0.01045751633986928
0 0.08349609375 0.46993464052287576 0.0087890625 0.01437908496732026
0 0.10986328125 0.5209150326797385 0.0068359375 0.011764705882352941
0 0.06494140625 0.4771241830065359 0.0087890625 0.0130718954248366
0 0.09716796875 0.5470588235294117 0.0087890625 0.01437908496732026
0 0.00439453125 0.484313725490196 0.0087890625 0.02222222222222222
0 0.71923828125 0.5686274509803921 0.0146484375 0.01830065359477124
0 0.2197265625 0.47516339869281043 0.005859375 0.00915032679738562
