0 0.2880859375 0.5903083700440528 0.0546875 0.1027900146842878
0 0.330078125 0.605726872246696 0.021484375 0.06314243759177679
0 0.12744140625 0.6093979441997063 0.0263671875 0.07048458149779735
0 0.2197265625 0.6292217327459618 0.01953125 0.033773861967694566
0 0.24755859375 0.6042584434654918 0.0244140625 0.06314243759177679
0 0.462890625 0.579295154185022 0.017578125 0.03083700440528634
0 0.53271484375 0.6380323054331865 0.0302734375 0.04845814977973568
0 0.56396484375 0.6020558002936858 0.0244140625 0.05580029368575624
0 0.5966796875 0.55359765051395 0.05078125 0.11747430249632893
0 0.669921875 0.5903083700440528 0.03125 0.06461086637298091
0 0.84912109375 0.5910425844346548 0.0947265625 0.14243759177679882
0 0.9677734375 0.5234948604992657 0.064453125 0.14243759177679882
0 0.9287109375 0.5484581497797356 0.025390625 0.057268722466960346
0 0.19287109375 0.2753303964757709 0.0439453125 0.08663729809104258
0 0.43701171875 0.3076358296622614 0.0400390625 0.08663729809104258
0 0.29248046875 0.30910425844346545 0.0205078125 0.033773861967694566
0 0.33740234375 0.6071953010279001 0.0205078125 0.02202643171806167
0 0.06005859375 0.5888399412628487 0.0166015625 0.035242290748898675
0 0.4169921875 0.31130690161527164 0.01953125 0.04405286343612334
