0 0.1142578125 0.33268229166666663 0.029296875 0.05598958333333333
0 0.02880859375 0.05794270833333333 0.0166015625 0.029947916666666664
0 0.23876953125 0.10546875 0.0244140625 0.046875
0 0.208984375 0.076171875 0.01171875 0.01953125
0 0.15576171875 0.2591145833333333 0.0244140625 0.04427083333333333
0 0.18017578125 0.24609375 0.0244140625 0.041666666666666664
0 0.3330078125 0.13671875 0.017578125 0.033854166666666664
0 0.36962890625 0.34049479166666663 0.0224609375 0.037760416666666664
0 0.384765625 0.3294270833333333 0.015625 0.026041666666666664
0 0.4033203125 0.33203125 0.021484375 0.033854166666666664
0 0.43017578125 0.32096354166666663 0.0205078125 0.037760416666666664
0 0.44482421875 0.388671875 0.0205078125 0.03515625
0 0.515625 0.373046875 0.025390625 0.04036458333333333
0 0.5087890625 0.34049479166666663 0.021484375 0.02734375
0 0.46875 0.36979166666666663 0.015625 0.028645833333333332
0 0.4697265625 0.22200520833333331 0.017578125 0.02734375
0 0.49609375 0.21744791666666666 0.013671875 0.028645833333333332
0 0.52099609375 0.20963541666666666 0.0146484375 0.03125
0 0.56298828125 0.171875 0.0166015625 0.0234375
0 0.46044921875 0.322265625 0.0166015625 0.04036458333333333
0 0.55908203125 0.3828125 0.0244140625 0.04427083333333333
0 0.63818359375 0.32421875 0.0205078125 0.03125
0 0.65185546875 0.37565104166666663 0.0224609375 0.045572916666666664
0 0.6494140625 0.4075520833333333 0.0234375 0.041666666666666664
0 0.498046875 0.2805989583333333 0.013671875 0.03515625
0 0.54638671875 0.33203125 0.0185546875 0.033854166666666664
0 0.70751953125 0.3430989583333333 0.0205078125 0.04817708333333333
0 0.7587890625 0.396484375 0.025390625 0.045572916666666664
0 0.8232421875 0.19986979166666666 0.017578125 0.02734375
0 0.8115234375 0.3821614583333333 0.0234375 0.04036458333333333
0 0.84130859375 0.369140625 0.0205078125 0.029947916666666664
0 0.8701171875 0.427734375 0.02734375 0.04296875
0 0.91943359375 0.3782552083333333 0.0205078125 0.03515625
0 0.57666015625 0.34440104166666663 0.0224609375 0.03515625
0 0.26513671875 0.3958333333333333 0.0283203125 0.046875
0 0.9462890625 0.39518229166666663 0.017578125 0.03515625
