0 0.12841796875 0.5019893899204244 0.0556640625 0.09151193633952254
0 0.166015625 0.4230769230769231 0.0390625 0.06896551724137931
0 0.23388671875 0.4104774535809018 0.0302734375 0.05172413793103448
0 0.4052734375 0.33687002652519893 0.025390625 0.03978779840848806
0 0.9267578125 0.3905835543766578 0.033203125 0.046419098143236075
0 0.97265625 0.5570291777188329 0.0546875 0.12201591511936338
0 0.10595703125 0.42241379310344823 0.0322265625 0.05968169761273209
0 0.2705078125 0.34549071618037136 0.0234375 0.04907161803713528
0 0.94384765625 0.4456233421750663 0.0400390625 0.0716180371352785
0 0.9013671875 0.26856763925729443 0.013671875 0.01989389920424403
0 0.9306640625 0.2771883289124668 0.01171875 0.01856763925729443
0 0.5869140625 0.3249336870026525 0.013671875 0.021220159151193633
0 0.5302734375 0.3309018567639257 0.013671875 0.022546419098143235
0 0.67041015625 0.40185676392572944 0.0224609375 0.055702917771883284
0 0.82666015625 0.379973474801061 0.0185546875 0.02519893899204244
0 0.875 0.48740053050397875 0.02734375 0.05702917771883289
0 0.90673828125 0.3521220159151193 0.0126953125 0.022546419098143235
0 0.50439453125 0.3017241379310345 0.0107421875 0.014588859416445622
0 0.4365234375 0.2964190981432361 0.0078125 0.011936339522546418
0 0.48974609375 0.3242705570291777 0.0068359375 0.011936339522546418
0 0.248046875 0.2672413793103448 0.01171875 0.014588859416445622
0 0.0966796875 0.3355437665782493 0.01953125 0.034482758620689655
0 0.16015625 0.2672413793103448 0.01953125 0.03580901856763925
0 0.2060546875 0.3401856763925729 0.015625 0.027851458885941642
0 0.2158203125 0.3149867374005305 0.013671875 0.022546419098143235
0 0.3046875 0.3083554376657825 0.013671875 0.022546419098143235
0 0.97509765625 0.28315649867374004 0.0107421875 0.017241379310344827
0 0.8837890625 0.3129973474801061 0.0078125 0.01326259946949602
0 0.5419921875 0.3110079575596817 0.013671875 0.022546419098143235
0 0.63427734375 0.4330238726790451 0.0263671875 0.04907161803713528
