0 0.60693359375 0.11595273264401773 0.0107421875 0.022156573116691287
0 0.55419921875 0.11521418020679469 0.0087890625 0.01772525849335303
0 0.56591796875 0.15214180206794684 0.0166015625 0.029542097488921715
0 0.52392578125 0.1085672082717873 0.0068359375 0.013293943870014771
0 0.50146484375 0.10930576070901035 0.0068359375 0.011816838995568686
0 0.6884765625 0.1329394387001477 0.009765625 0.023633677991137372
0 0.701171875 0.1277695716395864 0.009765625 0.016248153618906944
0 0.755859375 0.11152141802067947 0.015625 0.02806499261447563
0 0.5107421875 0.20014771048744462 0.041015625 0.07828655834564255
0 0.65087890625 0.2496307237813885 0.0283203125 0.07385524372230429
0 0.71044921875 0.23633677991137372 0.0498046875 0.08567208271787298
0 0.78271484375 0.14697193500738553 0.0283203125 0.051698670605613
0 0.7998046875 0.19054652880354506 0.033203125 0.05908419497784343
0 0.88037109375 0.16617429837518466 0.0341796875 0.054652880354505176
0 0.91015625 0.172082717872969 0.021484375 0.0310192023633678
0 0.8466796875 0.14475627769571642 0.009765625 0.026587887740029542
0 0.86279296875 0.15509601181683902 0.0107421875 0.023633677991137372
0 0.953125 0.13146233382570163 0.013671875 0.03840472673559823
0 0.97509765625 0.14918759231905465 0.0263671875 0.041358936484490405
0 0.99560546875 0.14771048744460857 0.0087890625 0.029542097488921715
0 0.796875 0.4977843426883309 0.076171875 0.1536189069423929
0 0.484375 0.5937961595273265 0.0625 0.11225997045790252
0 0.4248046875 0.12703101920236337 0.013671875 0.029542097488921715
0 0.27783203125 0.22525849335302808 0.0498046875 0.10192023633677992
0 0.45166015625 0.11816838995568686 0.0068359375 0.014771048744460858
0 0.2470703125 0.13367799113737075 0.009765625 0.022156573116691287
0 0.2421875 0.14992614475627772 0.01171875 0.022156573116691287
0 0.21923828125 0.15805022156573117 0.0107421875 0.020679468242245203
0 0.2255859375 0.18316100443131464 0.021484375 0.03840472673559823
0 0.185546875 0.22599704579025112 0.048828125 0.07680945347119646
0 0.1201171875 0.1617429837518464 0.025390625 0.04874446085672083
0 0.169921875 0.4926144756277696 0.08203125 0.13737075332348597
0 0.99267578125 0.2968980797636632 0.0126953125 0.06499261447562778
0 0.47998046875 0.15288035450516987 0.0107421875 0.022156573116691287
0 0.5078125 0.1358936484490399 0.009765625 0.01772525849335303
0 0.4794921875 0.1912850812407681 0.017578125 0.04579025110782866
0 0.6396484375 0.11152141802067947 0.0078125 0.013293943870014771
0 0.73046875 0.12186115214180207 0.0078125 0.016248153618906944
0 0.6884765625 0.10635155096011817 0.00390625 0.008862629246676515
