0 0.00634765625 0.3029513888888889 0.0126953125 0.11631944444444443
0 0.1298828125 0.4800347222222222 0.048828125 0.109375
0 0.24462890625 0.41232638888888884 0.0322265625 0.07465277777777778
0 0.30517578125 0.421875 0.0517578125 0.12152777777777778
0 0.3623046875 0.37152777777777773 0.0390625 0.10416666666666666
0 0.50634765625 0.3203125 0.0576171875 0.13715277777777776
0 0.61572265625 0.2795138888888889 0.0439453125 0.10763888888888888
0 0.65771484375 0.24913194444444442 0.0341796875 0.109375
0 0.6884765625 0.2821180555555555 0.0546875 0.16493055555555555
0 0.76904296875 0.30121527777777773 0.0439453125 0.09895833333333333
0 0.857421875 0.3272569444444444 0.037109375 0.06770833333333333
0 0.86376953125 0.4288194444444444 0.0537109375 0.10416666666666666
0 0.0546875 0.697048611111111 0.04296875 0.15451388888888887
