0 0.97802734375 0.32224025974025977 0.0341796875 0.03571428571428572
0 0.8515625 0.5251623376623377 0.134765625 0.14935064935064937
0 0.56689453125 0.4147727272727273 0.0595703125 0.06006493506493507
0 0.328125 0.3770292207792208 0.04296875 0.09821428571428573
0 0.3916015625 0.3319805194805195 0.017578125 0.022727272727272728
0 0.36376953125 0.3413149350649351 0.0244140625 0.025162337662337664
0 0.41162109375 0.3478084415584416 0.0126953125 0.012175324675324676
0 0.12939453125 0.37865259740259744 0.0341796875 0.030032467532467536
0 0.087890625 0.4005681818181818 0.0390625 0.03652597402597403
0 0.03076171875 0.37865259740259744 0.0263671875 0.03327922077922078
0 0.1005859375 0.35470779220779225 0.01953125 0.021103896103896104
0 0.20654296875 0.3100649350649351 0.0068359375 0.006493506493506494
0 0.197265625 0.31209415584415584 0.0078125 0.007305194805194806
0 0.1865234375 0.3108766233766234 0.0078125 0.006493506493506494
0 0.0810546875 0.4480519480519481 0.013671875 0.014610389610389612
0 0.099609375 0.4545454545454546 0.013671875 0.016233766233766236
0 0.11767578125 0.4586038961038961 0.0126953125 0.012987012987012988
0 0.06298828125 0.46144480519480524 0.0146484375 0.012175324675324676
0 0.01123046875 0.3413149350649351 0.0087890625 0.010551948051948052
0 0.0703125 0.3478084415584416 0.013671875 0.012175324675324676
0 0.6474609375 0.2483766233766234 0.01171875 0.011363636363636364
0 0.630859375 0.2455357142857143 0.01171875 0.010551948051948052
0 0.61572265625 0.24066558441558444 0.0126953125 0.012175324675324676
0 0.6005859375 0.25162337662337664 0.01171875 0.00974025974025974
0 0.15625 0.35064935064935066 0.013671875 0.012987012987012988
0 0.1318359375 0.34943181818181823 0.009765625 0.010551948051948052
0 0.37744140625 0.3043831168831169 0.0048828125 0.00487012987012987
0 0.38818359375 0.3060064935064935 0.0068359375 0.006493506493506494
