0 0.0068359375 0.4668435013262599 0.0078125 0.010610079575596816
0 0.029296875 0.48806366047745353 0.0078125 0.01326259946949602
0 0.03076171875 0.5106100795755968 0.0126953125 0.015915119363395226
0 0.07568359375 0.4708222811671087 0.0107421875 0.01856763925729443
0 0.02685546875 0.5437665782493368 0.0146484375 0.01856763925729443
0 0.02001953125 0.5152519893899205 0.0087890625 0.00663129973474801
0 0.080078125 0.5470822281167108 0.009765625 0.01989389920424403
0 0.099609375 0.5344827586206896 0.017578125 0.023872679045092837
0 0.1025390625 0.47480106100795755 0.0078125 0.010610079575596816
0 0.087890625 0.4608753315649867 0.005859375 0.00663129973474801
0 0.0947265625 0.4562334217506631 0.00390625 0.007957559681697613
0 0.07958984375 0.6094164456233422 0.0146484375 0.01989389920424403
0 0.09375 0.6187002652519894 0.021484375 0.030503978779840846
0 0.03369140625 0.7572944297082228 0.0224609375 0.04774535809018567
0 0.109375 0.7095490716180372 0.0234375 0.03713527851458886
0 0.13818359375 0.6856763925729442 0.0224609375 0.03713527851458886
0 0.2197265625 0.6438992042440318 0.0234375 0.03315649867374005
0 0.19921875 0.7108753315649867 0.02734375 0.03978779840848806
0 0.1455078125 0.5875331564986737 0.009765625 0.01856763925729443
0 0.17041015625 0.5484084880636605 0.0107421875 0.01989389920424403
0 0.18017578125 0.51657824933687 0.0107421875 0.017241379310344827
0 0.15478515625 0.49668435013262596 0.0068359375 0.011936339522546418
0 0.2080078125 0.5351458885941645 0.01171875 0.01989389920424403
0 0.22412109375 0.5019893899204244 0.0107421875 0.009283819628647215
0 0.2080078125 0.48143236074270557 0.009765625 0.01326259946949602
0 0.1796875 0.47944297082228116 0.00390625 0.009283819628647215
0 0.21728515625 0.48541114058355433 0.0068359375 0.010610079575596816
0 0.22900390625 0.4834217506631299 0.0087890625 0.011936339522546418
0 0.26318359375 0.5172413793103448 0.0087890625 0.01326259946949602
0 0.26220703125 0.4986737400530504 0.0087890625 0.010610079575596816
0 0.22314453125 0.4714854111405835 0.0068359375 0.00663129973474801
0 0.28857421875 0.4714854111405835 0.0048828125 0.009283819628647215
0 0.279296875 0.4622015915119363 0.0078125 0.009283819628647215
0 0.2685546875 0.45557029177718833 0.00390625 0.00663129973474801
0 0.2919921875 0.4907161803713528 0.009765625 0.01326259946949602
0 0.3212890625 0.46551724137931033 0.00390625 0.007957559681697613
0 0.29345703125 0.5457559681697612 0.0087890625 0.014588859416445622
0 0.3271484375 0.48143236074270557 0.0078125 0.01326259946949602
0 0.31103515625 0.5437665782493368 0.0107421875 0.01326259946949602
0 0.32421875 0.5828912466843501 0.01953125 0.027851458885941642
0 0.3388671875 0.6438992042440318 0.01953125 0.030503978779840846
0 0.36328125 0.6226790450928381 0.0234375 0.03580901856763925
0 0.3525390625 0.5484084880636605 0.015625 0.01989389920424403
0 0.36669921875 0.49005305039787794 0.0048828125 0.011936339522546418
0 0.37890625 0.49005305039787794 0.0078125 0.011936339522546418
0 0.41015625 0.5450928381962864 0.01171875 0.01856763925729443
0 0.45068359375 0.5291777188328912 0.0126953125 0.015915119363395226
0 0.45068359375 0.5590185676392573 0.0107421875 0.02519893899204244
0 0.4296875 0.4714854111405835 0.005859375 0.011936339522546418
0 0.4130859375 0.4860742705570292 0.0078125 0.009283819628647215
0 0.40771484375 0.4615384615384615 0.0068359375 0.007957559681697613
0 0.3681640625 0.47480106100795755 0.005859375 0.010610079575596816
0 0.42529296875 0.49933687002652516 0.0068359375 0.011936339522546418
0 0.43701171875 0.49005305039787794 0.0068359375 0.011936339522546418
0 0.4482421875 0.4980106100795756 0.0078125 0.014588859416445622
0 0.46826171875 0.5059681697612732 0.0087890625 0.017241379310344827
0 0.45751953125 0.47480106100795755 0.0068359375 0.005305039787798408
0 0.53271484375 0.5623342175066313 0.0146484375 0.021220159151193633
0 0.53857421875 0.523209549071618 0.0107421875 0.017241379310344827
0 0.50634765625 0.48806366047745353 0.0068359375 0.010610079575596816
0 0.48583984375 0.49270557029177714 0.0068359375 0.011936339522546418
0 0.52490234375 0.47214854111405835 0.0068359375 0.01326259946949602
0 0.54931640625 0.6021220159151194 0.0107421875 0.02652519893899204
0 0.29296875 0.7413793103448275 0.02734375 0.05039787798408488
0 0.40185546875 0.7307692307692307 0.0283203125 0.04774535809018567
0 0.5185546875 0.4535809018567639 0.0078125 0.010610079575596816
0 0.5224609375 0.4456233421750663 0.005859375 0.007957559681697613
0 0.53564453125 0.4496021220159151 0.0048828125 0.007957559681697613
0 0.54541015625 0.4641909814323607 0.0048828125 0.010610079575596816
0 0.58203125 0.4953580901856764 0.01171875 0.014588859416445622
0 0.56396484375 0.5656498673740052 0.0185546875 0.022546419098143235
0 0.58544921875 0.5271883289124668 0.0146484375 0.01989389920424403
0 0.61279296875 0.5517241379310345 0.0126953125 0.015915119363395226
0 0.62548828125 0.5656498673740052 0.0146484375 0.02519893899204244
0 0.60986328125 0.46286472148541113 0.0087890625 0.01326259946949602
0 0.568359375 0.4416445623342175 0.00390625 0.005305039787798408
0 0.62255859375 0.47214854111405835 0.0068359375 0.007957559681697613
0 0.6611328125 0.513262599469496 0.009765625 0.015915119363395226
0 0.6728515625 0.4502652519893899 0.005859375 0.009283819628647215
0 0.6669921875 0.47015915119363394 0.0078125 0.009283819628647215
0 0.50927734375 0.7433687002652519 0.0283203125 0.04111405835543766
0 0.578125 0.623342175066313 0.021484375 0.034482758620689655
0 0.6123046875 0.6777188328912467 0.0234375 0.034482758620689655
0 0.681640625 0.6346153846153846 0.01953125 0.03315649867374005
0 0.67822265625 0.7679045092838196 0.0302734375 0.05305039787798408
0 0.71533203125 0.6505305039787798 0.0166015625 0.027851458885941642
0 0.697265625 0.46816976127320953 0.009765625 0.01326259946949602
0 0.69580078125 0.48275862068965514 0.0087890625 0.01326259946949602
0 0.7021484375 0.5026525198938991 0.009765625 0.015915119363395226
0 0.6884765625 0.4456233421750663 0.00390625 0.010610079575596816
0 0.7041015625 0.4496021220159151 0.005859375 0.010610079575596816
0 0.72119140625 0.4761273209549071 0.0087890625 0.007957559681697613
0 0.71435546875 0.4708222811671087 0.0048828125 0.007957559681697613
0 0.7265625 0.49469496021220155 0.0078125 0.015915119363395226
0 0.72802734375 0.5755968169761273 0.0205078125 0.02652519893899204
0 0.771484375 0.523209549071618 0.009765625 0.017241379310344827
0 0.75 0.47679045092838196 0.0078125 0.011936339522546418
0 0.771484375 0.4668435013262599 0.005859375 0.010610079575596816
0 0.76513671875 0.4688328912466843 0.0068359375 0.011936339522546418
0 0.75341796875 0.4469496021220159 0.0068359375 0.007957559681697613
0 0.79052734375 0.4980106100795756 0.0126953125 0.014588859416445622
0 0.80615234375 0.5318302387267905 0.0126953125 0.023872679045092837
0 0.79638671875 0.5855437665782494 0.0185546875 0.02519893899204244
0 0.7939453125 0.46816976127320953 0.0078125 0.010610079575596816
0 0.80126953125 0.4582228116710875 0.0068359375 0.009283819628647215
0 0.83056640625 0.48474801061007955 0.0068359375 0.009283819628647215
0 0.80908203125 0.4708222811671087 0.0048828125 0.010610079575596816
0 0.8310546875 0.46750663129973474 0.005859375 0.009283819628647215
0 0.85888671875 0.47546419098143233 0.0068359375 0.011936339522546418
0 0.85400390625 0.4549071618037135 0.0048828125 0.010610079575596816
0 0.85986328125 0.5305039787798408 0.0166015625 0.021220159151193633
0 0.8525390625 0.5702917771883289 0.015625 0.023872679045092837
0 0.87060546875 0.4668435013262599 0.0048828125 0.007957559681697613
0 0.84521484375 0.4469496021220159 0.0068359375 0.010610079575596816
0 0.7490234375 0.649867374005305 0.025390625 0.042440318302387266
0 0.77197265625 0.6293103448275862 0.0205078125 0.030503978779840846
0 0.85009765625 0.623342175066313 0.0126953125 0.021220159151193633
0 0.88525390625 0.6492042440318302 0.0087890625 0.030503978779840846
0 0.8740234375 0.6657824933687002 0.017578125 0.029177718832891244
0 0.884765625 0.4635278514588859 0.005859375 0.011936339522546418
0 0.93408203125 0.4635278514588859 0.0068359375 0.011936339522546418
0 0.939453125 0.47745358090185674 0.005859375 0.01326259946949602
0 0.9580078125 0.47745358090185674 0.009765625 0.01326259946949602
0 0.96728515625 0.4953580901856764 0.0107421875 0.014588859416445622
0 0.96923828125 0.47214854111405835 0.0087890625 0.01326259946949602
0 0.962890625 0.4595490716180371 0.005859375 0.009283819628647215
0 0.939453125 0.4529177718832891 0.005859375 0.011936339522546418
0 0.99462890625 0.4980106100795756 0.0107421875 0.014588859416445622
0 0.9052734375 0.5683023872679045 0.013671875 0.01989389920424403
0 0.9580078125 0.5822281167108753 0.021484375 0.029177718832891244
0 0.92431640625 0.6286472148541113 0.0146484375 0.03713527851458886
0 0.99560546875 0.4502652519893899 0.0048828125 0.00663129973474801
0 0.826171875 0.8236074270557029 0.029296875 0.0716180371352785
0 0.22412109375 0.620026525198939 0.0244140625 0.03580901856763925
0 0.6787109375 0.553050397877984 0.01171875 0.023872679045092837
0 0.65625 0.5417771883289124 0.009765625 0.022546419098143235
0 0.6884765625 0.5159151193633952 0.01171875 0.023872679045092837
0 0.7265625 0.5344827586206896 0.009765625 0.021220159151193633
