0 0.8466796875 0.5431286549707602 0.115234375 0.16228070175438597
0 0.88427734375 0.3706140350877193 0.0654296875 0.09502923976608187
0 0.97705078125 0.32309941520467833 0.0361328125 0.05263157894736842
0 0.81494140625 0.30116959064327486 0.0302734375 0.05263157894736842
0 0.744140625 0.4225146198830409 0.0703125 0.12280701754385964
0 0.67822265625 0.42032163742690054 0.0498046875 0.08625730994152046
0 0.66796875 0.2733918128654971 0.029296875 0.05263157894736842
0 0.630859375 0.2975146198830409 0.025390625 0.04532163742690058
0 0.76806640625 0.3201754385964912 0.0302734375 0.05555555555555555
0 0.4150390625 0.3523391812865497 0.064453125 0.12280701754385964
0 0.56591796875 0.3501461988304093 0.0283203125 0.05116959064327485
0 0.50244140625 0.2975146198830409 0.0322265625 0.04824561403508772
0 0.306640625 0.3640350877192982 0.025390625 0.04093567251461988
0 0.24365234375 0.3369883040935672 0.0244140625 0.04532163742690058
0 0.24169921875 0.4093567251461988 0.0380859375 0.06140350877192982
0 0.14013671875 0.4305555555555555 0.0849609375 0.15058479532163743
0 0.02880859375 0.38888888888888884 0.0576171875 0.24561403508771928
