0 0.865234375 0.2727864583333333 0.0078125 0.05598958333333333
0 0.83056640625 0.2864583333333333 0.0263671875 0.046875
0 0.94580078125 0.26432291666666663 0.0205078125 0.03645833333333333
0 0.78271484375 0.29361979166666663 0.0224609375 0.03515625
0 0.79541015625 0.25651041666666663 0.0126953125 0.020833333333333332
0 0.72314453125 0.30729166666666663 0.0283203125 0.04427083333333333
0 0.69189453125 0.2884114583333333 0.0185546875 0.03255208333333333
0 0.7685546875 0.2766927083333333 0.01171875 0.01953125
0 0.77685546875 0.25846354166666663 0.0107421875 0.016927083333333332
0 0.59033203125 0.28190104166666663 0.0322265625 0.05078125
0 0.6279296875 0.287109375 0.0234375 0.037760416666666664
0 0.4716796875 0.2591145833333333 0.009765625 0.015625
0 0.5263671875 0.26041666666666663 0.0078125 0.013020833333333332
0 0.5361328125 0.25065104166666663 0.005859375 0.009114583333333332
0 0.515625 0.25390625 0.005859375 0.010416666666666666
0 0.38232421875 0.3046875 0.0302734375 0.041666666666666664
0 0.416015625 0.2845052083333333 0.01953125 0.03255208333333333
0 0.44775390625 0.2669270833333333 0.0107421875 0.020833333333333332
0 0.36767578125 0.24544270833333331 0.0048828125 0.01171875
0 0.35791015625 0.2708333333333333 0.0068359375 0.010416666666666666
0 0.3916015625 0.2552083333333333 0.005859375 0.013020833333333332
0 0.29150390625 0.2734375 0.0224609375 0.0390625
0 0.17529296875 0.26627604166666663 0.0087890625 0.016927083333333332
0 0.14697265625 0.28515625 0.0146484375 0.0234375
0 0.126953125 0.29752604166666663 0.013671875 0.024739583333333332
0 0.0703125 0.275390625 0.01953125 0.03255208333333333
0 0.03369140625 0.27799479166666663 0.0224609375 0.03515625
0 0.20458984375 0.26953125 0.0107421875 0.018229166666666664
