0 0.8896484375 0.3655126498002663 0.03125 0.05992010652463382
0 0.9169921875 0.307589880159787 0.021484375 0.0426098535286285
0 0.9365234375 0.24833555259653797 0.02734375 0.04660452729693742
0 0.82470703125 0.19174434087882825 0.0361328125 0.0559254327563249
0 0.908203125 0.2496671105193076 0.025390625 0.049267643142476704
0 0.779296875 0.22103861517976034 0.029296875 0.05858854860186419
0 0.75244140625 0.21637816245006658 0.0263671875 0.05193075898801598
0 0.66259765625 0.2696404793608522 0.0341796875 0.049267643142476704
0 0.59326171875 0.20705725699067912 0.0244140625 0.06258322237017311
0 0.52978515625 0.22836218375499337 0.0302734375 0.05193075898801598
0 0.4970703125 0.24900133155792278 0.03125 0.0559254327563249
0 0.46533203125 0.22703062583222372 0.0224609375 0.04394141145139814
0 0.4443359375 0.12316910785619176 0.01953125 0.033288948069241014
0 0.36767578125 0.21504660452729696 0.0322265625 0.05193075898801598
0 0.38916015625 0.1904127829560586 0.0322265625 0.053262316910785625
0 0.2880859375 0.21904127829560588 0.02734375 0.04660452729693742
0 0.2841796875 0.29693741677762986 0.029296875 0.05858854860186419
0 0.2255859375 0.2237017310252996 0.03125 0.061251664447403466
0 0.15771484375 0.20239680426098536 0.0322265625 0.053262316910785625
0 0.091796875 0.21571238348868177 0.029296875 0.05858854860186419
0 0.11328125 0.1810918774966711 0.029296875 0.053262316910785625
0 0.01953125 0.19440745672436752 0.017578125 0.04793608521970706
0 0.0068359375 0.19174434087882825 0.013671875 0.05858854860186419
0 0.11474609375 0.22836218375499337 0.0205078125 0.041278295605858856
0 0.498046875 0.45539280958721706 0.046875 0.07989347536617844
0 0.99755859375 0.20905459387483358 0.0048828125 0.0426098535286285
0 0.26025390625 0.19507323568575236 0.0205078125 0.041278295605858856
0 0.63671875 0.21704394141145142 0.01953125 0.045272969374167776
0 0.58251953125 0.21904127829560588 0.0185546875 0.04660452729693742
0 0.27880859375 0.2103861517976032 0.0205078125 0.045272969374167776
0 0.482421875 0.20572569906790947 0.025390625 0.05193075898801598
0 0.572265625 0.18175765645805594 0.013671875 0.01997336884154461
