0 0.08984375 0.39713541666666663 0.033203125 0.04427083333333333
0 0.0029296875 0.40885416666666663 0.005859375 0.0078125
0 0.01123046875 0.404296875 0.0048828125 0.006510416666666666
0 0.0380859375 0.35807291666666663 0.015625 0.0234375
0 0.07861328125 0.3515625 0.0205078125 0.033854166666666664
0 0.10498046875 0.35807291666666663 0.0087890625 0.015625
0 0.1376953125 0.36328125 0.009765625 0.018229166666666664
0 0.1640625 0.35611979166666663 0.015625 0.022135416666666664
0 0.150390625 0.35611979166666663 0.0078125 0.01171875
0 0.17041015625 0.38671875 0.0166015625 0.028645833333333332
0 0.24072265625 0.3515625 0.0107421875 0.018229166666666664
0 0.115234375 0.38541666666666663 0.009765625 0.015625
0 0.25390625 0.34440104166666663 0.00390625 0.006510416666666666
0 0.275390625 0.357421875 0.025390625 0.03255208333333333
0 0.29052734375 0.357421875 0.0107421875 0.022135416666666664
0 0.36474609375 0.361328125 0.0224609375 0.03515625
0 0.404296875 0.33072916666666663 0.0078125 0.013020833333333332
0 0.41796875 0.388671875 0.00390625 0.006510416666666666
0 0.42333984375 0.37890625 0.0029296875 0.005208333333333333
0 0.44189453125 0.35026041666666663 0.0107421875 0.020833333333333332
0 0.5 0.35611979166666663 0.0078125 0.016927083333333332
0 0.5732421875 0.3880208333333333 0.025390625 0.0390625
0 0.59228515625 0.34244791666666663 0.0087890625 0.013020833333333332
0 0.53125 0.3372395833333333 0.01171875 0.018229166666666664
0 0.51513671875 0.33854166666666663 0.0048828125 0.0078125
0 0.67578125 0.3372395833333333 0.021484375 0.033854166666666664
0 0.65966796875 0.337890625 0.0048828125 0.009114583333333332
0 0.6318359375 0.33072916666666663 0.00390625 0.010416666666666666
0 0.62890625 0.3880208333333333 0.005859375 0.0078125
0 0.63134765625 0.39127604166666663 0.0029296875 0.006510416666666666
0 0.55615234375 0.33854166666666663 0.0029296875 0.005208333333333333
0 0.615234375 0.39127604166666663 0.00390625 0.009114583333333332
0 0.6923828125 0.333984375 0.005859375 0.006510416666666666
0 0.767578125 0.33984375 0.00390625 0.0078125
0 0.8310546875 0.3802083333333333 0.0234375 0.03645833333333333
0 0.73291015625 0.4114583333333333 0.0048828125 0.010416666666666666
0 0.755859375 0.3977864583333333 0.00390625 0.006510416666666666
0 0.71533203125 0.3411458333333333 0.0048828125 0.0078125
0 0.75537109375 0.3450520833333333 0.0048828125 0.0078125
0 0.765625 0.341796875 0.00390625 0.006510416666666666
0 0.74951171875 0.34049479166666663 0.0029296875 0.006510416666666666
0 0.970703125 0.3743489583333333 0.044921875 0.05598958333333333
0 0.93359375 0.35807291666666663 0.017578125 0.028645833333333332
0 0.8681640625 0.34440104166666663 0.017578125 0.01953125
0 0.80419921875 0.341796875 0.0048828125 0.006510416666666666
0 0.716796875 0.4876302083333333 0.021484375 0.037760416666666664
0 0.90966796875 0.337890625 0.0068359375 0.01171875
0 0.8984375 0.3359375 0.0078125 0.013020833333333332
0 0.31005859375 0.34830729166666663 0.0048828125 0.009114583333333332
0 0.22021484375 0.3626302083333333 0.0107421875 0.014322916666666666
0 0.2216796875 0.3372395833333333 0.009765625 0.018229166666666664
0 0.02001953125 0.4375 0.0107421875 0.015625
