0 0.03369140625 0.48051948051948057 0.0283203125 0.06493506493506494
0 0.17333984375 0.5251623376623377 0.0224609375 0.05032467532467533
0 0.27099609375 0.46915584415584416 0.0224609375 0.05194805194805195
0 0.509765625 0.42694805194805197 0.04296875 0.1168831168831169
0 0.619140625 0.4277597402597403 0.060546875 0.13474025974025974
0 0.37060546875 0.5202922077922079 0.0107421875 0.0275974025974026
0 0.9189453125 0.5925324675324676 0.005859375 0.016233766233766236
0 0.90283203125 0.6055194805194806 0.0068359375 0.01948051948051948
0 0.82373046875 0.5811688311688312 0.0107421875 0.016233766233766236
0 0.9384765625 0.7061688311688312 0.009765625 0.01948051948051948
0 0.95751953125 0.6980519480519481 0.0107421875 0.022727272727272728
0 0.82080078125 0.7094155844155845 0.0166015625 0.029220779220779224
0 0.83349609375 0.6209415584415585 0.0146484375 0.0275974025974026
0 0.810546875 0.6160714285714286 0.009765625 0.024350649350649352
0 0.8740234375 0.6185064935064936 0.0078125 0.022727272727272728
