0 0.03955078125 0.27604166666666663 0.0439453125 0.0625
0 0.23291015625 0.2532552083333333 0.0322265625 0.04296875
0 0.2626953125 0.21419270833333331 0.041015625 0.06380208333333333
0 0.240234375 0.43619791666666663 0.05078125 0.06510416666666666
0 0.3935546875 0.197265625 0.046875 0.07161458333333333
0 0.572265625 0.17643229166666666 0.0390625 0.07942708333333333
0 0.6279296875 0.23177083333333331 0.046875 0.07291666666666666
0 0.7587890625 0.24544270833333331 0.044921875 0.06901041666666666
0 0.87060546875 0.197265625 0.0283203125 0.07421875
0 0.96728515625 0.265625 0.0361328125 0.057291666666666664
0 0.58349609375 0.6354166666666666 0.0224609375 0.06510416666666666
