0 0.3916015625 0.43229166666666663 0.029296875 0.041666666666666664
0 0.46875 0.421875 0.029296875 0.04427083333333333
0 0.38818359375 0.32096354166666663 0.0302734375 0.05598958333333333
0 0.40185546875 0.2669270833333333 0.0302734375 0.046875
0 0.48876953125 0.298828125 0.0322265625 0.05078125
0 0.53662109375 0.25846354166666663 0.0302734375 0.04296875
0 0.583984375 0.3203125 0.02734375 0.04427083333333333
0 0.6533203125 0.30924479166666663 0.029296875 0.04296875
0 0.69677734375 0.28125 0.0302734375 0.04427083333333333
0 0.5654296875 0.38671875 0.03125 0.04427083333333333
0 0.6767578125 0.36328125 0.03125 0.04427083333333333
0 0.55126953125 0.49479166666666663 0.0283203125 0.041666666666666664
0 0.65087890625 0.4973958333333333 0.0283203125 0.041666666666666664
0 0.740234375 0.35026041666666663 0.029296875 0.049479166666666664
0 0.787109375 0.2786458333333333 0.03125 0.0546875
0 0.77392578125 0.3841145833333333 0.0341796875 0.04427083333333333
0 0.83740234375 0.35807291666666663 0.0302734375 0.046875
0 0.18505859375 0.263671875 0.0302734375 0.05078125
0 0.12939453125 0.3684895833333333 0.0322265625 0.03645833333333333
0 0.2275390625 0.3352864583333333 0.037109375 0.05078125
0 0.2890625 0.314453125 0.033203125 0.053385416666666664
0 0.1494140625 0.5390625 0.03515625 0.057291666666666664
0 0.2470703125 0.4609375 0.029296875 0.041666666666666664
0 0.35986328125 0.33268229166666663 0.0361328125 0.05859375
