0 0.11962890625 0.26945668135095446 0.0400390625 0.08663729809104258
0 0.3193359375 0.20998531571218795 0.033203125 0.08516886930983847
0 0.32421875 0.3105726872246696 0.033203125 0.057268722466960346
0 0.4052734375 0.36784140969162993 0.021484375 0.04845814977973568
0 0.54150390625 0.3406754772393539 0.0283203125 0.0763582966226138
0 0.5712890625 0.3201174743024963 0.03125 0.08810572687224669
0 0.63623046875 0.2834067547723935 0.0341796875 0.06167400881057268
0 0.857421875 0.21145374449339205 0.04296875 0.07929515418502202
0 0.9423828125 0.2459618208516887 0.037109375 0.06314243759177679
0 0.43115234375 0.40895741556534504 0.0302734375 0.06607929515418502
0 0.5322265625 0.3898678414096916 0.029296875 0.0513950073421439
