0 0.0712890625 0.6335937500000001 0.013671875 0.029687500000000002
0 0.056640625 0.63046875 0.01171875 0.026562500000000003
0 0.03955078125 0.6335937500000001 0.0107421875 0.0234375
0 0.31591796875 0.8523437500000001 0.0087890625 0.0171875
0 0.314453125 0.70703125 0.009765625 0.0203125
0 0.59228515625 0.5242187500000001 0.0830078125 0.1765625
0 0.548828125 0.7054687500000001 0.0078125 0.0171875
0 0.57373046875 0.690625 0.0087890625 0.018750000000000003
0 0.599609375 0.69140625 0.0078125 0.0171875
0 0.6201171875 0.7132812500000001 0.0078125 0.0171875
0 0.6337890625 0.6984375 0.0078125 0.018750000000000003
0 0.6591796875 0.70703125 0.0078125 0.0171875
0 0.65380859375 0.70078125 0.0068359375 0.0140625
0 0.6826171875 0.69921875 0.005859375 0.0140625
0 0.72021484375 0.275 0.0126953125 0.025
0 0.8125 0.22734375 0.009765625 0.0203125
0 0.84619140625 0.22890625 0.0087890625 0.0203125
0 0.85595703125 0.23515625 0.0087890625 0.0203125
0 0.92626953125 0.23125 0.0107421875 0.021875000000000002
0 0.3525390625 0.8359375 0.005859375 0.0125
0 0.40576171875 0.853125 0.0068359375 0.0125
0 0.3701171875 0.8625 0.0078125 0.0125
0 0.3525390625 0.86328125 0.005859375 0.0140625
0 0.39111328125 0.8375 0.0068359375 0.0125
0 0.92724609375 0.37812500000000004 0.0048828125 0.009375000000000001
0 0.88525390625 0.4453125 0.0048828125 0.009375000000000001
0 0.83544921875 0.19843750000000002 0.0048828125 0.009375000000000001
0 0.861328125 0.19296875000000002 0.005859375 0.010937500000000001
