0 0.390625 0.4563802083333333 0.03125 0.05078125
0 0.958984375 0.3138020833333333 0.06640625 0.13541666666666666
0 0.51953125 0.4075520833333333 0.03515625 0.04427083333333333
0 0.56201171875 0.37955729166666663 0.0263671875 0.05078125
0 0.5849609375 0.32682291666666663 0.0234375 0.041666666666666664
0 0.68896484375 0.3450520833333333 0.0166015625 0.03125
0 0.7314453125 0.36002604166666663 0.013671875 0.024739583333333332
0 0.802734375 0.35026041666666663 0.013671875 0.0234375
0 0.875 0.3430989583333333 0.009765625 0.016927083333333332
0 0.87451171875 0.4140625 0.0107421875 0.020833333333333332
0 0.6337890625 0.328125 0.021484375 0.03645833333333333
0 0.24169921875 0.337890625 0.0107421875 0.014322916666666666
0 0.8427734375 0.36393229166666663 0.0078125 0.014322916666666666
0 0.8525390625 0.359375 0.009765625 0.018229166666666664
