0 0.0556640625 0.521484375 0.033203125 0.06380208333333333
0 0.22216796875 0.5716145833333333 0.0205078125 0.03645833333333333
0 0.3310546875 0.548828125 0.03125 0.053385416666666664
0 0.2939453125 0.46354166666666663 0.017578125 0.028645833333333332
0 0.39501953125 0.5006510416666666 0.0263671875 0.04036458333333333
0 0.43505859375 0.45963541666666663 0.0166015625 0.03645833333333333
0 0.3955078125 0.45768229166666663 0.013671875 0.03515625
0 0.50146484375 0.47265625 0.0224609375 0.03645833333333333
0 0.5498046875 0.42447916666666663 0.01953125 0.03645833333333333
0 0.6044921875 0.4427083333333333 0.017578125 0.026041666666666664
0 0.634765625 0.3997395833333333 0.015625 0.03125
0 0.638671875 0.44010416666666663 0.017578125 0.03125
0 0.6767578125 0.41015625 0.025390625 0.049479166666666664
0 0.7119140625 0.5143229166666666 0.0234375 0.03645833333333333
0 0.7705078125 0.43424479166666663 0.037109375 0.061197916666666664
0 0.89111328125 0.4173177083333333 0.0146484375 0.029947916666666664
0 0.90478515625 0.3802083333333333 0.0166015625 0.028645833333333332
0 0.9306640625 0.4153645833333333 0.021484375 0.04427083333333333
0 0.27685546875 0.48502604166666663 0.0126953125 0.024739583333333332
