0 0.1083984375 0.5026395173453997 0.041015625 0.049019607843137254
0 0.357421875 0.8435143288084465 0.01171875 0.014328808446455506
0 0.25927734375 0.8190045248868779 0.0048828125 0.007541478129713424
0 0.26513671875 0.826923076923077 0.0048828125 0.006787330316742082
0 0.890625 0.6444193061840121 0.017578125 0.012820512820512822
0 0.43798828125 0.8947963800904978 0.0029296875 0.003770739064856712
0 0.44482421875 0.8974358974358975 0.0029296875 0.0030165912518853697
0 0.44970703125 0.9027149321266968 0.0029296875 0.0030165912518853697
0 0.4580078125 0.9053544494720965 0.00390625 0.0022624434389140274
0 0.4697265625 0.9053544494720965 0.00390625 0.003770739064856712
0 0.47705078125 0.9049773755656109 0.0048828125 0.006033182503770739
