0 0.82080078125 0.5723404255319149 0.0322265625 0.05815602836879433
0 0.87548828125 0.672340425531915 0.0302734375 0.059574468085106386
0 0.94482421875 0.4418439716312057 0.0224609375 0.03546099290780142
0 0.8720703125 0.4872340425531915 0.03125 0.04964539007092199
0 0.81298828125 0.4468085106382979 0.0244140625 0.03404255319148936
0 0.77294921875 0.4794326241134752 0.0302734375 0.04822695035460993
0 0.73828125 0.44042553191489364 0.02734375 0.04964539007092199
0 0.7197265625 0.45248226950354614 0.01953125 0.03404255319148936
0 0.80029296875 0.5439716312056738 0.0302734375 0.052482269503546106
0 0.66357421875 0.47304964539007094 0.0244140625 0.03829787234042553
0 0.619140625 0.45248226950354614 0.0234375 0.03687943262411348
0 0.576171875 0.3943262411347518 0.021484375 0.03120567375886525
0 0.560546875 0.48297872340425535 0.0234375 0.03546099290780142
0 0.54541015625 0.40354609929078017 0.0224609375 0.03546099290780142
0 0.50439453125 0.4645390070921986 0.0263671875 0.03829787234042553
0 0.63623046875 0.4560283687943263 0.0166015625 0.03262411347517731
0 0.421875 0.5028368794326241 0.025390625 0.04113475177304965
0 0.44091796875 0.46028368794326247 0.0224609375 0.03829787234042553
0 0.41259765625 0.3687943262411348 0.0224609375 0.03687943262411348
0 0.36865234375 0.4510638297872341 0.0244140625 0.03404255319148936
0 0.29931640625 0.4170212765957447 0.0263671875 0.04539007092198582
0 0.27978515625 0.4609929078014185 0.0302734375 0.05106382978723405
0 0.27099609375 0.4042553191489362 0.0263671875 0.04255319148936171
0 0.2431640625 0.3297872340425532 0.025390625 0.03829787234042553
0 0.1162109375 0.20780141843971633 0.029296875 0.0723404255319149
