0 0.0830078125 0.3022847100175747 0.03515625 0.08084358523725835
0 0.0888671875 0.4305799648506151 0.03515625 0.1195079086115993
0 0.18994140625 0.4674868189806678 0.0556640625 0.13005272407732865
0 0.3759765625 0.4780316344463972 0.0625 0.14411247803163443
0 0.38818359375 0.27768014059753954 0.0185546875 0.09138840070298769
0 0.58349609375 0.3093145869947276 0.0361328125 0.11247803163444639
0 0.60498046875 0.2565905096660808 0.0263671875 0.09138840070298769
0 0.78564453125 0.27240773286467485 0.0244140625 0.07381370826010544
0 0.79931640625 0.27416520210896306 0.0244140625 0.07029876977152899
0 0.9306640625 0.2416520210896309 0.017578125 0.05799648506151142
0 0.85888671875 0.28031634446397186 0.0185546875 0.04745166959578207
0 0.9267578125 0.4086115992970123 0.046875 0.11775043936731107
0 0.71875 0.6379613356766256 0.046875 0.08787346221441124
0 0.18408203125 0.7653778558875219 0.0673828125 0.15992970123022845
0 0.23828125 0.289103690685413 0.01171875 0.05448154657293497
