0 0.85693359375 0.3613916947250281 0.0341796875 0.04264870931537598
0 0.736328125 0.3827160493827161 0.03515625 0.044893378226711564
0 0.60205078125 0.36756453423120095 0.0380859375 0.04377104377104377
0 0.96728515625 0.388327721661055 0.0107421875 0.017957351290684626
0 0.962890625 0.3383838383838384 0.009765625 0.014590347923681258
0 0.3984375 0.3692480359147026 0.029296875 0.03815937149270483
0 0.4765625 0.36195286195286197 0.03125 0.0415263748597082
0 0.302734375 0.37766554433221106 0.029296875 0.03928170594837262
0 0.3134765625 0.34624017957351294 0.025390625 0.03928170594837262
0 0.52197265625 0.3417508417508418 0.0322265625 0.0415263748597082
0 0.03173828125 0.3810325476992144 0.0126953125 0.014590347923681258
0 0.1875 0.3804713804713805 0.03125 0.044893378226711564
0 0.09912109375 0.372615039281706 0.0283203125 0.03815937149270483
0 0.41552734375 0.34455667789001126 0.0322265625 0.04264870931537598
