0 0.041015625 0.5789835164835165 0.072265625 0.13873626373626374
0 0.51708984375 0.532967032967033 0.0908203125 0.1730769230769231
0 0.67041015625 0.506868131868132 0.0966796875 0.1620879120879121
0 0.70947265625 0.3138736263736264 0.0302734375 0.08104395604395605
0 0.5498046875 0.3468406593406594 0.041015625 0.07554945054945056
0 0.05078125 0.33722527472527475 0.07421875 0.11401098901098902
0 0.3349609375 0.2623626373626374 0.02734375 0.06043956043956045
0 0.0625 0.1407967032967033 0.029296875 0.05082417582417583
0 0.8525390625 0.6696428571428572 0.046875 0.0837912087912088
0 0.10791015625 0.20054945054945056 0.0322265625 0.04395604395604396
0 0.57666015625 0.36332417582417587 0.0205078125 0.04807692307692308
0 0.47509765625 0.22252747252747254 0.0458984375 0.08516483516483517
