0 0.05419921875 0.40431266846361186 0.0087890625 0.03234501347708895
0 0.0986328125 0.4097035040431267 0.0078125 0.03234501347708895
0 0.11376953125 0.3814016172506739 0.0068359375 0.02964959568733154
0 0.12890625 0.37196765498652296 0.009765625 0.03234501347708895
0 0.17431640625 0.35175202156334234 0.0087890625 0.04043126684636119
0 0.21435546875 0.3450134770889488 0.0126953125 0.04851752021563342
0 0.2431640625 0.34905660377358494 0.01171875 0.04582210242587601
0 0.2724609375 0.3261455525606469 0.013671875 0.04851752021563342
0 0.30419921875 0.2776280323450135 0.0146484375 0.04851752021563342
0 0.34521484375 0.30458221024258764 0.0146484375 0.04851752021563342
0 0.38720703125 0.3234501347708895 0.0107421875 0.03234501347708895
0 0.431640625 0.3005390835579515 0.01171875 0.04582210242587601
0 0.4736328125 0.28840970350404316 0.013671875 0.0431266846361186
0 0.53076171875 0.28840970350404316 0.0107421875 0.03773584905660378
0 0.544921875 0.2789757412398922 0.013671875 0.04582210242587601
0 0.5771484375 0.2506738544474394 0.013671875 0.0431266846361186
0 0.5986328125 0.26819407008086255 0.009765625 0.04043126684636119
0 0.62109375 0.2506738544474394 0.01171875 0.0431266846361186
0 0.6630859375 0.23180592991913748 0.01171875 0.0431266846361186
0 0.69091796875 0.22911051212938008 0.0126953125 0.04851752021563342
0 0.71728515625 0.24123989218328842 0.0107421875 0.03504043126684636
0 0.77197265625 0.19676549865229112 0.0126953125 0.0431266846361186
0 0.82177734375 0.18733153638814018 0.0126953125 0.04582210242587601
0 0.9287109375 0.15768194070080863 0.01171875 0.04582210242587601
0 0.19287109375 0.3369272237196766 0.0068359375 0.03773584905660378
0 0.36572265625 0.3221024258760108 0.0087890625 0.03504043126684636
0 0.40234375 0.33153638814016173 0.0078125 0.026954177897574125
0 0.49853515625 0.2587601078167116 0.0087890625 0.03773584905660378
0 0.65185546875 0.23719676549865232 0.0068359375 0.03773584905660378
0 0.85205078125 0.2668463611859838 0.0068359375 0.0215633423180593
