0 0.8427734375 0.4653379549393414 0.013671875 0.04679376083188908
0 0.43212890625 0.5797227036395147 0.0283203125 0.06412478336221837
0 0.2001953125 0.42807625649913345 0.025390625 0.05892547660311958
0 0.0908203125 0.29289428076256496 0.017578125 0.04159445407279029
0 0.11962890625 0.22357019064124783 0.0146484375 0.038128249566724434
0 0.09521484375 0.17157712305025996 0.0087890625 0.024263431542461005
0 0.052734375 0.11958405545927209 0.005859375 0.01386481802426343
0 0.02685546875 0.10311958405545926 0.0048828125 0.008665511265164644
0 0.134765625 0.12045060658578856 0.00390625 0.015597920277296359
0 0.1650390625 0.11958405545927209 0.005859375 0.01386481802426343
0 0.24951171875 0.134315424610052 0.0068359375 0.012131715771230503
0 0.27197265625 0.13778162911611785 0.0048828125 0.012131715771230503
0 0.12451171875 0.5025996533795494 0.0322265625 0.0901213171577123
0 0.083984375 0.5459272097053726 0.03515625 0.11785095320623916
0 0.4775390625 0.5043327556325823 0.021484375 0.05892547660311958
0 0.4248046875 0.4922010398613518 0.01953125 0.05199306759098787
0 0.33154296875 0.33015597920277295 0.0166015625 0.03292894280762565
0 0.39404296875 0.3578856152512998 0.0185546875 0.04332755632582322
0 0.3427734375 0.40121317157712305 0.013671875 0.036395147313691506
0 0.3671875 0.1967071057192374 0.0078125 0.022530329289428074
0 0.384765625 0.1897746967071057 0.009765625 0.022530329289428074
0 0.45556640625 0.17764298093587522 0.0068359375 0.015597920277296359
0 0.521484375 0.33968804159445404 0.013671875 0.038128249566724434
0 0.5986328125 0.3093587521663778 0.009765625 0.02946273830155979
0 0.625 0.2946273830155979 0.005859375 0.020797227036395145
0 0.65234375 0.31282495667244364 0.009765625 0.03292894280762565
0 0.4716796875 0.2677642980935875 0.013671875 0.02946273830155979
0 0.4873046875 0.1949740034662045 0.0078125 0.022530329289428074
0 0.53125 0.2564991334488735 0.013671875 0.02772963604852686
0 0.57568359375 0.2564991334488735 0.0087890625 0.01733102253032929
0 0.546875 0.25043327556325823 0.01171875 0.022530329289428074
0 0.63671875 0.2599653379549393 0.009765625 0.020797227036395145
0 0.59765625 0.24350086655112652 0.0078125 0.019064124783362217
0 0.60498046875 0.27123050259965337 0.0107421875 0.022530329289428074
0 0.5390625 0.2998266897746967 0.009765625 0.02772963604852686
0 0.70556640625 0.3362218370883882 0.0126953125 0.031195840554592718
0 0.70263671875 0.3024263431542461 0.0126953125 0.02946273830155979
0 0.75927734375 0.3310225303292894 0.0126953125 0.03466204506065858
0 0.80615234375 0.3440207972270364 0.0126953125 0.036395147313691506
0 0.88232421875 0.3474870017331022 0.0126953125 0.036395147313691506
0 0.9091796875 0.35181975736568455 0.013671875 0.03466204506065858
0 0.85693359375 0.34662045060658575 0.0107421875 0.031195840554592718
0 0.8427734375 0.3708838821490468 0.01171875 0.031195840554592718
0 0.93994140625 0.3327556325823223 0.0146484375 0.031195840554592718
0 0.8330078125 0.31975736568457536 0.01171875 0.02946273830155979
0 0.86669921875 0.2998266897746967 0.0107421875 0.02772963604852686
0 0.955078125 0.3578856152512998 0.01171875 0.036395147313691506
0 0.8095703125 0.30155979202772965 0.009765625 0.020797227036395145
0 0.7978515625 0.30589254766031193 0.009765625 0.025996533795493933
0 0.7802734375 0.3188908145580589 0.015625 0.038128249566724434
0 0.82861328125 0.28422876949740034 0.0087890625 0.02772963604852686
0 0.88427734375 0.3986135181975736 0.0166015625 0.02772963604852686
0 0.7724609375 0.4090121317157712 0.009765625 0.031195840554592718
0 0.9931640625 0.3440207972270364 0.01171875 0.03986135181975736
0 0.96875 0.608318890814558 0.025390625 0.07279029462738301
0 0.74462890625 0.31542461005199307 0.0107421875 0.031195840554592718
