0 0.78271484375 0.40062111801242234 0.0068359375 0.015527950310559004
0 0.74609375 0.4153726708074534 0.0078125 0.020186335403726708
0 0.552734375 0.46118012422360244 0.017578125 0.037267080745341616
0 0.4990234375 0.3967391304347826 0.005859375 0.013975155279503104
0 0.16455078125 0.2748447204968944 0.0458984375 0.09006211180124223
0 0.3994140625 0.3998447204968944 0.005859375 0.010869565217391304
0 0.337890625 0.3913043478260869 0.005859375 0.012422360248447204
0 0.2802734375 0.40372670807453415 0.005859375 0.012422360248447204
0 0.2490234375 0.40062111801242234 0.005859375 0.015527950310559004
0 0.10205078125 0.4161490683229813 0.0068359375 0.012422360248447204
0 0.06201171875 0.40916149068322977 0.0048828125 0.010869565217391304
0 0.04248046875 0.4277950310559006 0.0068359375 0.013975155279503104
0 0.9404296875 0.3967391304347826 0.0078125 0.013975155279503104
