0 0.34765625 0.4465449804432855 0.017578125 0.027379400260756193
0 0.29052734375 0.3598435462842242 0.0107421875 0.02346805736636245
0 0.32568359375 0.3728813559322034 0.0126953125 0.02346805736636245
0 0.3583984375 0.3500651890482399 0.017578125 0.027379400260756193
0 0.3544921875 0.3116036505867014 0.017578125 0.028683181225554105
0 0.40283203125 0.2816166883963494 0.0166015625 0.028683181225554105
0 0.41943359375 0.33572359843546284 0.0205078125 0.03259452411994785
0 0.443359375 0.31225554106910036 0.01953125 0.035202086049543675
0 0.43701171875 0.5182529335071708 0.0166015625 0.027379400260756193
0 0.5009765625 0.46740547588005216 0.017578125 0.03259452411994785
0 0.49951171875 0.4361147327249022 0.0166015625 0.024771838331160364
0 0.55712890625 0.4973924380704042 0.0146484375 0.024771838331160364
0 0.58935546875 0.5404172099087353 0.0166015625 0.02998696219035202
0 0.626953125 0.46740547588005216 0.017578125 0.03259452411994785
0 0.619140625 0.3833116036505867 0.017578125 0.03129074315514993
0 0.66064453125 0.34745762711864403 0.0146484375 0.024771838331160364
0 0.671875 0.32724902216427637 0.013671875 0.02346805736636245
0 0.62744140625 0.26988265971316816 0.0205078125 0.02607561929595828
0 0.3408203125 0.26597131681877445 0.01953125 0.02346805736636245
0 0.45556640625 0.26792698826597133 0.0166015625 0.022164276401564535
0 0.314453125 0.29921773142112124 0.015625 0.027379400260756193
0 0.6123046875 0.43546284224250326 0.0078125 0.015645371577574965
0 0.5380859375 0.29465449804432853 0.013671875 0.018252933507170794
