0 0.39013671875 0.426917510853835 0.0244140625 0.0492040520984081
0 0.39013671875 0.35528219971056435 0.0205078125 0.03907380607814761
0 0.640625 0.34370477568740954 0.041015625 0.05933429811866859
0 0.2666015625 0.361794500723589 0.021484375 0.03762662807525325
0 0.28173828125 0.3285094066570188 0.0185546875 0.03183791606367583
0 0.30908203125 0.33936324167872645 0.0205078125 0.0361794500723589
0 0.29931640625 0.3784370477568741 0.0185546875 0.03328509406657019
0 0.32470703125 0.3675832127351664 0.0166015625 0.03473227206946454
0 0.40869140625 0.35528219971056435 0.0166015625 0.03328509406657019
0 0.41796875 0.4073806078147612 0.01953125 0.04196816208393632
0 0.46142578125 0.36903039073806077 0.0224609375 0.04341534008683068
0 0.51708984375 0.426917510853835 0.0205078125 0.04052098408104197
0 0.80810546875 0.3813314037626628 0.0224609375 0.04775687409551375
0 0.7216796875 0.4008683068017366 0.021484375 0.04341534008683068
0 0.7275390625 0.3502170767004341 0.017578125 0.03473227206946454
0 0.8505859375 0.22431259044862517 0.01171875 0.026049204052098405
0 0.8857421875 0.23589001447178 0.009765625 0.020260492040520984
0 0.92431640625 0.22575976845151952 0.0126953125 0.023154848046309694
0 0.537109375 0.19175108538350216 0.015625 0.030390738060781474
0 0.6806640625 0.36396526772793053 0.01953125 0.030390738060781474
