0 0.21484375 0.38169934640522873 0.025390625 0.0392156862745098
0 0.24658203125 0.34705882352941175 0.0146484375 0.02483660130718954
0 0.263671875 0.32614379084967315 0.015625 0.02483660130718954
0 0.32666015625 0.3503267973856209 0.0126953125 0.02091503267973856
0 0.427734375 0.36209150326797385 0.013671875 0.02091503267973856
0 0.5078125 0.3529411764705882 0.017578125 0.0261437908496732
0 0.478515625 0.3529411764705882 0.009765625 0.01830065359477124
0 0.80224609375 0.36470588235294116 0.0185546875 0.03137254901960784
0 0.77587890625 0.34117647058823525 0.0166015625 0.0261437908496732
0 0.9140625 0.36928104575163395 0.013671875 0.0196078431372549
0 0.97119140625 0.36928104575163395 0.0146484375 0.02222222222222222
0 0.35595703125 0.5712418300653594 0.0380859375 0.07058823529411765
