0 0.84228515625 0.153416149068323 0.0146484375 0.031055900621118012
0 0.81396484375 0.14906832298136646 0.0087890625 0.02236024844720497
0 0.87939453125 0.1577639751552795 0.0126953125 0.017391304347826087
0 0.89990234375 0.1751552795031056 0.0126953125 0.02236024844720497
0 0.85888671875 0.28695652173913044 0.0458984375 0.084472049689441
0 0.76513671875 0.2248447204968944 0.0498046875 0.08695652173913043
0 0.43115234375 0.21366459627329193 0.0361328125 0.05962732919254658
0 0.6689453125 0.0875776397515528 0.009765625 0.013664596273291927
0 0.369140625 0.1813664596273292 0.017578125 0.017391304347826087
0 0.23681640625 0.2409937888198758 0.0439453125 0.07701863354037268
0 0.27685546875 0.2372670807453416 0.0322265625 0.06956521739130435
0 0.3291015625 0.23540372670807455 0.021484375 0.040993788819875775
0 0.3642578125 0.24472049689440994 0.037109375 0.0720496894409938
0 0.4140625 0.26211180124223604 0.04296875 0.07701863354037268
0 0.533203125 0.30434782608695654 0.037109375 0.05714285714285715
0 0.6337890625 0.26335403726708073 0.041015625 0.07701863354037268
0 0.40966796875 0.14347826086956522 0.0126953125 0.02360248447204969
0 0.4267578125 0.1639751552795031 0.013671875 0.027329192546583853
0 0.46533203125 0.1720496894409938 0.0087890625 0.016149068322981366
0 0.56689453125 0.17329192546583852 0.0146484375 0.026086956521739132
0 0.5400390625 0.1670807453416149 0.021484375 0.028571428571428574
0 0.0546875 0.14844720496894412 0.0078125 0.02111801242236025
0 0.107421875 0.2080745341614907 0.01953125 0.02111801242236025
0 0.1865234375 0.17639751552795033 0.013671875 0.027329192546583853
0 0.21728515625 0.13850931677018635 0.0146484375 0.026086956521739132
0 0.28955078125 0.1372670807453416 0.0146484375 0.02360248447204969
0 0.32568359375 0.13975155279503107 0.0166015625 0.02360248447204969
0 0.16943359375 0.2627329192546584 0.0400390625 0.06086956521739131
0 0.59228515625 0.16024844720496895 0.0068359375 0.012422360248447206
0 0.77734375 0.16273291925465838 0.013671875 0.01987577639751553
0 0.65625 0.17453416149068324 0.01171875 0.02360248447204969
0 0.68603515625 0.20434782608695654 0.0185546875 0.0360248447204969
0 0.7080078125 0.18074534161490685 0.013671875 0.018633540372670808
0 0.48388671875 0.3093167701863354 0.0322265625 0.04472049689440994
