0 0.05322265625 0.43229166666666663 0.0068359375 0.017361111111111112
0 0.06884765625 0.47916666666666663 0.0087890625 0.017361111111111112
0 0.1767578125 0.35416666666666663 0.01953125 0.048611111111111105
0 0.01513671875 0.46701388888888884 0.0107421875 0.020833333333333332
0 0.05224609375 0.390625 0.0068359375 0.017361111111111112
0 0.08740234375 0.42447916666666663 0.0068359375 0.015625
0 0.4248046875 0.22743055555555555 0.03125 0.07291666666666666
0 0.50390625 0.2751736111111111 0.03125 0.08159722222222222
0 0.88671875 0.3368055555555555 0.01953125 0.04513888888888889
0 0.6025390625 0.42013888888888884 0.0078125 0.020833333333333332
0 0.81884765625 0.4678819444444444 0.0087890625 0.022569444444444444
0 0.31640625 0.4409722222222222 0.005859375 0.013888888888888888
0 0.0205078125 0.4140625 0.005859375 0.015625
0 0.181640625 0.44010416666666663 0.005859375 0.015625
0 0.1748046875 0.48697916666666663 0.005859375 0.015625
0 0.07568359375 0.33854166666666663 0.0048828125 0.010416666666666666
0 0.0244140625 0.3611111111111111 0.00390625 0.010416666666666666
0 0.0732421875 0.3220486111111111 0.00390625 0.008680555555555556
0 0.02392578125 0.32465277777777773 0.0048828125 0.010416666666666666
0 0.09814453125 0.36979166666666663 0.0048828125 0.010416666666666666
0 0.35302734375 0.4782986111111111 0.0048828125 0.012152777777777776
0 0.28515625 0.39496527777777773 0.00390625 0.008680555555555556
0 0.32958984375 0.37760416666666663 0.0029296875 0.008680555555555556
0 0.294921875 0.3567708333333333 0.00390625 0.008680555555555556
0 0.2734375 0.3758680555555555 0.00390625 0.008680555555555556
0 0.2724609375 0.3498263888888889 0.00390625 0.008680555555555556
0 0.72900390625 0.4765625 0.0068359375 0.015625
0 0.74609375 0.42447916666666663 0.005859375 0.015625
0 0.11767578125 0.4739583333333333 0.0068359375 0.013888888888888888
0 0.70068359375 0.46875 0.0068359375 0.017361111111111112
0 0.08740234375 0.47135416666666663 0.0068359375 0.015625
0 0.6533203125 0.4644097222222222 0.0078125 0.01909722222222222
0 0.12744140625 0.48263888888888884 0.0068359375 0.017361111111111112
0 0.15087890625 0.47482638888888884 0.0048828125 0.012152777777777776
0 0.1103515625 0.421875 0.005859375 0.013888888888888888
0 0.07958984375 0.4149305555555555 0.0048828125 0.010416666666666666
0 0.13671875 0.4175347222222222 0.00390625 0.008680555555555556
0 0.02197265625 0.37152777777777773 0.0068359375 0.013888888888888888
0 0.07958984375 0.4019097222222222 0.0048828125 0.012152777777777776
0 0.07666015625 0.3706597222222222 0.0048828125 0.012152777777777776
0 0.109375 0.37760416666666663 0.005859375 0.012152777777777776
0 0.1337890625 0.4053819444444444 0.005859375 0.012152777777777776
0 0.15283203125 0.40451388888888884 0.0068359375 0.013888888888888888
0 0.16064453125 0.4227430555555555 0.0048828125 0.012152777777777776
0 0.146484375 0.45746527777777773 0.005859375 0.012152777777777776
0 0.1123046875 0.4453125 0.005859375 0.012152777777777776
0 0.1728515625 0.4210069444444444 0.005859375 0.012152777777777776
0 0.18310546875 0.4157986111111111 0.0068359375 0.015625
0 0.16259765625 0.3784722222222222 0.0048828125 0.010416666666666666
0 0.15087890625 0.3506944444444444 0.0048828125 0.010416666666666666
0 0.12646484375 0.3524305555555555 0.0048828125 0.010416666666666666
0 0.05029296875 0.3350694444444444 0.0048828125 0.013888888888888888
0 0.1162109375 0.3489583333333333 0.00390625 0.010416666666666666
0 0.28515625 0.4739583333333333 0.005859375 0.013888888888888888
0 0.25927734375 0.36197916666666663 0.0048828125 0.008680555555555556
0 0.296875 0.3767361111111111 0.00390625 0.010416666666666666
0 0.3271484375 0.3524305555555555 0.00390625 0.010416666666666666
0 0.26318359375 0.40104166666666663 0.0048828125 0.010416666666666666
0 0.96240234375 0.40277777777777773 0.0126953125 0.027777777777777776
0 0.9091796875 0.32465277777777773 0.005859375 0.013888888888888888
0 0.9326171875 0.3376736111111111 0.005859375 0.012152777777777776
0 0.978515625 0.2977430555555555 0.005859375 0.012152777777777776
0 0.98828125 0.2986111111111111 0.005859375 0.013888888888888888
0 0.82568359375 0.3975694444444444 0.0068359375 0.013888888888888888
0 0.82373046875 0.3428819444444444 0.0068359375 0.012152777777777776
0 0.94921875 0.3914930555555555 0.0078125 0.01909722222222222
0 0.99755859375 0.3767361111111111 0.0048828125 0.013888888888888888
0 0.71533203125 0.4192708333333333 0.0048828125 0.008680555555555556
0 0.66259765625 0.4253472222222222 0.0068359375 0.017361111111111112
0 0.654296875 0.4053819444444444 0.005859375 0.008680555555555556
0 0.7001953125 0.4149305555555555 0.005859375 0.013888888888888888
0 0.7080078125 0.421875 0.005859375 0.013888888888888888
0 0.966796875 0.29947916666666663 0.005859375 0.015625
0 0.939453125 0.3046875 0.005859375 0.012152777777777776
0 0.9345703125 0.2595486111111111 0.005859375 0.012152777777777776
0 0.9111328125 0.2821180555555555 0.005859375 0.012152777777777776
0 0.84716796875 0.3237847222222222 0.0048828125 0.008680555555555556
0 0.880859375 0.2638888888888889 0.005859375 0.010416666666666666
