0 0.45166015625 0.27053140096618356 0.0498046875 0.07729468599033816
0 0.30126953125 0.3442028985507246 0.0478515625 0.06763285024154589
0 0.9833984375 0.04830917874396135 0.033203125 0.09420289855072464
0 0.79248046875 0.5096618357487922 0.0205078125 0.033816425120772944
0 0.76318359375 0.5096618357487922 0.0224609375 0.03140096618357488
0 0.6982421875 0.39251207729468596 0.021484375 0.036231884057971016
0 0.64404296875 0.5060386473429952 0.0185546875 0.02898550724637681
0 0.5986328125 0.5126811594202898 0.015625 0.02536231884057971
0 0.5615234375 0.5144927536231884 0.017578125 0.026570048309178744
0 0.62548828125 0.46739130434782605 0.0126953125 0.01932367149758454
0 0.7763671875 0.47342995169082125 0.015625 0.024154589371980676
0 0.7734375 0.41002415458937197 0.013671875 0.02536231884057971
0 0.72900390625 0.4076086956521739 0.0126953125 0.020531400966183572
0 0.6396484375 0.39855072463768115 0.015625 0.021739130434782608
0 0.74365234375 0.3442028985507246 0.0126953125 0.021739130434782608
0 0.7890625 0.33997584541062803 0.009765625 0.01570048309178744
0 0.72900390625 0.33695652173913043 0.0107421875 0.016908212560386472
0 0.72412109375 0.377415458937198 0.0146484375 0.020531400966183572
0 0.57470703125 0.501207729468599 0.0107421875 0.016908212560386472
0 0.61181640625 0.4939613526570048 0.0126953125 0.01932367149758454
0 0.38525390625 0.5211352657004831 0.0146484375 0.02536231884057971
0 0.3798828125 0.49879227053140096 0.015625 0.01932367149758454
0 0.11572265625 0.45954106280193235 0.0146484375 0.02294685990338164
0 0.03759765625 0.46376811594202894 0.0126953125 0.021739130434782608
0 0.05615234375 0.4553140096618357 0.0126953125 0.021739130434782608
0 0.080078125 0.49516908212560384 0.009765625 0.016908212560386472
0 0.11083984375 0.37077294685990336 0.0126953125 0.021739130434782608
0 0.09326171875 0.3931159420289855 0.0146484375 0.020531400966183572
0 0.0166015625 0.35990338164251207 0.013671875 0.021739130434782608
0 0.0361328125 0.35628019323671495 0.009765625 0.016908212560386472
0 0.04736328125 0.3254830917874396 0.0107421875 0.013285024154589372
0 0.15576171875 0.37801932367149754 0.0107421875 0.01932367149758454
0 0.2080078125 0.36714975845410625 0.01171875 0.021739130434782608
0 0.21240234375 0.4993961352657005 0.0146484375 0.02294685990338164
0 0.01904296875 0.4800724637681159 0.0166015625 0.020531400966183572
0 0.052734375 0.27717391304347827 0.013671875 0.020531400966183572
0 0.03466796875 0.25966183574879226 0.0126953125 0.01932367149758454
0 0.0810546875 0.25966183574879226 0.009765625 0.01932367149758454
0 0.10595703125 0.28079710144927533 0.0087890625 0.01570048309178744
0 0.11767578125 0.26570048309178745 0.0126953125 0.01932367149758454
0 0.14501953125 0.28743961352657005 0.0126953125 0.01932367149758454
0 0.173828125 0.28442028985507245 0.01171875 0.01570048309178744
0 0.18603515625 0.3103864734299517 0.0107421875 0.016908212560386472
0 0.1728515625 0.33695652173913043 0.01171875 0.01932367149758454
0 0.1416015625 0.3327294685990338 0.01171875 0.020531400966183572
0 0.20556640625 0.3254830917874396 0.0087890625 0.013285024154589372
0 0.240234375 0.3007246376811594 0.01171875 0.01932367149758454
0 0.25048828125 0.28381642512077293 0.0087890625 0.016908212560386472
0 0.248046875 0.23550724637681159 0.009765625 0.016908212560386472
0 0.197265625 0.23067632850241546 0.009765625 0.016908212560386472
0 0.15673828125 0.2548309178743961 0.0126953125 0.01932367149758454
0 0.29296875 0.24396135265700483 0.01171875 0.01932367149758454
0 0.34033203125 0.2789855072463768 0.0126953125 0.021739130434782608
0 0.09130859375 0.2246376811594203 0.0126953125 0.016908212560386472
0 0.05322265625 0.22282608695652173 0.0126953125 0.018115942028985508
0 0.0419921875 0.39855072463768115 0.013671875 0.021739130434782608
0 0.1064453125 0.19082125603864733 0.009765625 0.016908212560386472
0 0.1171875 0.20833333333333331 0.009765625 0.01570048309178744
0 0.15966796875 0.21195652173913043 0.0107421875 0.013285024154589372
0 0.19384765625 0.1998792270531401 0.0107421875 0.018115942028985508
0 0.22021484375 0.18780193236714976 0.0107421875 0.018115942028985508
0 0.25146484375 0.21256038647342995 0.0107421875 0.016908212560386472
0 0.25927734375 0.18115942028985507 0.0107421875 0.01932367149758454
0 0.23974609375 0.15519323671497584 0.0126953125 0.018115942028985508
0 0.23583984375 0.13405797101449274 0.0126953125 0.016908212560386472
0 0.23779296875 0.10929951690821256 0.0126953125 0.01570048309178744
0 0.20263671875 0.12318840579710144 0.0126953125 0.014492753623188404
0 0.19384765625 0.15458937198067632 0.0126953125 0.016908212560386472
0 0.154296875 0.1394927536231884 0.009765625 0.01570048309178744
0 0.16845703125 0.12801932367149757 0.0126953125 0.016908212560386472
0 0.1259765625 0.13707729468599034 0.01171875 0.01570048309178744
0 0.11181640625 0.16183574879227053 0.0126953125 0.016908212560386472
0 0.1328125 0.09601449275362318 0.01171875 0.01570048309178744
0 0.0439453125 0.20169082125603863 0.01171875 0.016908212560386472
0 0.06640625 0.1714975845410628 0.009765625 0.016908212560386472
0 0.03857421875 0.17451690821256038 0.0107421875 0.01570048309178744
0 0.0341796875 0.1503623188405797 0.01171875 0.01570048309178744
0 0.04833984375 0.12258454106280192 0.0107421875 0.018115942028985508
0 0.0556640625 0.09420289855072464 0.009765625 0.016908212560386472
0 0.09326171875 0.09903381642512077 0.0126953125 0.01932367149758454
0 0.10302734375 0.048913043478260865 0.0107421875 0.01570048309178744
0 0.06103515625 0.05797101449275362 0.0107421875 0.016908212560386472
0 0.01025390625 0.107487922705314 0.0107421875 0.016908212560386472
0 0.01904296875 0.08333333333333333 0.0107421875 0.016908212560386472
0 0.033203125 0.03502415458937198 0.01171875 0.016908212560386472
0 0.14208984375 0.06521739130434782 0.0087890625 0.016908212560386472
0 0.1982421875 0.07185990338164251 0.009765625 0.01570048309178744
0 0.16259765625 0.06159420289855072 0.0107421875 0.016908212560386472
0 0.2646484375 0.01570048309178744 0.009765625 0.016908212560386472
0 0.22509765625 0.036231884057971016 0.0107421875 0.016908212560386472
0 0.1875 0.010265700483091786 0.0078125 0.013285024154589372
0 0.2431640625 0.0748792270531401 0.009765625 0.016908212560386472
0 0.22607421875 0.08635265700483091 0.0087890625 0.013285024154589372
0 0.09033203125 0.12258454106280192 0.0107421875 0.018115942028985508
0 0.06787109375 0.14130434782608695 0.0107421875 0.016908212560386472
0 0.00439453125 0.1823671497584541 0.0087890625 0.021739130434782608
0 0.64404296875 0.3115942028985507 0.0107421875 0.01932367149758454
0 0.69580078125 0.3188405797101449 0.0126953125 0.016908212560386472
0 0.7138671875 0.2910628019323671 0.009765625 0.016908212560386472
0 0.75146484375 0.27596618357487923 0.0126953125 0.018115942028985508
0 0.67822265625 0.27294685990338163 0.0126953125 0.01932367149758454
0 0.71484375 0.268719806763285 0.01171875 0.020531400966183572
0 0.71142578125 0.24577294685990336 0.0107421875 0.018115942028985508
0 0.6328125 0.24577294685990336 0.01171875 0.020531400966183572
0 0.671875 0.24396135265700483 0.01171875 0.01932367149758454
0 0.6025390625 0.2717391304347826 0.01171875 0.021739130434782608
0 0.63720703125 0.26992753623188404 0.0126953125 0.018115942028985508
0 0.6279296875 0.2898550724637681 0.009765625 0.014492753623188404
0 0.583984375 0.2856280193236715 0.009765625 0.01570048309178744
0 0.59619140625 0.2427536231884058 0.0107421875 0.016908212560386472
0 0.60595703125 0.2179951690821256 0.0107421875 0.01570048309178744
0 0.5478515625 0.23188405797101447 0.01171875 0.016908212560386472
0 0.50732421875 0.23671497584541062 0.0126953125 0.016908212560386472
0 0.51025390625 0.22041062801932365 0.0126953125 0.018115942028985508
0 0.43310546875 0.19565217391304346 0.0126953125 0.016908212560386472
0 0.40673828125 0.24094202898550723 0.0107421875 0.018115942028985508
0 0.39208984375 0.26509661835748793 0.0107421875 0.018115942028985508
0 0.416015625 0.27717391304347827 0.01171875 0.018115942028985508
0 0.39697265625 0.19565217391304346 0.0126953125 0.016908212560386472
0 0.388671875 0.1721014492753623 0.01171875 0.01570048309178744
0 0.43212890625 0.17391304347826086 0.0107421875 0.016908212560386472
0 0.49072265625 0.15338164251207728 0.0126953125 0.016908212560386472
0 0.46044921875 0.1473429951690821 0.0107421875 0.016908212560386472
0 0.4921875 0.12379227053140096 0.009765625 0.01570048309178744
0 0.52978515625 0.15760869565217392 0.0087890625 0.01570048309178744
0 0.5615234375 0.15519323671497584 0.009765625 0.01570048309178744
0 0.62109375 0.1896135265700483 0.013671875 0.01932367149758454
0 0.56103515625 0.2179951690821256 0.0126953125 0.01570048309178744
0 0.6640625 0.19384057971014493 0.013671875 0.020531400966183572
0 0.6533203125 0.17814009661835747 0.013671875 0.020531400966183572
0 0.68896484375 0.1714975845410628 0.0126953125 0.01932367149758454
0 0.62451171875 0.15519323671497584 0.0107421875 0.01570048309178744
0 0.5927734375 0.18478260869565216 0.01171875 0.01932367149758454
0 0.72216796875 0.17995169082125603 0.0126953125 0.016908212560386472
0 0.673828125 0.1292270531400966 0.01171875 0.016908212560386472
0 0.7421875 0.15277777777777776 0.009765625 0.01570048309178744
0 0.765625 0.14553140096618356 0.01171875 0.018115942028985508
0 0.78759765625 0.12439613526570048 0.0126953125 0.01932367149758454
0 0.71435546875 0.12379227053140096 0.0107421875 0.01570048309178744
0 0.75732421875 0.1721014492753623 0.0126953125 0.018115942028985508
0 0.828125 0.14070048309178743 0.01171875 0.018115942028985508
0 0.78564453125 0.2632850241545894 0.0126953125 0.016908212560386472
0 0.80029296875 0.2934782608695652 0.0126953125 0.01932367149758454
0 0.76611328125 0.2886473429951691 0.0107421875 0.01932367149758454
0 0.7373046875 0.05072463768115942 0.009765625 0.014492753623188404
0 0.77001953125 0.0428743961352657 0.0126953125 0.018115942028985508
0 0.6220703125 0.053743961352657 0.01171875 0.01570048309178744
0 0.58056640625 0.024758454106280192 0.0087890625 0.01570048309178744
0 0.529296875 0.050120772946859904 0.01171875 0.01570048309178744
0 0.6083984375 0.01570048309178744 0.01171875 0.016908212560386472
0 0.3994140625 0.15579710144927536 0.01171875 0.01932367149758454
0 0.42138671875 0.15579710144927536 0.0107421875 0.01932367149758454
0 0.3935546875 0.13043478260869565 0.01171875 0.01932367149758454
0 0.59619140625 0.15942028985507245 0.0107421875 0.016908212560386472
0 0.36181640625 0.03200483091787439 0.0087890625 0.013285024154589372
0 0.375 0.015096618357487922 0.0078125 0.013285024154589372
