0 0.07666015625 0.2091795288383428 0.0732421875 0.0950446791226645
0 0.4716796875 0.12266450040617384 0.125 0.1510966693744923
0 0.6162109375 0.37977254264825344 0.0234375 0.02843216896831844
0 0.6123046875 0.4435418359057676 0.03515625 0.045491470349309504
0 0.6982421875 0.4606011372867587 0.046875 0.03249390739236393
0 0.92529296875 0.37571080422420794 0.0322265625 0.03168155970755483
0 0.84375 0.32778229082047117 0.025390625 0.02843216896831844
0 0.88427734375 0.3220958570268075 0.0263671875 0.025182778229082044
0 0.939453125 0.31640942323314375 0.025390625 0.026807473598700244
0 0.984375 0.4256701868399675 0.03125 0.06661251015434606
0 0.73876953125 0.4077985377741673 0.0263671875 0.03411860276198213
0 0.94482421875 0.42526401299756295 0.0400390625 0.05605199025182778
0 0.666015625 0.3773354995938261 0.029296875 0.030056864337936636
0 0.84765625 0.2977254264825345 0.01953125 0.020308692120227456
0 0.8095703125 0.3428107229894395 0.021484375 0.01949634443541836
0 0.7392578125 0.3168155970755483 0.017578125 0.01787164906580016
0 0.77685546875 0.29285134037367994 0.0146484375 0.020308692120227456
0 0.72607421875 0.29488220958570266 0.0185546875 0.021121039805036556
0 0.70263671875 0.30178716490658 0.0146484375 0.01868399675060926
0 0.84326171875 0.25670186839967507 0.0205078125 0.024370430544272948
0 0.8095703125 0.2851340373679935 0.025390625 0.024370430544272948
0 0.9912109375 0.2904142973192526 0.015625 0.02355808285946385
0 0.9931640625 0.3216896831844029 0.013671875 0.021121039805036556
0 0.99365234375 0.3663688058489033 0.0126953125 0.03249390739236393
0 0.7197265625 0.19861900893582451 0.01953125 0.020308692120227456
0 0.828125 0.18724614134849715 0.01953125 0.021933387489845652
0 0.83349609375 0.11860276198212835 0.0166015625 0.01787164906580016
0 0.90380859375 0.10844841592201462 0.0166015625 0.01868399675060926
0 0.86767578125 0.08285946385052802 0.0146484375 0.016246953696181964
0 0.80615234375 0.08407798537774167 0.0146484375 0.017059301380991064
0 0.7744140625 0.14094232331437856 0.013671875 0.01868399675060926
0 0.68310546875 0.17343623070674247 0.0185546875 0.021933387489845652
0 0.6083984375 0.09748172217709179 0.015625 0.016246953696181964
0 0.31103515625 0.14175467099918765 0.0146484375 0.01380991064175467
0 0.26318359375 0.14541023558082858 0.0126953125 0.014622258326563768
0 0.2333984375 0.10479285134037368 0.015625 0.016246953696181964
0 0.291015625 0.10722989439480098 0.013671875 0.014622258326563768
0 0.33544921875 0.10885458976441917 0.0146484375 0.014622258326563768
0 0.205078125 0.2761982128350934 0.015625 0.01787164906580016
0 0.1689453125 0.24370430544272947 0.015625 0.01949634443541836
0 0.10205078125 0.13769293257514215 0.0205078125 0.01380991064175467
0 0.23291015625 0.3009748172217709 0.0185546875 0.020308692120227456
0 0.68408203125 0.4333874898456539 0.0361328125 0.039805036555645816
0 0.3193359375 0.061738424045491465 0.013671875 0.016246953696181964
0 0.22265625 0.06376929325751421 0.013671875 0.01380991064175467
0 0.2724609375 0.06417546709991877 0.01171875 0.012997562956945572
0 0.169921875 0.06458164094232331 0.013671875 0.012185215272136474
0 0.7705078125 0.19212022745735174 0.017578125 0.017059301380991064
0 0.73193359375 0.16856214459788788 0.0166015625 0.01868399675060926
0 0.787109375 0.16084484159220144 0.015625 0.01787164906580016
0 0.787109375 0.32615759545085293 0.021484375 0.02355808285946385
0 0.76513671875 0.08773354995938261 0.0166015625 0.014622258326563768
0 0.67333984375 0.07270511779041429 0.0126953125 0.01380991064175467
0 0.85498046875 0.1860276198212835 0.0166015625 0.01787164906580016
0 0.943359375 0.2981316003249391 0.017578125 0.016246953696181964
0 0.36328125 0.07879772542648253 0.013671875 0.014622258326563768
0 0.21142578125 0.09057676685621445 0.0126953125 0.01380991064175467
0 0.31884765625 0.08651502843216896 0.0126953125 0.012185215272136474
0 0.19921875 0.04346060113728676 0.01171875 0.01380991064175467
0 0.2578125 0.03411860276198213 0.01171875 0.012997562956945572
0 0.291015625 0.039805036555645816 0.009765625 0.011372867587327376
0 0.3369140625 0.03168155970755483 0.01171875 0.012997562956945572
0 0.38525390625 0.03249390739236393 0.0107421875 0.012997562956945572
0 0.1474609375 0.04183590576766856 0.009765625 0.010560519902518278
0 0.62109375 0.07311129163281885 0.01171875 0.012997562956945572
0 0.73388671875 0.07067424857839155 0.0107421875 0.011372867587327376
0 0.73486328125 0.0446791226645004 0.0126953125 0.012997562956945572
0 0.73681640625 0.015028432168968318 0.0107421875 0.010560519902518278
0 0.77587890625 0.015840779853777416 0.0126953125 0.012185215272136474
0 0.666015625 0.021121039805036556 0.013671875 0.012997562956945572
0 0.912109375 0.3050365556458164 0.021484375 0.021933387489845652
0 0.76220703125 0.33834281072298944 0.0166015625 0.017059301380991064
0 0.966796875 0.13525588952071485 0.015625 0.01868399675060926
0 0.65087890625 0.21405361494719738 0.0166015625 0.015434606011372866
0 0.27099609375 0.010966693744922826 0.0146484375 0.01380991064175467
0 0.296875 0.018277822908204712 0.013671875 0.01380991064175467
