0 0.9462890625 0.3450520833333333 0.01953125 0.03125
0 0.8974609375 0.33203125 0.0234375 0.033854166666666664
0 0.8359375 0.29947916666666663 0.0234375 0.0390625
0 0.7763671875 0.3196614583333333 0.021484375 0.03255208333333333
0 0.71240234375 0.3515625 0.0224609375 0.03645833333333333
0 0.65087890625 0.34830729166666663 0.0224609375 0.037760416666666664
0 0.58154296875 0.3333333333333333 0.0244140625 0.033854166666666664
0 0.5224609375 0.35026041666666663 0.0234375 0.033854166666666664
0 0.431640625 0.34765625 0.021484375 0.03125
0 0.36767578125 0.32877604166666663 0.0224609375 0.03515625
0 0.30029296875 0.3255208333333333 0.0224609375 0.033854166666666664
0 0.24072265625 0.326171875 0.0224609375 0.029947916666666664
0 0.171875 0.3059895833333333 0.0234375 0.03645833333333333
0 0.1103515625 0.31315104166666663 0.0234375 0.03255208333333333
0 0.048828125 0.34049479166666663 0.01953125 0.03255208333333333
