0 0.76611328125 0.6696252465483234 0.0341796875 0.02958579881656805
0 0.7421875 0.6469428007889547 0.021484375 0.017094017094017096
0 0.78076171875 0.6541748849441158 0.0341796875 0.027613412228796846
0 0.85498046875 0.6515450361604208 0.0205078125 0.017094017094017096
0 0.8759765625 0.6778435239973701 0.029296875 0.024983563445101907
0 0.88818359375 0.6561472715318869 0.0302734375 0.026298487836949377
0 0.92822265625 0.6564760026298488 0.0263671875 0.020381328073635768
0 0.94873046875 0.6466140696909928 0.0224609375 0.015121630506245891
0 0.98486328125 0.6545036160420776 0.0283203125 0.023011176857330704
0 0.98974609375 0.6706114398422091 0.0205078125 0.02366863905325444
0 0.98046875 0.6206443129520053 0.021484375 0.018408941485864562
0 0.9580078125 0.6055226824457594 0.017578125 0.015779092702169626
0 0.91943359375 0.6051939513477975 0.0224609375 0.01643655489809336
0 0.767578125 0.616370808678501 0.0234375 0.0190664036817883
0 0.8408203125 0.614069690992768 0.01953125 0.0210387902695595
0 0.89794921875 0.6370808678500987 0.0224609375 0.018408941485864562
0 0.89501953125 0.6180144641683104 0.0244140625 0.01972386587771203
0 0.84228515625 0.5986193293885602 0.0224609375 0.0190664036817883
0 0.8564453125 0.5752794214332676 0.017578125 0.015779092702169626
0 0.9013671875 0.5785667324128863 0.01953125 0.017094017094017096
0 0.9609375 0.5752794214332676 0.0234375 0.018408941485864562
0 0.95947265625 0.5565417488494412 0.0185546875 0.01643655489809336
0 0.98388671875 0.544707429322814 0.0185546875 0.01643655489809336
0 0.970703125 0.5230111768573308 0.025390625 0.0190664036817883
0 0.962890625 0.5069033530571992 0.01953125 0.015779092702169626
0 0.97900390625 0.5 0.0224609375 0.015121630506245891
0 0.97119140625 0.48093359631821175 0.0224609375 0.015121630506245891
0 0.96484375 0.46679815910585143 0.017578125 0.013149243918474688
0 0.9853515625 0.4552925706771861 0.017578125 0.01643655489809336
0 0.92919921875 0.4368836291913215 0.0185546875 0.01643655489809336
0 0.935546875 0.457922419460881 0.017578125 0.01643655489809336
0 0.8857421875 0.45167652859960555 0.01953125 0.015779092702169626
0 0.8251953125 0.4352399737015122 0.017578125 0.01183431952662722
0 0.79296875 0.4457593688362919 0.015625 0.013149243918474688
0 0.82958984375 0.45167652859960555 0.0166015625 0.013149243918474688
0 0.78125 0.43261012491781725 0.01953125 0.01183431952662722
0 0.7666015625 0.44838921761998685 0.017578125 0.013149243918474688
0 0.76318359375 0.46153846153846156 0.0205078125 0.013149243918474688
0 0.73046875 0.46844181459566075 0.017578125 0.015121630506245891
0 0.74853515625 0.4832347140039448 0.0166015625 0.013149243918474688
0 0.7490234375 0.4944115713346483 0.017578125 0.013149243918474688
0 0.77001953125 0.47830374753451677 0.0185546875 0.01643655489809336
0 0.81396484375 0.4661406969099277 0.0185546875 0.015779092702169626
0 0.81689453125 0.4832347140039448 0.0244140625 0.018408941485864562
0 0.8759765625 0.4723865877712032 0.017578125 0.015121630506245891
0 0.869140625 0.4921104536489152 0.01953125 0.015121630506245891
0 0.9111328125 0.48948060486522027 0.01953125 0.013806706114398423
0 0.91259765625 0.5105193951347797 0.0185546875 0.013806706114398423
0 0.9111328125 0.539776462853386 0.0234375 0.018408941485864562
0 0.9111328125 0.5230111768573308 0.01953125 0.012491781722550954
0 0.8935546875 0.5578566732412886 0.021484375 0.015121630506245891
0 0.8486328125 0.5631163708086785 0.017578125 0.012491781722550954
0 0.8486328125 0.5407626561472716 0.01953125 0.0190664036817883
0 0.86669921875 0.5424063116370809 0.0205078125 0.01972386587771203
0 0.7822265625 0.5575279421433268 0.0234375 0.015779092702169626
0 0.78759765625 0.539447731755424 0.0224609375 0.01643655489809336
0 0.7939453125 0.5193951347797502 0.0234375 0.015779092702169626
0 0.8212890625 0.5164365548980934 0.017578125 0.01643655489809336
0 0.8544921875 0.5131492439184747 0.01953125 0.012491781722550954
0 0.8623046875 0.52465483234714 0.017578125 0.014464168310322156
0 0.7880859375 0.5782380013149244 0.021484375 0.01643655489809336
0 0.88232421875 0.42965154503616043 0.0205078125 0.01643655489809336
0 0.95703125 0.40664036817882976 0.017578125 0.015121630506245891
0 0.95654296875 0.38757396449704146 0.0146484375 0.013806706114398423
0 0.91455078125 0.3931623931623932 0.0166015625 0.014464168310322156
0 0.8662109375 0.3888888888888889 0.013671875 0.011176857330703486
0 0.83935546875 0.41452991452991456 0.0166015625 0.012491781722550954
0 0.78173828125 0.41387245233399084 0.0185546875 0.012491781722550954
0 0.7978515625 0.40433925049309666 0.013671875 0.01051939513477975
0 0.79541015625 0.3714661406969099 0.0146484375 0.009204470742932281
0 0.80078125 0.3606180144641683 0.013671875 0.009861932938856016
0 0.6689453125 0.3800131492439185 0.0234375 0.014464168310322156
0 0.70654296875 0.3809993425378041 0.0166015625 0.013806706114398423
0 0.73974609375 0.33103221564760027 0.0185546875 0.013806706114398423
0 0.70849609375 0.32051282051282054 0.0166015625 0.011176857330703486
0 0.6865234375 0.3096646942800789 0.015625 0.01183431952662722
0 0.65673828125 0.284681130834977 0.0107421875 0.007889546351084813
0 0.67431640625 0.29026955950032873 0.0126953125 0.009861932938856016
0 0.693359375 0.3037475345167653 0.013671875 0.01051939513477975
0 0.71728515625 0.31262327416173574 0.0107421875 0.009861932938856016
0 0.72607421875 0.30210387902695596 0.0107421875 0.009861932938856016
0 0.7158203125 0.28632478632478636 0.009765625 0.007232084155161078
0 0.68505859375 0.2718606180144642 0.0126953125 0.009861932938856016
0 0.75390625 0.3175542406311637 0.01171875 0.009204470742932281
0 0.7763671875 0.3231426692965155 0.013671875 0.012491781722550954
0 0.78955078125 0.32084155161078237 0.0107421875 0.007889546351084813
0 0.81396484375 0.32840236686390534 0.0126953125 0.011176857330703486
0 0.7802734375 0.3448389217619987 0.01171875 0.008547008547008548
0 0.8603515625 0.33629191321499013 0.01171875 0.009861932938856016
0 0.8427734375 0.3136094674556213 0.01171875 0.009204470742932281
0 0.82373046875 0.321827744904668 0.0107421875 0.009861932938856016
0 0.853515625 0.32840236686390534 0.01171875 0.009861932938856016
0 0.87158203125 0.3139381985535832 0.0107421875 0.009861932938856016
0 0.892578125 0.32741617357001973 0.009765625 0.01183431952662722
0 0.91015625 0.31919789612097305 0.01171875 0.011176857330703486
0 0.94091796875 0.33925049309664695 0.0146484375 0.01051939513477975
0 0.9580078125 0.3067061143984221 0.009765625 0.009861932938856016
0 0.970703125 0.32905982905982906 0.01171875 0.011176857330703486
0 0.98486328125 0.3185404339250493 0.0107421875 0.011176857330703486
0 0.833984375 0.299474030243261 0.01171875 0.007232084155161078
0 0.81396484375 0.2958579881656805 0.0087890625 0.007889546351084813
0 0.796875 0.30440499671268906 0.01171875 0.007889546351084813
0 0.77734375 0.2938856015779093 0.01171875 0.009204470742932281
0 0.7880859375 0.2889546351084813 0.01171875 0.009861932938856016
0 0.7607421875 0.3073635765943458 0.01171875 0.008547008547008548
0 0.798828125 0.2781065088757397 0.01171875 0.01051939513477975
0 0.85107421875 0.2965154503616042 0.0107421875 0.01051939513477975
0 0.87451171875 0.30046022353714663 0.0107421875 0.007889546351084813
0 0.91748046875 0.2975016436554898 0.0126953125 0.012491781722550954
0 0.93798828125 0.32215647600262987 0.0126953125 0.01051939513477975
0 0.31005859375 0.260026298487837 0.0146484375 0.009861932938856016
0 0.33154296875 0.25016436554898097 0.0166015625 0.012491781722550954
0 0.3623046875 0.24293228139381987 0.013671875 0.008547008547008548
0 0.3671875 0.25706771860618016 0.013671875 0.01051939513477975
0 0.38623046875 0.2685733070348455 0.0107421875 0.008547008547008548
0 0.40771484375 0.27514792899408286 0.0146484375 0.012491781722550954
0 0.3525390625 0.2807363576594346 0.013671875 0.009204470742932281
0 0.3349609375 0.26528599605522685 0.01171875 0.012491781722550954
0 0.34814453125 0.2590401051939514 0.0126953125 0.01051939513477975
0 0.31201171875 0.28238001314924394 0.0107421875 0.009861932938856016
0 0.3193359375 0.29257067718606183 0.009765625 0.007889546351084813
0 0.3388671875 0.294543063773833 0.01171875 0.009204470742932281
0 0.37255859375 0.2905982905982906 0.0107421875 0.01051939513477975
0 0.39599609375 0.2827087442472058 0.0107421875 0.009204470742932281
0 0.3984375 0.3007889546351085 0.013671875 0.011176857330703486
0 0.419921875 0.3198553583168968 0.013671875 0.012491781722550954
0 0.34716796875 0.32905982905982906 0.0185546875 0.013806706114398423
0 0.31884765625 0.32347140039447736 0.0126953125 0.01051939513477975
0 0.30517578125 0.3714661406969099 0.0166015625 0.013149243918474688
0 0.40869140625 0.36949375410913876 0.0205078125 0.015779092702169626
0 0.544921875 0.28632478632478636 0.07421875 0.045364891518737675
0 0.01806640625 0.3731097961867193 0.0146484375 0.009861932938856016
0 0.02978515625 0.3905325443786982 0.0166015625 0.01051939513477975
0 0.0224609375 0.41551610782380016 0.017578125 0.013149243918474688
0 0.056640625 0.4253780407626562 0.017578125 0.015779092702169626
0 0.0849609375 0.3800131492439185 0.017578125 0.014464168310322156
0 0.1044921875 0.39381985535831693 0.017578125 0.015779092702169626
0 0.11279296875 0.43063773833004604 0.0146484375 0.01183431952662722
0 0.134765625 0.415844838921762 0.017578125 0.012491781722550954
0 0.1474609375 0.40565417488494415 0.015625 0.013149243918474688
0 0.1650390625 0.39546351084812625 0.015625 0.012491781722550954
0 0.18408203125 0.37771203155818545 0.0205078125 0.015121630506245891
0 0.2431640625 0.3698224852071006 0.017578125 0.013806706114398423
0 0.20166015625 0.3727810650887574 0.0185546875 0.014464168310322156
0 0.22119140625 0.40368178829717294 0.0185546875 0.014464168310322156
0 0.18408203125 0.41157133464825774 0.0185546875 0.013149243918474688
0 0.2470703125 0.42176199868507563 0.01953125 0.0190664036817883
0 0.25537109375 0.4095989480604865 0.0146484375 0.01051939513477975
0 0.2919921875 0.41650230111768577 0.015625 0.015121630506245891
0 0.3076171875 0.4000657462195924 0.017578125 0.013806706114398423
0 0.26220703125 0.3888888888888889 0.0185546875 0.01643655489809336
0 0.2275390625 0.391190006574622 0.01953125 0.014464168310322156
0 0.02392578125 0.30999342537804075 0.0166015625 0.013806706114398423
0 0.04541015625 0.3162393162393163 0.0146484375 0.01051939513477975
0 0.06884765625 0.31229454306377386 0.0146484375 0.01183431952662722
0 0.11376953125 0.31262327416173574 0.0146484375 0.009861932938856016
0 0.1142578125 0.2958579881656805 0.015625 0.01183431952662722
0 0.15283203125 0.297172912557528 0.0126953125 0.01051939513477975
0 0.19189453125 0.29191321499013806 0.0126953125 0.01051939513477975
0 0.17041015625 0.2879684418145957 0.0107421875 0.007889546351084813
0 0.23486328125 0.3047337278106509 0.0146484375 0.011176857330703486
0 0.26953125 0.2968441814595661 0.017578125 0.008547008547008548
0 0.26318359375 0.31163708086785014 0.0146484375 0.009204470742932281
0 0.29833984375 0.2899408284023669 0.0146484375 0.01051939513477975
0 0.27685546875 0.32248520710059175 0.0146484375 0.011176857330703486
0 0.06591796875 0.3977646285338593 0.0185546875 0.014464168310322156
0 0.0595703125 0.41420118343195267 0.01953125 0.014464168310322156
0 0.36083984375 0.4020381328073636 0.0166015625 0.012491781722550954
0 0.38916015625 0.38856015779092706 0.0166015625 0.014464168310322156
0 0.41748046875 0.40138067061143984 0.0166015625 0.015121630506245891
0 0.3916015625 0.42077580539119 0.015625 0.014464168310322156
0 0.369140625 0.43228139381985536 0.01953125 0.01643655489809336
0 0.33056640625 0.4309664694280079 0.0205078125 0.015121630506245891
0 0.0361328125 0.5184089414858646 0.021484375 0.0190664036817883
0 0.0615234375 0.5374753451676529 0.025390625 0.01775147928994083
0 0.03955078125 0.55456936226167 0.0263671875 0.0190664036817883
0 0.02734375 0.5726495726495727 0.021484375 0.017094017094017096
0 0.01220703125 0.5927021696252466 0.0185546875 0.01775147928994083
0 0.0146484375 0.6229454306377383 0.0234375 0.0190664036817883
0 0.01416015625 0.6446416831032216 0.0224609375 0.0190664036817883
0 0.0224609375 0.6745562130177515 0.03515625 0.030243261012491782
0 0.04736328125 0.6620644312952005 0.0283203125 0.024983563445101907
0 0.07763671875 0.6614069690992769 0.0283203125 0.027613412228796846
0 0.06494140625 0.6406969099276791 0.0263671875 0.01643655489809336
0 0.10107421875 0.6531886916502302 0.0244140625 0.020381328073635768
0 0.13037109375 0.668310322156476 0.0263671875 0.021696252465483234
0 0.1474609375 0.6423405654174885 0.02734375 0.02366863905325444
0 0.10791015625 0.6216305062458909 0.0244140625 0.0190664036817883
0 0.0927734375 0.5729783037475346 0.0234375 0.020381328073635768
0 0.1142578125 0.5539119000657462 0.0234375 0.0190664036817883
0 0.146484375 0.5512820512820513 0.029296875 0.021696252465483234
0 0.17919921875 0.6282051282051282 0.0205078125 0.021696252465483234
0 0.19384765625 0.6604207758053913 0.0361328125 0.02827087442472058
0 0.21826171875 0.6495726495726496 0.0224609375 0.01972386587771203
0 0.17529296875 0.663379355687048 0.0283203125 0.026298487836949377
0 0.2333984375 0.6771860618014465 0.0390625 0.027613412228796846
0 0.25439453125 0.6209730440499671 0.0224609375 0.021696252465483234
0 0.27490234375 0.6380670611439843 0.0263671875 0.01643655489809336
0 0.2744140625 0.6607495069033531 0.025390625 0.02366863905325444
0 0.29931640625 0.6679815910585142 0.0361328125 0.024983563445101907
0 0.35400390625 0.6469428007889547 0.0283203125 0.02366863905325444
0 0.0849609375 0.4451019066403682 0.015625 0.013149243918474688
0 0.15283203125 0.45036160420775806 0.0166015625 0.014464168310322156
0 0.19677734375 0.443129520052597 0.0166015625 0.014464168310322156
0 0.1884765625 0.46088099934253784 0.021484375 0.015779092702169626
0 0.15966796875 0.4737015121630507 0.0224609375 0.0190664036817883
0 0.19384765625 0.47567389875082183 0.0244140625 0.01643655489809336
0 0.18994140625 0.4914529914529915 0.0244140625 0.01643655489809336
0 0.23095703125 0.45890861275476663 0.0185546875 0.017094017094017096
0 0.26416015625 0.44247205785667326 0.0185546875 0.01183431952662722
0 0.29736328125 0.45989480604865224 0.0205078125 0.015121630506245891
0 0.26953125 0.4710716633793557 0.01953125 0.015121630506245891
0 0.24267578125 0.4921104536489152 0.0205078125 0.01643655489809336
0 0.22314453125 0.5078895463510849 0.0244140625 0.015121630506245891
0 0.2666015625 0.519723865877712 0.01953125 0.020381328073635768
0 0.27783203125 0.5059171597633136 0.0224609375 0.015121630506245891
0 0.30322265625 0.48948060486522027 0.0205078125 0.01643655489809336
0 0.32275390625 0.4720578566732413 0.0205078125 0.017094017094017096
0 0.3544921875 0.46022353714661407 0.013671875 0.01183431952662722
0 0.3603515625 0.4822485207100592 0.017578125 0.015121630506245891
0 0.3544921875 0.5039447731755424 0.021484375 0.0190664036817883
0 0.32470703125 0.5213675213675214 0.0244140625 0.01972386587771203
0 0.30810546875 0.5381328073635766 0.0224609375 0.01775147928994083
0 0.35498046875 0.5558842866535174 0.0224609375 0.0190664036817883
0 0.373046875 0.5466798159105851 0.01953125 0.015121630506245891
0 0.3896484375 0.5262984878369494 0.025390625 0.01775147928994083
0 0.41455078125 0.5059171597633136 0.0224609375 0.01775147928994083
0 0.3974609375 0.45989480604865224 0.015625 0.012491781722550954
0 0.4365234375 0.47041420118343197 0.01953125 0.01643655489809336
0 0.39599609375 0.5795529257067719 0.0263671875 0.021696252465483234
0 0.49658203125 0.6653517422748192 0.0244140625 0.02366863905325444
0 0.50537109375 0.6259040105193951 0.0224609375 0.01972386587771203
0 0.140625 0.33957922419460884 0.021484375 0.015121630506245891
0 0.66064453125 0.41551610782380016 0.0869140625 0.04865220249835635
0 0.1865234375 0.321827744904668 0.013671875 0.011176857330703486
0 0.0693359375 0.2905982905982906 0.013671875 0.01183431952662722
0 0.05029296875 0.26462853385930313 0.0146484375 0.011176857330703486
0 0.04833984375 0.28533859303090076 0.0126953125 0.01051939513477975
0 0.04638671875 0.30440499671268906 0.0107421875 0.009204470742932281
0 0.07861328125 0.27317554240631164 0.0107421875 0.008547008547008548
0 0.09130859375 0.26528599605522685 0.0107421875 0.008547008547008548
0 0.11279296875 0.27449046679815914 0.0146484375 0.011176857330703486
0 0.1298828125 0.28402366863905326 0.01171875 0.01051939513477975
0 0.13671875 0.2679158448389218 0.01171875 0.009861932938856016
0 0.07177734375 0.252465483234714 0.0126953125 0.01051939513477975
0 0.0751953125 0.24194608809993426 0.01171875 0.01051939513477975
0 0.05908203125 0.2366863905325444 0.0107421875 0.009204470742932281
0 0.05322265625 0.21597633136094677 0.0126953125 0.009861932938856016
0 0.0791015625 0.22583826429980278 0.009765625 0.009861932938856016
0 0.08935546875 0.23701512163050625 0.0107421875 0.009861932938856016
0 0.111328125 0.242603550295858 0.01171875 0.01051939513477975
0 0.10986328125 0.22715318869165024 0.0126953125 0.009861932938856016
0 0.150390625 0.23898750821827747 0.01171875 0.011176857330703486
0 0.16650390625 0.2527942143326759 0.0126953125 0.011176857330703486
0 0.18994140625 0.2577251808021039 0.0126953125 0.01051939513477975
0 0.20849609375 0.25213675213675213 0.0146484375 0.009861932938856016
0 0.2216796875 0.2905982905982906 0.013671875 0.01183431952662722
0 0.23193359375 0.2784352399737015 0.0146484375 0.012491781722550954
0 0.25244140625 0.2695595003287311 0.0146484375 0.01051939513477975
0 0.28955078125 0.2534516765285996 0.0126953125 0.009861932938856016
0 0.28076171875 0.23898750821827747 0.0126953125 0.011176857330703486
0 0.232421875 0.2567389875082183 0.009765625 0.008547008547008548
0 0.24951171875 0.2186061801446417 0.0107421875 0.009861932938856016
0 0.173828125 0.2406311637080868 0.013671875 0.01051939513477975
0 0.20703125 0.22287968441814596 0.01171875 0.009204470742932281
0 0.22265625 0.23208415516107825 0.01171875 0.01183431952662722
0 0.17529296875 0.21992110453648916 0.0107421875 0.009861932938856016
0 0.24609375 0.2416173570019724 0.01171875 0.011176857330703486
0 0.751953125 0.279750164365549 0.013671875 0.012491781722550954
0 0.7451171875 0.2610124917817226 0.01171875 0.009204470742932281
0 0.837890625 0.2695595003287311 0.01171875 0.01051939513477975
0 0.9306640625 0.2886259040105194 0.01171875 0.009204470742932281
0 0.419921875 0.43261012491781725 0.01953125 0.014464168310322156
0 0.3740234375 0.4464168310322157 0.017578125 0.015779092702169626
0 0.35546875 0.3711374095989481 0.015625 0.011176857330703486
0 0.00732421875 0.5407626561472716 0.0146484375 0.01643655489809336
