0 0.6162109375 0.5620437956204379 0.017578125 0.029197080291970802
0 0.53564453125 0.6116788321167883 0.0224609375 0.03795620437956204
0 0.49169921875 0.3518248175182482 0.0224609375 0.032116788321167884
0 0.69482421875 0.6890510948905109 0.0126953125 0.020437956204379562
0 0.875 0.6394160583941605 0.015625 0.029197080291970802
0 0.02294921875 0.7737226277372262 0.0107421875 0.020437956204379562
0 0.0498046875 0.772992700729927 0.009765625 0.01897810218978102
0 0.099609375 0.7788321167883211 0.0078125 0.016058394160583942
0 0.076171875 0.775912408759124 0.0078125 0.01313868613138686
0 0.1171875 0.7773722627737226 0.005859375 0.01313868613138686
0 0.1435546875 0.7722627737226276 0.009765625 0.014598540145985401
0 0.17138671875 0.7715328467153284 0.0068359375 0.01313868613138686
0 0.1484375 0.7452554744525547 0.005859375 0.01313868613138686
0 0.09716796875 0.7153284671532846 0.0048828125 0.01167883211678832
0 0.0283203125 0.7291970802919707 0.005859375 0.0072992700729927005
0 0.04345703125 0.7430656934306569 0.0087890625 0.014598540145985401
0 0.24169921875 0.7751824817518248 0.0087890625 0.014598540145985401
0 0.1845703125 0.7423357664233576 0.005859375 0.010218978102189781
0 0.2646484375 0.7686131386861313 0.005859375 0.010218978102189781
0 0.27734375 0.7620437956204379 0.005859375 0.01167883211678832
0 0.294921875 0.7635036496350365 0.005859375 0.01167883211678832
0 0.3134765625 0.7671532846715328 0.0078125 0.01313868613138686
0 0.2890625 0.7744525547445255 0.0078125 0.01313868613138686
0 0.3671875 0.7788321167883211 0.005859375 0.01313868613138686
0 0.42431640625 0.7773722627737226 0.0048828125 0.010218978102189781
0 0.07177734375 0.6978102189781021 0.0048828125 0.01167883211678832
0 0.09326171875 0.6992700729927007 0.0068359375 0.01167883211678832
0 0.11328125 0.6985401459854014 0.005859375 0.010218978102189781
0 0.13671875 0.7153284671532846 0.005859375 0.00875912408759124
0 0.99560546875 0.7043795620437956 0.0068359375 0.01313868613138686
0 0.20703125 0.7226277372262774 0.01171875 0.020437956204379562
