0 0.1201171875 0.5137254901960784 0.0078125 0.01045751633986928
0 0.52587890625 0.38692810457516336 0.0087890625 0.01045751633986928
0 0.5029296875 0.34117647058823525 0.0078125 0.01045751633986928
0 0.6904296875 0.28627450980392155 0.01171875 0.01568627450980392
0 0.65234375 0.2947712418300653 0.009765625 0.01437908496732026
0 0.73828125 0.25555555555555554 0.009765625 0.01437908496732026
0 0.546875 0.5797385620915032 0.013671875 0.02483660130718954
0 0.01708984375 0.5183006535947712 0.0068359375 0.011764705882352941
0 0.017578125 0.5640522875816993 0.0078125 0.011764705882352941
0 0.09619140625 0.5254901960784313 0.0068359375 0.0130718954248366
0 0.10302734375 0.5437908496732026 0.0087890625 0.0130718954248366
0 0.18896484375 0.5490196078431372 0.0087890625 0.01568627450980392
0 0.93017578125 0.2130718954248366 0.0126953125 0.01830065359477124
0 0.9609375 0.2006535947712418 0.01171875 0.0196078431372549
0 0.98876953125 0.19738562091503267 0.0146484375 0.02091503267973856
0 0.9892578125 0.2673202614379085 0.013671875 0.02483660130718954
0 0.865234375 0.3202614379084967 0.013671875 0.02091503267973856
0 0.8935546875 0.31633986928104574 0.013671875 0.02091503267973856
0 0.8984375 0.3424836601307189 0.013671875 0.023529411764705882
0 0.923828125 0.32091503267973853 0.017578125 0.027450980392156862
0 0.95947265625 0.2679738562091503 0.0126953125 0.02091503267973856
0 0.9384765625 0.33398692810457514 0.013671875 0.02483660130718954
0 0.9609375 0.36013071895424836 0.017578125 0.0326797385620915
0 0.94921875 0.38431372549019605 0.01953125 0.03398692810457516
0 0.88720703125 0.39738562091503266 0.0205078125 0.03137254901960784
0 0.87109375 0.47973856209150323 0.01953125 0.03398692810457516
0 0.93798828125 0.47973856209150323 0.0185546875 0.03660130718954248
0 0.90966796875 0.5274509803921569 0.0107421875 0.03790849673202614
0 0.8173828125 0.518954248366013 0.01953125 0.03398692810457516
0 0.85888671875 0.5856209150326797 0.0244140625 0.04444444444444444
0 0.8642578125 0.6209150326797385 0.017578125 0.02875816993464052
0 0.0517578125 0.5372549019607843 0.005859375 0.01045751633986928
0 0.0576171875 0.5300653594771242 0.005859375 0.00915032679738562
0 0.06787109375 0.5274509803921569 0.0048828125 0.0065359477124183
0 0.07763671875 0.5372549019607843 0.0107421875 0.01830065359477124
0 0.1123046875 0.5261437908496732 0.005859375 0.011764705882352941
0 0.13037109375 0.5111111111111111 0.0048828125 0.00784313725490196
0 0.115234375 0.5627450980392157 0.005859375 0.011764705882352941
0 0.12109375 0.5633986928104575 0.00390625 0.01045751633986928
0 0.10302734375 0.5941176470588235 0.0126953125 0.027450980392156862
0 0.12841796875 0.5705882352941176 0.0087890625 0.01699346405228758
0 0.14013671875 0.6 0.0126953125 0.0261437908496732
0 0.17529296875 0.6117647058823529 0.0185546875 0.02091503267973856
0 0.197265625 0.6084967320261437 0.013671875 0.02483660130718954
0 0.2236328125 0.6013071895424836 0.01171875 0.02875816993464052
0 0.2353515625 0.6084967320261437 0.013671875 0.02222222222222222
0 0.2587890625 0.6130718954248365 0.021484375 0.02875816993464052
0 0.27880859375 0.6169934640522875 0.0166015625 0.02875816993464052
0 0.158203125 0.518954248366013 0.0078125 0.01568627450980392
0 0.19482421875 0.5712418300653594 0.0107421875 0.01568627450980392
0 0.20361328125 0.5490196078431372 0.0107421875 0.01568627450980392
0 0.23974609375 0.5274509803921569 0.0087890625 0.01437908496732026
0 0.3134765625 0.5633986928104575 0.009765625 0.01830065359477124
0 0.38134765625 0.5483660130718954 0.0107421875 0.02222222222222222
0 0.384765625 0.5274509803921569 0.009765625 0.01699346405228758
0 0.37939453125 0.522875816993464 0.0107421875 0.01568627450980392
0 0.3291015625 0.49803921568627446 0.009765625 0.01830065359477124
0 0.33544921875 0.4790849673202614 0.0126953125 0.0196078431372549
0 0.345703125 0.4660130718954248 0.0078125 0.01437908496732026
0 0.3720703125 0.4633986928104575 0.0078125 0.01437908496732026
0 0.35888671875 0.49019607843137253 0.0107421875 0.0130718954248366
0 0.369140625 0.4483660130718954 0.005859375 0.01045751633986928
0 0.35888671875 0.4418300653594771 0.0068359375 0.0130718954248366
0 0.37255859375 0.43267973856209146 0.0068359375 0.01045751633986928
0 0.34228515625 0.4398692810457516 0.0068359375 0.011764705882352941
0 0.3203125 0.44313725490196076 0.0078125 0.01045751633986928
0 0.310546875 0.5032679738562091 0.009765625 0.0130718954248366
0 0.30078125 0.49084967320261436 0.005859375 0.011764705882352941
0 0.2841796875 0.4562091503267974 0.0078125 0.01045751633986928
0 0.24169921875 0.5065359477124183 0.0087890625 0.01699346405228758
0 0.22998046875 0.5006535947712418 0.0068359375 0.01045751633986928
0 0.384765625 0.41503267973856206 0.0078125 0.011764705882352941
0 0.3857421875 0.36928104575163395 0.005859375 0.011764705882352941
0 0.21337890625 0.45359477124183 0.0048828125 0.00522875816993464
0 0.22216796875 0.4725490196078431 0.0068359375 0.00915032679738562
0 0.42724609375 0.40392156862745093 0.0068359375 0.0130718954248366
0 0.4443359375 0.3856209150326797 0.0078125 0.01045751633986928
0 0.4755859375 0.3405228758169934 0.0078125 0.011764705882352941
0 0.4853515625 0.3477124183006536 0.0078125 0.01045751633986928
0 0.47607421875 0.3915032679738562 0.0068359375 0.011764705882352941
0 0.4892578125 0.3790849673202614 0.0078125 0.01568627450980392
0 0.49853515625 0.38235294117647056 0.0087890625 0.01437908496732026
0 0.4921875 0.3980392156862745 0.009765625 0.01437908496732026
0 0.4140625 0.4490196078431372 0.013671875 0.01699346405228758
0 0.42138671875 0.43267973856209146 0.0048828125 0.01045751633986928
0 0.42333984375 0.42156862745098034 0.0048828125 0.00915032679738562
0 0.44140625 0.42810457516339867 0.0078125 0.01437908496732026
0 0.46142578125 0.42287581699346405 0.0107421875 0.01699346405228758
0 0.43798828125 0.49281045751633984 0.0126953125 0.01830065359477124
0 0.39990234375 0.55359477124183 0.0146484375 0.02222222222222222
0 0.4384765625 0.55359477124183 0.01171875 0.02222222222222222
0 0.466796875 0.5111111111111111 0.013671875 0.01830065359477124
0 0.484375 0.5339869281045752 0.013671875 0.02483660130718954
0 0.4931640625 0.4915032679738562 0.01171875 0.023529411764705882
0 0.48681640625 0.4745098039215686 0.0087890625 0.0130718954248366
0 0.4912109375 0.4549019607843137 0.0078125 0.0130718954248366
0 0.50927734375 0.4784313725490196 0.0146484375 0.01568627450980392
0 0.51220703125 0.4516339869281045 0.0107421875 0.01699346405228758
0 0.533203125 0.43856209150326797 0.01171875 0.0196078431372549
0 0.5595703125 0.4183006535947712 0.01171875 0.01830065359477124
0 0.54931640625 0.45555555555555555 0.0107421875 0.01437908496732026
0 0.55908203125 0.45228758169934635 0.0107421875 0.01830065359477124
0 0.56982421875 0.32745098039215687 0.0087890625 0.011764705882352941
0 0.62744140625 0.3026143790849673 0.0087890625 0.011764705882352941
0 0.61962890625 0.361437908496732 0.0107421875 0.0196078431372549
0 0.60595703125 0.3986928104575163 0.0107421875 0.01830065359477124
0 0.60595703125 0.3071895424836601 0.0087890625 0.0130718954248366
0 0.60693359375 0.37777777777777777 0.0126953125 0.01568627450980392
0 0.64990234375 0.34444444444444444 0.0107421875 0.01699346405228758
0 0.6611328125 0.35424836601307186 0.01171875 0.01568627450980392
0 0.67138671875 0.33856209150326794 0.0068359375 0.01568627450980392
0 0.6513671875 0.3705882352941176 0.01171875 0.01437908496732026
0 0.6513671875 0.3915032679738562 0.01171875 0.01699346405228758
0 0.64990234375 0.4137254901960784 0.0126953125 0.01699346405228758
0 0.6357421875 0.43856209150326797 0.009765625 0.02222222222222222
0 0.60546875 0.46470588235294114 0.01171875 0.02483660130718954
0 0.6396484375 0.4679738562091503 0.01171875 0.02091503267973856
0 0.67822265625 0.4130718954248366 0.0107421875 0.02091503267973856
0 0.6962890625 0.42156862745098034 0.01171875 0.02483660130718954
0 0.7099609375 0.3934640522875817 0.009765625 0.01830065359477124
0 0.70263671875 0.3379084967320261 0.0107421875 0.0196078431372549
0 0.69140625 0.33398692810457514 0.0078125 0.01437908496732026
0 0.75 0.3359477124183006 0.009765625 0.01830065359477124
0 0.77197265625 0.3150326797385621 0.0107421875 0.02091503267973856
0 0.78759765625 0.3509803921568627 0.0126953125 0.02483660130718954
0 0.802734375 0.3732026143790849 0.015625 0.0326797385620915
0 0.7646484375 0.3581699346405228 0.01171875 0.02091503267973856
0 0.72216796875 0.41960784313725485 0.0146484375 0.02875816993464052
0 0.78125 0.42549019607843136 0.015625 0.02222222222222222
0 0.78759765625 0.4529411764705882 0.0166015625 0.027450980392156862
0 0.68798828125 0.47124183006535947 0.0146484375 0.02483660130718954
0 0.69580078125 0.5261437908496732 0.0224609375 0.03529411764705882
0 0.771484375 0.5222222222222221 0.021484375 0.03790849673202614
0 0.7919921875 0.5784313725490196 0.021484375 0.03790849673202614
0 0.779296875 0.6366013071895424 0.0234375 0.04183006535947712
0 0.14599609375 0.5254901960784313 0.0068359375 0.01045751633986928
0 0.1513671875 0.4856209150326797 0.005859375 0.00915032679738562
0 0.16455078125 0.4875816993464052 0.0068359375 0.01045751633986928
0 0.19775390625 0.5130718954248366 0.0087890625 0.01437908496732026
0 0.19775390625 0.46732026143790845 0.0068359375 0.011764705882352941
0 0.20849609375 0.461437908496732 0.0048828125 0.01045751633986928
0 0.234375 0.4816993464052287 0.0078125 0.00915032679738562
0 0.181640625 0.4836601307189542 0.0078125 0.01045751633986928
0 0.27197265625 0.48823529411764705 0.0068359375 0.011764705882352941
0 0.28857421875 0.49019607843137253 0.0087890625 0.0130718954248366
0 0.25732421875 0.47581699346405226 0.0068359375 0.01045751633986928
0 0.30224609375 0.4660130718954248 0.0068359375 0.00915032679738562
0 0.31201171875 0.46470588235294114 0.0068359375 0.011764705882352941
0 0.31298828125 0.4856209150326797 0.0087890625 0.01437908496732026
0 0.24169921875 0.45032679738562087 0.0068359375 0.00915032679738562
0 0.24658203125 0.43725490196078426 0.0068359375 0.00915032679738562
0 0.2607421875 0.44771241830065356 0.005859375 0.00915032679738562
0 0.2998046875 0.4516339869281045 0.005859375 0.00915032679738562
0 0.27490234375 0.4026143790849673 0.0048828125 0.00784313725490196
0 0.29541015625 0.39477124183006534 0.0048828125 0.00784313725490196
0 0.28369140625 0.39738562091503266 0.0048828125 0.00784313725490196
0 0.30126953125 0.41699346405228754 0.0048828125 0.00784313725490196
0 0.2763671875 0.4313725490196078 0.005859375 0.00784313725490196
0 0.32763671875 0.41045751633986927 0.0068359375 0.01045751633986928
0 0.32861328125 0.38692810457516336 0.0068359375 0.01045751633986928
0 0.3330078125 0.4594771241830065 0.0078125 0.011764705882352941
0 0.36572265625 0.4111111111111111 0.0068359375 0.011764705882352941
0 0.36083984375 0.3784313725490196 0.0068359375 0.00915032679738562
0 0.30517578125 0.39673202614379083 0.0068359375 0.00915032679738562
0 0.2939453125 0.46732026143790845 0.005859375 0.00915032679738562
0 0.2939453125 0.44313725490196076 0.005859375 0.01045751633986928
0 0.267578125 0.42287581699346405 0.005859375 0.00915032679738562
0 0.51171875 0.580392156862745 0.015625 0.0261437908496732
0 0.52783203125 0.6006535947712418 0.0166015625 0.0326797385620915
0 0.5732421875 0.569281045751634 0.015625 0.03006535947712418
0 0.58642578125 0.6359477124183006 0.0185546875 0.0326797385620915
0 0.60107421875 0.5758169934640522 0.0166015625 0.027450980392156862
0 0.6953125 0.6483660130718953 0.0234375 0.0261437908496732
0 0.54248046875 0.3222222222222222 0.0068359375 0.011764705882352941
0 0.5634765625 0.32418300653594767 0.0078125 0.01045751633986928
0 0.58056640625 0.3137254901960784 0.0068359375 0.01045751633986928
0 0.59130859375 0.31633986928104574 0.0068359375 0.01045751633986928
0 0.71240234375 0.37712418300653594 0.0107421875 0.01699346405228758
0 0.77099609375 0.2503267973856209 0.0087890625 0.01437908496732026
0 0.8134765625 0.3071895424836601 0.009765625 0.01830065359477124
0 0.83203125 0.24052287581699344 0.009765625 0.01568627450980392
0 0.85400390625 0.2954248366013072 0.0126953125 0.02091503267973856
0 0.86328125 0.23267973856209148 0.01171875 0.01830065359477124
0 0.8994140625 0.22156862745098038 0.013671875 0.0196078431372549
0 0.82763671875 0.3732026143790849 0.0126953125 0.0196078431372549
0 0.84375 0.36470588235294116 0.01171875 0.01830065359477124
0 0.873046875 0.3372549019607843 0.01171875 0.02091503267973856
0 0.84423828125 0.3398692810457516 0.0126953125 0.023529411764705882
0 0.11474609375 0.4993464052287581 0.0048828125 0.00784313725490196
0 0.10693359375 0.5130718954248366 0.0068359375 0.011764705882352941
0 0.138671875 0.4915032679738562 0.005859375 0.01045751633986928
0 0.40478515625 0.36209150326797385 0.0048828125 0.00784313725490196
0 0.435546875 0.3555555555555555 0.005859375 0.01045751633986928
0 0.3994140625 0.38888888888888884 0.005859375 0.00915032679738562
0 0.0029296875 0.557516339869281 0.005859375 0.011764705882352941
0 0.005859375 0.5235294117647058 0.005859375 0.011764705882352941
