0 0.4140625 0.40104166666666663 0.01171875 0.0234375
0 0.6533203125 0.39127604166666663 0.009765625 0.024739583333333332
0 0.66650390625 0.3828125 0.0107421875 0.020833333333333332
0 0.67138671875 0.39453125 0.0087890625 0.018229166666666664
0 0.7021484375 0.388671875 0.01171875 0.024739583333333332
0 0.69189453125 0.40234375 0.0126953125 0.0234375
0 0.76806640625 0.3880208333333333 0.0126953125 0.020833333333333332
0 0.84326171875 0.3802083333333333 0.0146484375 0.026041666666666664
0 0.11962890625 0.30143229166666663 0.0087890625 0.01171875
0 0.11083984375 0.3138020833333333 0.0068359375 0.010416666666666666
0 0.09716796875 0.30533854166666663 0.0068359375 0.01171875
0 0.072265625 0.3001302083333333 0.0078125 0.01171875
0 0.0732421875 0.318359375 0.0078125 0.01171875
0 0.08056640625 0.333984375 0.0087890625 0.014322916666666666
0 0.0673828125 0.3548177083333333 0.0078125 0.01171875
0 0.08154296875 0.373046875 0.0068359375 0.014322916666666666
0 0.12744140625 0.41471354166666663 0.0087890625 0.014322916666666666
0 0.0966796875 0.41471354166666663 0.0078125 0.01171875
0 0.0517578125 0.333984375 0.0078125 0.01171875
0 0.0234375 0.318359375 0.0078125 0.01171875
0 0.03857421875 0.33854166666666663 0.0068359375 0.010416666666666666
0 0.0498046875 0.3743489583333333 0.0078125 0.014322916666666666
0 0.0185546875 0.359375 0.0078125 0.013020833333333332
0 0.0146484375 0.37955729166666663 0.0078125 0.01171875
0 0.0185546875 0.39713541666666663 0.0078125 0.015625
0 0.00732421875 0.43424479166666663 0.0087890625 0.016927083333333332
0 0.02783203125 0.43424479166666663 0.0087890625 0.014322916666666666
0 0.0556640625 0.4407552083333333 0.009765625 0.014322916666666666
0 0.08544921875 0.4407552083333333 0.0087890625 0.014322916666666666
0 0.111328125 0.4407552083333333 0.0078125 0.014322916666666666
0 0.1328125 0.4368489583333333 0.0078125 0.014322916666666666
0 0.16796875 0.39127604166666663 0.01171875 0.022135416666666664
