0 0.146484375 0.5703125 0.017578125 0.046875
0 0.98486328125 0.34809027777777773 0.0146484375 0.03645833333333333
0 0.9541015625 0.33246527777777773 0.015625 0.03993055555555555
0 0.80615234375 0.30729166666666663 0.0146484375 0.034722222222222224
0 0.70556640625 0.30121527777777773 0.0146484375 0.03298611111111111
0 0.38037109375 0.1736111111111111 0.0107421875 0.024305555555555552
0 0.36376953125 0.3289930555555555 0.0146484375 0.03645833333333333
0 0.42431640625 0.3342013888888889 0.0146484375 0.03645833333333333
0 0.5498046875 0.30729166666666663 0.015625 0.03819444444444444
0 0.486328125 0.31510416666666663 0.015625 0.03645833333333333
0 0.61474609375 0.3289930555555555 0.0146484375 0.03645833333333333
