0 0.880859375 0.23567708333333331 0.02734375 0.04427083333333333
0 0.9140625 0.169921875 0.01953125 0.03515625
0 0.95166015625 0.09440104166666666 0.0263671875 0.053385416666666664
0 0.7412109375 0.13411458333333331 0.029296875 0.04427083333333333
0 0.3798828125 0.05859375 0.04296875 0.05989583333333333
0 0.52783203125 0.06705729166666666 0.0283203125 0.04036458333333333
0 0.25537109375 0.09700520833333333 0.0263671875 0.037760416666666664
0 0.3154296875 0.09700520833333333 0.02734375 0.05078125
0 0.23486328125 0.19596354166666666 0.0302734375 0.045572916666666664
0 0.19091796875 0.08463541666666666 0.0224609375 0.03645833333333333
0 0.064453125 0.10872395833333333 0.02734375 0.04817708333333333
0 0.16845703125 0.10807291666666666 0.0263671875 0.046875
0 0.35791015625 0.3430989583333333 0.0341796875 0.061197916666666664
0 0.28857421875 0.369140625 0.0341796875 0.05598958333333333
0 0.220703125 0.35611979166666663 0.03125 0.061197916666666664
0 0.4462890625 0.07096354166666666 0.02734375 0.05078125
