0 0.69580078125 0.712673611111111 0.0087890625 0.015625
0 0.62841796875 0.7369791666666666 0.0068359375 0.015625
0 0.47900390625 0.3758680555555555 0.0185546875 0.03298611111111111
0 0.37158203125 0.3142361111111111 0.0205078125 0.03819444444444444
0 0.99169921875 0.7630208333333333 0.0068359375 0.01909722222222222
0 0.2919921875 0.6944444444444444 0.009765625 0.020833333333333332
0 0.19482421875 0.751736111111111 0.0068359375 0.017361111111111112
0 0.1240234375 0.8020833333333333 0.005859375 0.017361111111111112
0 0.0498046875 0.7899305555555555 0.0078125 0.017361111111111112
0 0.15673828125 0.7569444444444444 0.0048828125 0.013888888888888888
0 0.08935546875 0.7612847222222222 0.0048828125 0.012152777777777776
0 0.1044921875 0.736111111111111 0.00390625 0.013888888888888888
0 0.068359375 0.7335069444444444 0.0078125 0.01909722222222222
0 0.04736328125 0.7152777777777778 0.0048828125 0.010416666666666666
0 0.0283203125 0.6944444444444444 0.005859375 0.013888888888888888
0 0.09521484375 0.71875 0.0048828125 0.013888888888888888
0 0.13916015625 0.7057291666666666 0.0048828125 0.012152777777777776
0 0.005859375 0.6536458333333333 0.00390625 0.012152777777777776
0 0.00830078125 0.6302083333333333 0.0048828125 0.013888888888888888
0 0.09423828125 0.6571180555555555 0.0048828125 0.012152777777777776
0 0.04296875 0.6875 0.005859375 0.013888888888888888
0 0.0146484375 0.6822916666666666 0.005859375 0.010416666666666666
0 0.06982421875 0.6215277777777778 0.0048828125 0.013888888888888888
0 0.1181640625 0.7552083333333333 0.005859375 0.013888888888888888
0 0.07275390625 0.8125 0.0048828125 0.013888888888888888
0 0.20947265625 0.7734375 0.0048828125 0.015625
0 0.2470703125 0.7803819444444444 0.005859375 0.012152777777777776
0 0.23876953125 0.7708333333333333 0.0048828125 0.010416666666666666
0 0.0283203125 0.75 0.005859375 0.013888888888888888
