0 0.11181640625 0.44184027777777773 0.0107421875 0.022569444444444444
0 0.14013671875 0.44184027777777773 0.0087890625 0.01909722222222222
0 0.20703125 0.45138888888888884 0.009765625 0.024305555555555552
0 0.23583984375 0.4835069444444444 0.0107421875 0.022569444444444444
0 0.26708984375 0.45746527777777773 0.0107421875 0.022569444444444444
0 0.29541015625 0.4539930555555555 0.0107421875 0.022569444444444444
0 0.34814453125 0.4548611111111111 0.0107421875 0.024305555555555552
0 0.3232421875 0.4618055555555555 0.009765625 0.020833333333333332
0 0.3876953125 0.4565972222222222 0.009765625 0.024305555555555552
0 0.4169921875 0.4505208333333333 0.009765625 0.022569444444444444
0 0.412109375 0.4817708333333333 0.009765625 0.022569444444444444
0 0.45703125 0.4522569444444444 0.009765625 0.022569444444444444
0 0.4833984375 0.4366319444444444 0.009765625 0.022569444444444444
0 0.5166015625 0.4314236111111111 0.009765625 0.022569444444444444
0 0.60107421875 0.41840277777777773 0.0087890625 0.020833333333333332
0 0.64306640625 0.4157986111111111 0.0107421875 0.026041666666666664
0 0.68359375 0.41840277777777773 0.009765625 0.027777777777777776
0 0.72900390625 0.40104166666666663 0.0107421875 0.027777777777777776
0 0.7431640625 0.4053819444444444 0.015625 0.03645833333333333
0 0.8046875 0.4314236111111111 0.009765625 0.01909722222222222
0 0.91064453125 0.3836805555555555 0.0107421875 0.027777777777777776
0 0.181640625 0.4409722222222222 0.0078125 0.020833333333333332
0 0.55126953125 0.43576388888888884 0.0107421875 0.013888888888888888
0 0.6552734375 0.4175347222222222 0.005859375 0.012152777777777776
0 0.43408203125 0.4782986111111111 0.0068359375 0.015625
0 0.46435546875 0.44184027777777773 0.0048828125 0.012152777777777776
0 0.70166015625 0.41059027777777773 0.0166015625 0.03993055555555555
