0 0.90869140625 0.03159509202453988 0.0400390625 0.03742331288343558
0 0.75537109375 0.018404907975460124 0.0537109375 0.0343558282208589
0 0.841796875 0.099079754601227 0.046875 0.03619631901840491
0 0.4365234375 0.03343558282208589 0.048828125 0.04233128834355829
0 0.29931640625 0.04447852760736196 0.0458984375 0.03374233128834356
0 0.1396484375 0.04815950920245399 0.05078125 0.03742331288343558
0 0.236328125 0.12085889570552148 0.041015625 0.0343558282208589
0 0.39892578125 0.10460122699386504 0.0478515625 0.03251533742331288
0 0.62255859375 0.18374233128834358 0.0498046875 0.03374233128834356
0 0.80859375 0.17239263803680982 0.044921875 0.03680981595092025
0 0.93994140625 0.17085889570552149 0.0458984375 0.03865030674846626
0 0.47509765625 0.17699386503067485 0.0537109375 0.03619631901840491
0 0.330078125 0.18220858895705522 0.044921875 0.03558282208588957
0 0.19091796875 0.1892638036809816 0.0537109375 0.03374233128834356
0 0.3974609375 0.2524539877300614 0.04296875 0.03374233128834356
0 0.35546875 0.31625766871165645 0.044921875 0.03619631901840491
0 0.29345703125 0.2803680981595092 0.0400390625 0.0343558282208589
0 0.0498046875 0.25030674846625767 0.056640625 0.033128834355828224
0 0.9873046875 0.09631901840490797 0.025390625 0.03558282208588957
0 0.98486328125 0.3003067484662577 0.0302734375 0.03742331288343558
0 0.9599609375 0.3754601226993865 0.0546875 0.0392638036809816
0 0.82958984375 0.3119631901840491 0.0498046875 0.03619631901840491
0 0.73486328125 0.24386503067484663 0.0478515625 0.03619631901840491
0 0.67822265625 0.31533742331288345 0.0556640625 0.0392638036809816
0 0.7880859375 0.3920245398773006 0.0546875 0.03803680981595092
0 0.5576171875 0.47147239263803686 0.07421875 0.05582822085889571
0 0.7373046875 0.47177914110429453 0.05078125 0.046625766871165646
0 0.9033203125 0.4542944785276074 0.05078125 0.04110429447852761
0 0.3193359375 0.5423312883435583 0.056640625 0.044171779141104296
0 0.1796875 0.5171779141104295 0.048828125 0.03803680981595092
0 0.3115234375 0.44294478527607367 0.068359375 0.046625766871165646
0 0.0380859375 0.40950920245398775 0.052734375 0.03987730061349694
0 0.23193359375 0.401840490797546 0.0458984375 0.0392638036809816
0 0.578125 0.248159509202454 0.048828125 0.03496932515337423
0 0.10888671875 0.11165644171779142 0.0458984375 0.0343558282208589
0 0.33837890625 0.24294478527607363 0.0458984375 0.030674846625766874
