0 0.15185546875 0.416015625 0.0205078125 0.037760416666666664
0 0.177734375 0.376953125 0.021484375 0.03515625
0 0.24462890625 0.38736979166666663 0.0185546875 0.037760416666666664
0 0.1982421875 0.458984375 0.01953125 0.03255208333333333
0 0.23681640625 0.4329427083333333 0.0205078125 0.037760416666666664
0 0.29443359375 0.39453125 0.0185546875 0.028645833333333332
0 0.35986328125 0.42447916666666663 0.0185546875 0.03645833333333333
0 0.39697265625 0.4348958333333333 0.0185546875 0.03125
0 0.46630859375 0.36197916666666663 0.0205078125 0.03645833333333333
0 0.41796875 0.431640625 0.01953125 0.04036458333333333
0 0.47802734375 0.431640625 0.0205078125 0.029947916666666664
0 0.50830078125 0.4290364583333333 0.0224609375 0.03515625
0 0.14599609375 0.5579427083333333 0.0205078125 0.03515625
0 0.14111328125 0.6119791666666666 0.0205078125 0.03645833333333333
0 0.2119140625 0.5807291666666666 0.021484375 0.03645833333333333
0 0.2509765625 0.5651041666666666 0.01953125 0.03645833333333333
0 0.3251953125 0.515625 0.01953125 0.03645833333333333
0 0.2919921875 0.6178385416666666 0.01953125 0.037760416666666664
0 0.3330078125 0.6022135416666666 0.021484375 0.03515625
0 0.3720703125 0.5455729166666666 0.021484375 0.03645833333333333
0 0.37890625 0.6061197916666666 0.021484375 0.04036458333333333
0 0.435546875 0.5553385416666666 0.01953125 0.03255208333333333
0 0.46240234375 0.5696614583333333 0.0224609375 0.04036458333333333
0 0.51318359375 0.568359375 0.0224609375 0.04036458333333333
0 0.43310546875 0.6015625 0.0244140625 0.0390625
0 0.50390625 0.6328125 0.0234375 0.041666666666666664
0 0.36669921875 0.6888020833333333 0.0224609375 0.0390625
0 0.57568359375 0.41471354166666663 0.0205078125 0.045572916666666664
0 0.6357421875 0.42578125 0.017578125 0.033854166666666664
0 0.7060546875 0.43229166666666663 0.01953125 0.033854166666666664
0 0.76953125 0.4173177083333333 0.021484375 0.037760416666666664
0 0.85205078125 0.4407552083333333 0.0185546875 0.03255208333333333
0 0.54736328125 0.6256510416666666 0.0205078125 0.03515625
0 0.59130859375 0.5696614583333333 0.0185546875 0.04036458333333333
0 0.6416015625 0.5677083333333333 0.021484375 0.03645833333333333
0 0.64990234375 0.6184895833333333 0.0185546875 0.0390625
0 0.70263671875 0.5625 0.0224609375 0.041666666666666664
0 0.75390625 0.57421875 0.021484375 0.03645833333333333
0 0.80908203125 0.6341145833333333 0.0205078125 0.033854166666666664
0 0.8828125 0.6529947916666666 0.021484375 0.037760416666666664
0 0.05517578125 0.603515625 0.0205078125 0.037760416666666664
0 0.21240234375 0.40885416666666663 0.0166015625 0.033854166666666664
0 0.5966796875 0.4016927083333333 0.01953125 0.03255208333333333
