0 0.4140625 0.7580299785867238 0.005859375 0.008565310492505354
0 0.4033203125 0.7403640256959315 0.005859375 0.009635974304068522
0 0.39794921875 0.7580299785867238 0.0048828125 0.006423982869379015
0 0.5048828125 0.7574946466809422 0.0078125 0.011777301927194861
0 0.54931640625 0.7585653104925054 0.0048828125 0.009635974304068522
0 0.57470703125 0.7649892933618844 0.0068359375 0.009635974304068522
0 0.6015625 0.7580299785867238 0.005859375 0.008565310492505354
0 0.68701171875 0.765524625267666 0.0068359375 0.010706638115631693
0 0.6396484375 0.800321199143469 0.009765625 0.009635974304068522
0 0.62744140625 0.7441113490364026 0.0068359375 0.008565310492505354
0 0.73779296875 0.7264453961456103 0.0048828125 0.009635974304068522
0 0.712890625 0.7269807280513919 0.00390625 0.008565310492505354
0 0.69970703125 0.721627408993576 0.0048828125 0.008565310492505354
0 0.66845703125 0.730728051391863 0.0048828125 0.007494646680942184
0 0.70166015625 0.7574946466809422 0.0048828125 0.011777301927194861
0 0.884765625 0.7960385438972163 0.009765625 0.016059957173447537
0 0.8232421875 0.800321199143469 0.009765625 0.0139186295503212
0 0.806640625 0.8302997858672377 0.013671875 0.0139186295503212
0 0.8955078125 0.8217344753747324 0.01171875 0.018201284796573878
0 0.9462890625 0.8356531049250536 0.009765625 0.016059957173447537
0 0.78759765625 0.8094218415417559 0.0087890625 0.01284796573875803
0 0.939453125 0.7869379014989294 0.0078125 0.010706638115631693
