0 0.10546875 0.40299479166666663 0.044921875 0.07161458333333333
0 0.22265625 0.39127604166666663 0.0390625 0.06901041666666666
0 0.27734375 0.4765625 0.037109375 0.057291666666666664
0 0.349609375 0.4466145833333333 0.041015625 0.0625
0 0.2978515625 0.40104166666666663 0.015625 0.03125
0 0.4287109375 0.39518229166666663 0.046875 0.06901041666666666
0 0.53759765625 0.4173177083333333 0.0439453125 0.061197916666666664
0 0.634765625 0.41666666666666663 0.048828125 0.07291666666666666
0 0.78955078125 0.4270833333333333 0.0458984375 0.07552083333333333
0 0.873046875 0.3671875 0.0546875 0.078125
