0 0.84033203125 0.5118043844856661 0.0146484375 0.03204047217537943
0 0.90234375 0.5160202360876897 0.017578125 0.03709949409780776
0 0.91650390625 0.44519392917369305 0.0166015625 0.03372681281618887
0 0.908203125 0.7158516020236088 0.013671875 0.028667790893760536
0 0.93994140625 0.709106239460371 0.0146484375 0.0387858347386172
0 0.9609375 0.7133220910623945 0.013671875 0.03372681281618887
0 0.98779296875 0.7124789207419898 0.0166015625 0.03541315345699831
0 0.70703125 0.4932546374367622 0.015625 0.028667790893760536
0 0.73681640625 0.3145025295109612 0.0185546875 0.0387858347386172
0 0.44140625 0.5370994940978078 0.01953125 0.045531197301854974
0 0.37060546875 0.551433389544688 0.0185546875 0.03372681281618887
0 0.03466796875 0.46374367622259693 0.0166015625 0.03709949409780776
0 0.6904296875 0.6374367622259696 0.01953125 0.043844856661045525
0 0.7177734375 0.627318718381113 0.017578125 0.03372681281618887
0 0.51708984375 0.20657672849915681 0.0556640625 0.10286677908937605
0 0.77490234375 0.7116357504215851 0.0146484375 0.03035413153456998
0 0.76513671875 0.6399662731871838 0.0185546875 0.03541315345699831
0 0.8427734375 0.7006745362563237 0.015625 0.028667790893760536
0 0.732421875 0.5278246205733558 0.015625 0.03709949409780776
