0 0.150390625 0.12510356255178126 0.177734375 0.115990057995029
0 0.75244140625 0.23156586578293287 0.0537109375 0.0472245236122618
0 0.91162109375 0.2340513670256835 0.0556640625 0.058823529411764705
0 0.25732421875 0.5447390223695111 0.0224609375 0.02236951118475559
0 0.26123046875 0.5124275062137531 0.0224609375 0.02236951118475559
0 0.14013671875 0.6317315658657829 0.0634765625 0.057166528583264285
0 0.42724609375 0.6420878210439105 0.0322265625 0.038111019055509524
0 0.47509765625 0.6437448218724109 0.0361328125 0.04308202154101077
0 0.515625 0.6706710853355426 0.037109375 0.050538525269262634
0 0.5537109375 0.6913835956917979 0.033203125 0.03893951946975973
0 0.42724609375 0.7717481358740679 0.0283203125 0.05219552609776305
0 0.63037109375 0.7460646230323115 0.0400390625 0.0472245236122618
0 0.74267578125 0.7684341342170671 0.0458984375 0.05219552609776305
0 0.08935546875 0.5671085335542667 0.0146484375 0.024026512013256004
