0 0.29443359375 0.27994791666666663 0.0302734375 0.049479166666666664
0 0.24462890625 0.43815104166666663 0.0341796875 0.053385416666666664
0 0.36474609375 0.44401041666666663 0.0361328125 0.05989583333333333
0 0.41748046875 0.27213541666666663 0.0302734375 0.05208333333333333
0 0.48974609375 0.3138020833333333 0.0341796875 0.05208333333333333
0 0.568359375 0.24283854166666666 0.033203125 0.053385416666666664
0 0.67578125 0.2708333333333333 0.033203125 0.057291666666666664
0 0.46337890625 0.4895833333333333 0.0400390625 0.05989583333333333
0 0.62060546875 0.4641927083333333 0.0400390625 0.06380208333333333
0 0.755859375 0.4173177083333333 0.037109375 0.061197916666666664
0 0.42529296875 0.6627604166666666 0.0439453125 0.07291666666666666
