0 0.400390625 0.20377604166666666 0.00390625 0.006510416666666666
0 0.5908203125 0.1953125 0.00390625 0.005208333333333333
0 0.6220703125 0.19401041666666666 0.00390625 0.005208333333333333
0 0.1865234375 0.6393229166666666 0.02734375 0.03645833333333333
0 0.26318359375 0.509765625 0.0126953125 0.016927083333333332
0 0.37353515625 0.6080729166666666 0.0244140625 0.03125
0 0.36669921875 0.6907552083333333 0.0126953125 0.037760416666666664
0 0.46484375 0.5846354166666666 0.021484375 0.033854166666666664
0 0.39501953125 0.3333333333333333 0.0029296875 0.005208333333333333
0 0.2470703125 0.3411458333333333 0.00390625 0.005208333333333333
0 0.27099609375 0.34049479166666663 0.0029296875 0.00390625
0 0.98291015625 0.5247395833333333 0.0146484375 0.018229166666666664
0 0.900390625 0.6197916666666666 0.025390625 0.03645833333333333
0 0.82275390625 0.51171875 0.0107421875 0.013020833333333332
0 0.744140625 0.4765625 0.0078125 0.010416666666666666
