0 0.89111328125 0.2709251101321586 0.0087890625 0.03083700440528634
0 0.9619140625 0.29295154185022027 0.005859375 0.02202643171806167
0 0.681640625 0.303230543318649 0.017578125 0.033773861967694566
0 0.6455078125 0.32966226138032306 0.013671875 0.016152716593245228
0 0.83837890625 0.3120411160058737 0.0087890625 0.016152716593245228
0 0.62158203125 0.33480176211453744 0.0166015625 0.026431718061674006
0 0.77001953125 0.2305433186490455 0.0126953125 0.041116005873715125
0 0.27490234375 0.2657856093979442 0.0263671875 0.049926578560939794
0 0.16015625 0.3054331864904552 0.025390625 0.04405286343612334
0 0.38818359375 0.26505139500734215 0.0302734375 0.06020558002936857
0 0.12646484375 0.2356828193832599 0.0419921875 0.0895741556534508
