0 0.13818359375 0.577922077922078 0.0751953125 0.13311688311688313
0 0.146484375 0.33116883116883117 0.05078125 0.12337662337662339
0 0.181640625 0.3733766233766234 0.033203125 0.07792207792207792
0 0.3837890625 0.28571428571428575 0.03125 0.061688311688311695
0 0.47314453125 0.2962662337662338 0.0361328125 0.06655844155844157
0 0.43408203125 0.09577922077922078 0.0302734375 0.061688311688311695
0 0.634765625 0.36363636363636365 0.052734375 0.1103896103896104
0 0.72216796875 0.3928571428571429 0.0654296875 0.13961038961038963
0 0.75927734375 0.6063311688311689 0.1123046875 0.2548701298701299
0 0.8076171875 0.21022727272727273 0.013671875 0.021103896103896104
0 0.85302734375 0.18425324675324675 0.0146484375 0.040584415584415584
0 0.732421875 0.17532467532467533 0.0078125 0.03246753246753247
0 0.2041015625 0.20535714285714288 0.01953125 0.030844155844155847
0 0.3779296875 0.19480519480519481 0.01953125 0.03571428571428572
