0 0.79052734375 0.7128813559322035 0.0341796875 0.03322033898305085
0 0.2470703125 0.8084745762711865 0.021484375 0.022372881355932205
0 0.31689453125 0.8298305084745763 0.0107421875 0.009491525423728815
0 0.10595703125 0.8227118644067797 0.0126953125 0.012881355932203391
0 0.015625 0.8200000000000001 0.01171875 0.01152542372881356
0 0.0810546875 0.8247457627118645 0.0078125 0.007457627118644068
0 0.3994140625 0.8227118644067797 0.0078125 0.007457627118644068
0 0.185546875 0.825084745762712 0.0078125 0.008135593220338983
0 0.78466796875 0.4620338983050848 0.0517578125 0.04542372881355933
0 0.671875 0.4586440677966102 0.060546875 0.05084745762711865
0 0.2939453125 0.43355932203389835 0.05859375 0.05491525423728814
0 0.626953125 0.14033898305084747 0.01171875 0.010847457627118645
0 0.8662109375 0.10542372881355933 0.0078125 0.007457627118644068
0 0.3876953125 0.14067796610169492 0.009765625 0.01016949152542373
0 0.33984375 0.15830508474576271 0.013671875 0.018305084745762715
