0 0.11376953125 0.484375 0.0361328125 0.05989583333333333
0 0.22900390625 0.46549479166666663 0.0361328125 0.05598958333333333
0 0.35400390625 0.4680989583333333 0.0400390625 0.06380208333333333
0 0.4912109375 0.46484375 0.037109375 0.06770833333333333
0 0.6689453125 0.5013020833333333 0.041015625 0.0625
0 0.85791015625 0.48307291666666663 0.0419921875 0.06770833333333333
0 0.81103515625 0.20572916666666666 0.0322265625 0.05208333333333333
0 0.712890625 0.22200520833333331 0.0390625 0.05859375
0 0.61767578125 0.21028645833333331 0.0341796875 0.06380208333333333
0 0.52734375 0.224609375 0.037109375 0.05859375
0 0.41650390625 0.24739583333333331 0.0361328125 0.0546875
0 0.32470703125 0.21809895833333331 0.0341796875 0.05859375
0 0.22802734375 0.20638020833333331 0.0302734375 0.05078125
0 0.14111328125 0.2825520833333333 0.0029296875 0.005208333333333333
