0 0.2275390625 0.5755208333333333 0.056640625 0.16145833333333331
0 0.36181640625 0.44184027777777773 0.0712890625 0.16145833333333331
0 0.46435546875 0.5260416666666666 0.0517578125 0.13194444444444445
0 0.54150390625 0.4114583333333333 0.0556640625 0.11805555555555555
0 0.73486328125 0.22916666666666666 0.0712890625 0.15277777777777776
0 0.84619140625 0.29340277777777773 0.0439453125 0.10763888888888888
0 0.15576171875 0.057291666666666664 0.0107421875 0.03125
0 0.38330078125 0.6588541666666666 0.0498046875 0.14756944444444445
0 0.447265625 0.42621527777777773 0.04296875 0.0954861111111111
0 0.49755859375 0.18402777777777776 0.0107421875 0.024305555555555552
