0 0.4384765625 0.5234948604992657 0.0078125 0.024963289280469897
0 0.4150390625 0.5198237885462554 0.0078125 0.023494860499265784
0 0.84814453125 0.44273127753303965 0.0322265625 0.0513950073421439
0 0.78515625 0.4464023494860499 0.009765625 0.011747430249632892
0 0.64013671875 0.4508076358296622 0.0048828125 0.011747430249632892
0 0.71142578125 0.4441997063142437 0.0087890625 0.016152716593245228
0 0.7119140625 0.5044052863436123 0.009765625 0.016152716593245228
0 0.62109375 0.5110132158590308 0.0078125 0.017621145374449337
0 0.60546875 0.45814977973568277 0.005859375 0.011747430249632892
0 0.58935546875 0.4985315712187959 0.0087890625 0.01908957415565345
0 0.55419921875 0.5205580029368575 0.0087890625 0.01908957415565345
0 0.5 0.5007342143906021 0.005859375 0.011747430249632892
0 0.4775390625 0.4787077826725404 0.005859375 0.008810572687224669
0 0.54296875 0.46696035242290745 0.005859375 0.011747430249632892
0 0.0234375 0.5110132158590308 0.01953125 0.023494860499265784
0 0.08837890625 0.5337738619676945 0.0146484375 0.024963289280469897
