0 0.72119140625 0.42097488921713444 0.0478515625 0.08862629246676515
0 0.560546875 0.4697193500738553 0.03515625 0.08567208271787298
0 0.49560546875 0.4084194977843427 0.0478515625 0.09010339734121123
0 0.4248046875 0.49556868537666177 0.048828125 0.10192023633677992
0 0.1142578125 0.4290989660265879 0.037109375 0.07533234859675038
0 0.076171875 0.465288035450517 0.044921875 0.09158050221565732
0 0.78173828125 0.6129985228951256 0.0595703125 0.10635155096011817
0 0.92919921875 0.42097488921713444 0.0458984375 0.07090103397341212
0 0.90283203125 0.4372230428360414 0.0400390625 0.07385524372230429
0 0.78662109375 0.43131462333825704 0.0517578125 0.08271787296898081
0 0.9921875 0.4431314623338257 0.015625 0.041358936484490405
0 0.06298828125 0.4741506646971935 0.0517578125 0.10635155096011817
0 0.65380859375 0.4564254062038405 0.0439453125 0.08567208271787298
0 0.57470703125 0.5125553914327917 0.0439453125 0.08271787296898081
