0 0.880859375 0.3436123348017621 0.091796875 0.12922173274596183
0 0.60888671875 0.48237885462555063 0.0927734375 0.13362701908957414
0 0.44140625 0.15859030837004404 0.080078125 0.16152716593245225
0 0.220703125 0.44713656387665196 0.109375 0.17474302496328928
0 0.72607421875 0.060939794419970626 0.0185546875 0.033773861967694566
0 0.58984375 0.07415565345080763 0.01171875 0.02790014684287812
0 0.6357421875 0.0697503671071953 0.015625 0.033773861967694566
0 0.26611328125 0.16152716593245225 0.0185546875 0.02936857562408223
0 0.28955078125 0.09765051395007342 0.0166015625 0.03083700440528634
0 0.3271484375 0.09104258443465492 0.01953125 0.023494860499265784
