0 0.2734375 0.3240875912408759 0.025390625 0.049635036496350364
0 0.13427734375 0.3343065693430657 0.0263671875 0.05255474452554744
0 0.37060546875 0.3700729927007299 0.0263671875 0.051094890510948905
0 0.423828125 0.345985401459854 0.0234375 0.049635036496350364
0 0.4921875 0.38394160583941606 0.0234375 0.040875912408759124
0 0.451171875 0.3751824817518248 0.01953125 0.03503649635036496
0 0.390625 0.36423357664233574 0.01953125 0.03065693430656934
0 0.5517578125 0.3868613138686131 0.021484375 0.0437956204379562
0 0.7265625 0.38832116788321164 0.03515625 0.049635036496350364
0 0.64208984375 0.41021897810218977 0.0224609375 0.03503649635036496
0 0.857421875 0.4262773722627737 0.0234375 0.03503649635036496
0 0.87841796875 0.42262773722627733 0.0166015625 0.02773722627737226
0 0.92578125 0.4124087591240876 0.025390625 0.06277372262773723
0 0.34912109375 0.3525547445255474 0.0205078125 0.03941605839416058
0 0.20556640625 0.3175182481751825 0.0341796875 0.05401459854014598
