0 0.62744140625 0.38658367911479946 0.0302734375 0.048409405255878286
0 0.6826171875 0.3686030428769018 0.02734375 0.05394190871369295
0 0.748046875 0.4170124481327801 0.025390625 0.05117565698478562
0 0.79345703125 0.4211618257261411 0.0244140625 0.05947441217150761
0 0.35546875 0.4315352697095436 0.021484375 0.04702627939142462
0 0.40380859375 0.4253112033195021 0.0205078125 0.04564315352697096
0 0.14111328125 0.43084370677731676 0.0244140625 0.042876901798063624
0 0.04736328125 0.40318118948824344 0.0224609375 0.04564315352697096
0 0.07080078125 0.5546334716459198 0.0205078125 0.0359612724757953
0 0.4658203125 0.4336099585062241 0.01171875 0.029045643153526972
0 0.3154296875 0.43775933609958506 0.013671875 0.02351313969571231
0 0.2705078125 0.42323651452282157 0.015625 0.024896265560165977
