0 0.0498046875 0.28074074074074074 0.02734375 0.057777777777777775
0 0.03955078125 0.34518518518518515 0.0224609375 0.047407407407407405
0 0.03173828125 0.4022222222222222 0.0302734375 0.057777777777777775
0 0.07373046875 0.5829629629629629 0.0341796875 0.0637037037037037
0 0.11328125 0.44370370370370366 0.02734375 0.057777777777777775
0 0.12890625 0.4237037037037037 0.021484375 0.04444444444444444
0 0.1767578125 0.4162962962962963 0.021484375 0.05037037037037037
0 0.19287109375 0.4444444444444444 0.0224609375 0.047407407407407405
0 0.2529296875 0.39925925925925926 0.021484375 0.037037037037037035
0 0.2666015625 0.4288888888888889 0.01953125 0.05481481481481481
0 0.29296875 0.40518518518518515 0.017578125 0.05185185185185185
0 0.34912109375 0.4488888888888889 0.0244140625 0.06814814814814814
0 0.36083984375 0.3859259259259259 0.0166015625 0.04296296296296296
0 0.388671875 0.4111111111111111 0.021484375 0.045925925925925926
0 0.43408203125 0.4281481481481481 0.0263671875 0.05037037037037037
0 0.45849609375 0.4837037037037037 0.0224609375 0.05185185185185185
0 0.4609375 0.3688888888888889 0.021484375 0.04444444444444444
0 0.52294921875 0.4074074074074074 0.0224609375 0.047407407407407405
0 0.5283203125 0.4548148148148148 0.01953125 0.05333333333333333
0 0.56298828125 0.4762962962962963 0.0224609375 0.05185185185185185
0 0.60009765625 0.40296296296296297 0.0166015625 0.04444444444444444
0 0.6279296875 0.4192592592592592 0.017578125 0.05333333333333333
0 0.66455078125 0.4637037037037037 0.0224609375 0.059259259259259255
0 0.6904296875 0.4407407407407407 0.021484375 0.05481481481481481
0 0.73681640625 0.37555555555555553 0.0224609375 0.05481481481481481
0 0.734375 0.4348148148148148 0.0234375 0.057777777777777775
0 0.724609375 0.5851851851851851 0.029296875 0.07703703703703703
0 0.80859375 0.4288888888888889 0.0234375 0.06074074074074074
0 0.8310546875 0.337037037037037 0.021484375 0.057777777777777775
0 0.8642578125 0.36666666666666664 0.0234375 0.05481481481481481
0 0.859375 0.47777777777777775 0.0234375 0.06074074074074074
0 0.869140625 0.62 0.03515625 0.06962962962962962
0 0.95947265625 0.35259259259259257 0.0341796875 0.06222222222222222
0 0.76953125 0.4296296296296296 0.025390625 0.05333333333333333
0 0.5908203125 0.4511111111111111 0.0234375 0.04
