0 0.6259765625 0.7955493741307371 0.04296875 0.08344923504867871
0 0.52734375 0.7468706536856745 0.041015625 0.06397774687065368
0 0.5732421875 0.6703755215577191 0.033203125 0.06397774687065368
0 0.77978515625 0.7510431154381084 0.0400390625 0.06397774687065368
0 0.884765625 0.7461752433936022 0.041015625 0.06258692628650904
0 0.86865234375 0.6140472878998608 0.0400390625 0.06536856745479833
0 0.75390625 0.6571627260083449 0.0390625 0.05146036161335187
0 0.66064453125 0.6502086230876216 0.0283203125 0.05146036161335187
0 0.67138671875 0.5751043115438108 0.0302734375 0.048678720445062586
0 0.5927734375 0.5159944367176634 0.01953125 0.036161335187760775
0 0.658203125 0.5152990264255911 0.025390625 0.04033379694019471
0 0.8134765625 0.5458970792767732 0.029296875 0.048678720445062586
0 0.73486328125 0.579972183588317 0.0283203125 0.041724617524339355
0 0.68359375 0.454798331015299 0.0234375 0.03337969401947149
0 0.60107421875 0.4575799721835883 0.0205078125 0.03337969401947149
0 0.53125 0.5507649513212796 0.01953125 0.03337969401947149
0 0.46630859375 0.4673157162726008 0.0283203125 0.04728789986091794
0 0.76904296875 0.4749652294853964 0.0244140625 0.04033379694019471
0 0.376953125 0.5792767732962447 0.03515625 0.06536856745479833
0 0.31005859375 0.5076495132127955 0.0263671875 0.041724617524339355
0 0.11865234375 0.48748261474269816 0.0732421875 0.10152990264255911
0 0.30126953125 0.4054242002781641 0.0185546875 0.02920723226703755
0 0.30029296875 0.4054242002781641 0.0205078125 0.02920723226703755
0 0.4169921875 0.3414464534075104 0.0234375 0.04033379694019471
0 0.48095703125 0.3184979137691238 0.0224609375 0.03337969401947149
0 0.54736328125 0.27746870653685674 0.0205078125 0.03477051460361613
0 0.59375 0.41029207232267034 0.015625 0.027816411682892905
0 0.56689453125 0.4561891515994437 0.0166015625 0.030598052851182195
0 0.2744140625 0.4659248956884562 0.025390625 0.036161335187760775
0 0.39892578125 0.7280945757997218 0.0263671875 0.06258692628650904
0 0.2119140625 0.41655076495132126 0.013671875 0.02642559109874826
0 0.1044921875 0.2913769123783032 0.01953125 0.02920723226703755
0 0.1064453125 0.34283727399165503 0.0390625 0.09040333796940195
0 0.29345703125 0.28372739916550765 0.0107421875 0.019471488178025034
0 0.2490234375 0.2677329624478442 0.009765625 0.015299026425591097
0 0.23681640625 0.280250347705146 0.0087890625 0.018080667593880387
0 0.64501953125 0.3929068150208623 0.0146484375 0.03477051460361613
0 0.71484375 0.2524339360222531 0.009765625 0.020862308762169678
0 0.60546875 0.2552155771905424 0.009765625 0.018080667593880387
0 0.69482421875 0.26356050069541026 0.0087890625 0.015299026425591097
0 0.4111328125 0.08970792767732962 0.005859375 0.012517385257301807
0 0.74169921875 0.4269819193324061 0.0224609375 0.027816411682892905
0 0.0087890625 0.10500695410292071 0.01171875 0.015299026425591097
0 0.5654296875 0.6140472878998608 0.0234375 0.037552155771905425
0 0.67578125 0.4186369958275382 0.015625 0.019471488178025034
0 0.60986328125 0.42628650904033377 0.0107421875 0.02642559109874826
0 0.50537109375 0.25452016689847007 0.0107421875 0.025034770514603615
0 0.37744140625 0.370653685674548 0.0146484375 0.02642559109874826
0 0.30029296875 0.3164116828929068 0.0107421875 0.02364394993045897
