0 0.9111328125 0.38136826783114997 0.0546875 0.09606986899563319
0 0.544921875 0.37409024745269287 0.05078125 0.058224163027656484
0 0.4638671875 0.29548762736535666 0.0390625 0.06404657933042213
0 0.51708984375 0.24381368267831152 0.0380859375 0.06841339155749636
0 0.6220703125 0.21324599708879186 0.03125 0.06841339155749636
0 0.77685546875 0.19941775836972345 0.0205078125 0.034934497816593885
0 0.9208984375 0.1462882096069869 0.009765625 0.033478893740902474
0 0.90185546875 0.11935953420669579 0.0146484375 0.026200873362445417
0 0.87939453125 0.10262008733624454 0.0146484375 0.024745269286754003
0 0.77001953125 0.06986899563318777 0.0107421875 0.029112081513828242
0 0.92138671875 0.08296943231441048 0.0107421875 0.023289665211062592
0 0.47900390625 0.055312954876273655 0.0166015625 0.040756914119359534
0 0.416015625 0.08588064046579331 0.015625 0.03784570596797671
0 0.3212890625 0.10553129548762737 0.017578125 0.039301310043668124
0 0.6064453125 0.10262008733624454 0.009765625 0.042212518195050945
0 0.68896484375 0.1455604075691412 0.0107421875 0.034934497816593885
0 0.18359375 0.11208151382823872 0.017578125 0.046579330422125184
0 0.26318359375 0.10844250363901019 0.0146484375 0.042212518195050945
