0 0.38037109375 0.032719836400818 0.0126953125 0.0408997955010225
0 0.40478515625 0.049079754601227 0.0126953125 0.03680981595092025
0 0.3515625 0.07975460122699388 0.01171875 0.03680981595092025
0 0.34228515625 0.022494887525562373 0.0107421875 0.0245398773006135
0 0.32763671875 0.009202453987730062 0.0068359375 0.018404907975460124
0 0.419921875 0.10020449897750512 0.01171875 0.032719836400818
0 0.37060546875 0.06748466257668713 0.0087890625 0.032719836400818
0 0.35400390625 0.052147239263803685 0.0107421875 0.030674846625766874
0 0.8525390625 0.20858895705521474 0.0546875 0.16768916155419225
0 0.763671875 0.33742331288343563 0.056640625 0.18813905930470348
0 0.8037109375 0.6513292433537833 0.0546875 0.16973415132924338
0 0.52685546875 0.6482617586912066 0.0400390625 0.098159509202454
0 0.14306640625 0.5940695296523518 0.0400390625 0.10429447852760737
0 0.65576171875 0.2423312883435583 0.0224609375 0.06748466257668713
0 0.60205078125 0.3323108384458078 0.0263671875 0.07975460122699388
0 0.47607421875 0.4396728016359919 0.0283203125 0.0736196319018405
0 0.484375 0.3803680981595092 0.025390625 0.05316973415132925
0 0.44482421875 0.38343558282208595 0.0224609375 0.06748466257668713
0 0.3681640625 0.3957055214723927 0.02734375 0.07975460122699388
0 0.41796875 0.2372188139059305 0.01953125 0.049079754601227
0 0.34716796875 0.22801635991820043 0.0185546875 0.06339468302658487
0 0.32958984375 0.18813905930470348 0.0224609375 0.049079754601227
0 0.3779296875 0.17075664621676892 0.01171875 0.04703476482617587
0 0.39453125 0.17586912065439675 0.017578125 0.049079754601227
0 0.66259765625 0.034764826175869123 0.0107421875 0.02862985685071575
