0 0.24267578125 0.4622015915119363 0.0146484375 0.022546419098143235
0 0.201171875 0.43435013262599464 0.013671875 0.022546419098143235
0 0.18212890625 0.4615384615384615 0.0126953125 0.023872679045092837
0 0.29052734375 0.4575596816976127 0.0048828125 0.015915119363395226
0 0.46923828125 0.46286472148541113 0.0126953125 0.01856763925729443
0 0.42578125 0.41644562334217505 0.0078125 0.01856763925729443
0 0.50732421875 0.40716180371352784 0.0107421875 0.021220159151193633
0 0.40673828125 0.46949602122015915 0.0126953125 0.021220159151193633
0 0.3271484375 0.5059681697612732 0.0078125 0.01989389920424403
0 0.38916015625 0.4986737400530504 0.0068359375 0.01856763925729443
0 0.41943359375 0.5106100795755968 0.0068359375 0.01856763925729443
0 0.4677734375 0.5152519893899205 0.0078125 0.017241379310344827
0 0.5615234375 0.5291777188328912 0.009765625 0.01856763925729443
0 0.54541015625 0.42838196286472147 0.0107421875 0.021220159151193633
0 0.61767578125 0.4058355437665782 0.0126953125 0.01856763925729443
0 0.66650390625 0.4005305039787798 0.0087890625 0.01856763925729443
0 0.70458984375 0.3819628647214854 0.0107421875 0.015915119363395226
0 0.68115234375 0.3740053050397878 0.0087890625 0.015915119363395226
0 0.6513671875 0.35543766578249336 0.009765625 0.01856763925729443
0 0.642578125 0.386604774535809 0.009765625 0.014588859416445622
0 0.55126953125 0.41180371352785144 0.0126953125 0.017241379310344827
0 0.666015625 0.523209549071618 0.0078125 0.017241379310344827
0 0.6904296875 0.4084880636604774 0.0078125 0.01326259946949602
0 0.74365234375 0.48209549071618035 0.0048828125 0.017241379310344827
0 0.80224609375 0.4038461538461538 0.0107421875 0.01989389920424403
0 0.79443359375 0.42639257294429705 0.0107421875 0.017241379310344827
0 0.7685546875 0.34615384615384615 0.009765625 0.015915119363395226
0 0.8359375 0.47214854111405835 0.009765625 0.01856763925729443
0 0.806640625 0.4529177718832891 0.0078125 0.01989389920424403
0 0.86083984375 0.4250663129973475 0.0068359375 0.011936339522546418
0 0.947265625 0.4423076923076923 0.009765625 0.01989389920424403
0 0.873046875 0.3189655172413793 0.0078125 0.014588859416445622
0 0.6630859375 0.43633952254641906 0.005859375 0.01856763925729443
0 0.5380859375 0.5212201591511936 0.009765625 0.01326259946949602
0 0.845703125 0.376657824933687 0.009765625 0.021220159151193633
0 0.7578125 0.3958885941644562 0.01171875 0.01989389920424403
0 0.60986328125 0.43633952254641906 0.0087890625 0.01856763925729443
