0 0.416015625 0.4333821376281113 0.033203125 0.1259150805270864
0 0.609375 0.5475841874084919 0.005859375 0.014641288433382138
0 0.634765625 0.5519765739385066 0.009765625 0.014641288433382138
0 0.6240234375 0.5424597364568082 0.0078125 0.016105417276720352
0 0.5126953125 0.588579795021962 0.005859375 0.01171303074670571
0 0.08154296875 0.6061493411420205 0.0087890625 0.014641288433382138
0 0.109375 0.6046852122986823 0.005859375 0.017569546120058566
0 0.1181640625 0.5922401171303074 0.0078125 0.01903367496339678
0 0.1357421875 0.5849194729136165 0.005859375 0.013177159590043924
0 0.14794921875 0.6061493411420205 0.0068359375 0.017569546120058566
0 0.01953125 0.609809663250366 0.0078125 0.016105417276720352
0 0.04052734375 0.5483162518301611 0.0068359375 0.016105417276720352
0 0.15283203125 0.5907759882869693 0.0087890625 0.016105417276720352
0 0.111328125 0.5783308931185944 0.0078125 0.017569546120058566
0 0.060546875 0.568814055636896 0.0078125 0.016105417276720352
0 0.0341796875 0.5724743777452416 0.0078125 0.014641288433382138
0 0.18408203125 0.5717423133235725 0.0068359375 0.016105417276720352
0 0.171875 0.5468521229868228 0.005859375 0.016105417276720352
0 0.65478515625 0.4663250366032211 0.0498046875 0.11273792093704246
0 0.82470703125 0.424597364568082 0.0185546875 0.043923865300146414
0 0.8779296875 0.6325036603221084 0.009765625 0.017569546120058566
0 0.91748046875 0.6215226939970717 0.0087890625 0.01903367496339678
0 0.90966796875 0.6142020497803807 0.0107421875 0.01903367496339678
0 0.90283203125 0.6002928257686677 0.0068359375 0.017569546120058566
0 0.90869140625 0.5746705710102489 0.0068359375 0.01903367496339678
0 0.93701171875 0.5929721815519766 0.0068359375 0.017569546120058566
0 0.94482421875 0.6061493411420205 0.0068359375 0.017569546120058566
0 0.93212890625 0.5761346998535871 0.0068359375 0.016105417276720352
0 0.943359375 0.5666178623718887 0.0078125 0.017569546120058566
0 0.92626953125 0.5497803806734993 0.0068359375 0.013177159590043924
0 0.8984375 0.5512445095168375 0.0078125 0.013177159590043924
0 0.86962890625 0.575402635431918 0.0068359375 0.01171303074670571
0 0.8857421875 0.49267935578330896 0.005859375 0.013177159590043924
0 0.865234375 0.4970717423133236 0.005859375 0.010248901903367497
0 0.5869140625 0.6281112737920937 0.009765625 0.020497803806734993
0 0.61474609375 0.6142020497803807 0.0087890625 0.01903367496339678
0 0.6396484375 0.6039531478770132 0.0078125 0.01903367496339678
0 0.603515625 0.6120058565153734 0.009765625 0.017569546120058566
0 0.59423828125 0.5966325036603222 0.0087890625 0.013177159590043924
0 0.57568359375 0.6149341142020498 0.0107421875 0.017569546120058566
0 0.48193359375 0.6244509516837482 0.0087890625 0.016105417276720352
0 0.466796875 0.6083455344070279 0.0078125 0.01903367496339678
0 0.47412109375 0.6002928257686677 0.0068359375 0.017569546120058566
0 0.51123046875 0.6120058565153734 0.0068359375 0.014641288433382138
0 0.59033203125 0.5717423133235725 0.0068359375 0.016105417276720352
0 0.623046875 0.575402635431918 0.005859375 0.01171303074670571
0 0.64599609375 0.5651537335285506 0.0048828125 0.014641288433382138
0 0.583984375 0.5556368960468522 0.005859375 0.013177159590043924
