0 0.14111328125 0.18630849220103984 0.0576171875 0.14731369150779894
0 0.30322265625 0.231369150779896 0.0400390625 0.1022530329289428
0 0.3759765625 0.2045060658578856 0.041015625 0.1143847487001733
0 0.671875 0.22010398613518195 0.01953125 0.05892547660311958
0 0.744140625 0.2218370883882149 0.017578125 0.05199306759098787
0 0.77001953125 0.24003466204506063 0.0224609375 0.053726169844020795
0 0.6494140625 0.30155979202772965 0.0234375 0.05892547660311958
0 0.5224609375 0.22530329289428075 0.029296875 0.07972270363951472
0 0.88037109375 0.22790294627383015 0.0107421875 0.022530329289428074
0 0.8212890625 0.24003466204506063 0.009765625 0.03292894280762565
0 0.94189453125 0.2530329289428076 0.0087890625 0.03466204506065858
0 0.900390625 0.32322357019064124 0.01171875 0.022530329289428074
0 0.5986328125 0.2651646447140381 0.017578125 0.04159445407279029
0 0.38818359375 0.4064124783362218 0.0634765625 0.12998266897746966
0 0.642578125 0.2512998266897747 0.02734375 0.05199306759098787
0 0.4384765625 0.2564991334488735 0.03125 0.08665511265164644
0 0.240234375 0.2998266897746967 0.02734375 0.07279029462738301
