0 0.6083984375 0.16370370370370368 0.0546875 0.09333333333333332
0 0.5126953125 0.14074074074074072 0.025390625 0.035555555555555556
0 0.4970703125 0.08 0.01953125 0.035555555555555556
0 0.26123046875 0.20074074074074072 0.0205078125 0.05185185185185185
0 0.50439453125 0.21407407407407406 0.0205078125 0.03111111111111111
0 0.37060546875 0.08962962962962963 0.0166015625 0.03111111111111111
0 0.431640625 0.14296296296296296 0.0234375 0.03407407407407407
0 0.43359375 0.20222222222222222 0.025390625 0.03111111111111111
0 0.37939453125 0.13037037037037036 0.0185546875 0.038518518518518514
0 0.29248046875 0.07185185185185185 0.0244140625 0.04296296296296296
0 0.40087890625 0.028148148148148148 0.0166015625 0.035555555555555556
0 0.35986328125 0.22518518518518518 0.0224609375 0.035555555555555556
0 0.1875 0.2562962962962963 0.0234375 0.05037037037037037
0 0.1494140625 0.2622222222222222 0.0234375 0.047407407407407405
0 0.07177734375 0.2748148148148148 0.0283203125 0.048888888888888885
0 0.22607421875 0.1288888888888889 0.0224609375 0.04148148148148148
0 0.24267578125 0.06222222222222222 0.0205078125 0.04148148148148148
0 0.1474609375 0.12814814814814815 0.025390625 0.05185185185185185
0 0.0703125 0.15037037037037038 0.01953125 0.037037037037037035
0 0.04736328125 0.07259259259259258 0.0224609375 0.035555555555555556
0 0.13671875 0.0748148148148148 0.021484375 0.028148148148148148
0 0.4306640625 0.028148148148148148 0.017578125 0.035555555555555556
0 0.64404296875 0.0911111111111111 0.0185546875 0.03407407407407407
0 0.20654296875 0.07037037037037036 0.0205078125 0.04
0 0.31884765625 0.07037037037037036 0.0205078125 0.037037037037037035
0 0.45556640625 0.24 0.0224609375 0.026666666666666665
0 0.03662109375 0.013333333333333332 0.0205078125 0.02074074074074074
0 0.92919921875 0.2518518518518518 0.0185546875 0.038518518518518514
0 0.978515625 0.25555555555555554 0.01953125 0.03407407407407407
0 0.84228515625 0.2562962962962963 0.0185546875 0.035555555555555556
0 0.76513671875 0.09333333333333332 0.0166015625 0.035555555555555556
0 0.9140625 0.1474074074074074 0.015625 0.025185185185185185
0 0.95703125 0.18888888888888888 0.01953125 0.04
0 0.94384765625 0.15185185185185185 0.0185546875 0.037037037037037035
0 0.951171875 0.09925925925925926 0.01953125 0.035555555555555556
0 0.81884765625 0.1496296296296296 0.0185546875 0.029629629629629627
0 0.9013671875 0.19555555555555554 0.017578125 0.03259259259259259
0 0.86474609375 0.04444444444444444 0.0205078125 0.035555555555555556
0 0.85498046875 0.09999999999999999 0.0205078125 0.028148148148148148
0 0.9248046875 0.03925925925925926 0.009765625 0.03407407407407407
0 0.97265625 0.0437037037037037 0.013671875 0.03111111111111111
0 0.7841796875 0.0911111111111111 0.017578125 0.028148148148148148
0 0.41748046875 0.10148148148148148 0.0185546875 0.03111111111111111
0 0.7783203125 0.1562962962962963 0.015625 0.025185185185185185
0 0.81396484375 0.1074074074074074 0.0126953125 0.025185185185185185
0 0.79736328125 0.27185185185185184 0.0205078125 0.03407407407407407
