0 0.09716796875 0.2 0.0615234375 0.109375
0 0.44775390625 0.7898437500000001 0.0244140625 0.0546875
0 0.18310546875 0.815625 0.0439453125 0.07187500000000001
0 0.28076171875 0.7289062500000001 0.0205078125 0.0390625
0 0.5390625 0.7210937500000001 0.01953125 0.0390625
0 0.375 0.38906250000000003 0.017578125 0.034375
0 0.31396484375 0.57578125 0.0244140625 0.026562500000000003
0 0.19580078125 0.7359375 0.0146484375 0.021875000000000002
0 0.86181640625 0.153125 0.0517578125 0.109375
0 0.0615234375 0.57578125 0.08984375 0.1859375
