0 0.0224609375 0.13001293661060803 0.044921875 0.09184993531694696
0 0.06103515625 0.0811772315653299 0.0556640625 0.06532988357050454
0 0.048828125 0.17852522639068566 0.060546875 0.06856403622250971
0 0.10888671875 0.14359637774902975 0.0419921875 0.0388098318240621
0 0.17822265625 0.16979301423027168 0.0634765625 0.058861578266494186
0 0.154296875 0.1309831824062096 0.037109375 0.030401034928848644
0 0.224609375 0.1442432082794308 0.060546875 0.056921086675291076
0 0.2763671875 0.15588615782664944 0.04296875 0.04269081500646831
0 0.29638671875 0.14262613195342821 0.0361328125 0.04592496765847348
0 0.3662109375 0.1571798188874515 0.029296875 0.028460543337645538
0 0.3720703125 0.21604139715394569 0.044921875 0.0388098318240621
0 0.39453125 0.175614489003881 0.01171875 0.010996119016817595
0 0.6171875 0.25970245795601554 0.037109375 0.03428201811125486
0 0.7216796875 0.12063389391979303 0.037109375 0.036869340232858996
0 0.7197265625 0.14327296248382926 0.03125 0.042043984476067275
0 0.7548828125 0.13357050452781372 0.04296875 0.049805950840879694
0 0.78759765625 0.15847347994825356 0.0458984375 0.0517464424320828
0 0.88232421875 0.19016817593790428 0.0634765625 0.05821474773609315
0 0.86962890625 0.15750323415265202 0.0517578125 0.04592496765847348
0 0.8359375 0.10316946959896509 0.046875 0.044631306597671415
0 0.90478515625 0.08764553686934023 0.0595703125 0.05109961190168176
0 0.98681640625 0.08053040103492885 0.0263671875 0.08990944372574386
0 0.53564453125 0.19663648124191463 0.0126953125 0.0129366106080207
0 0.525390625 0.19663648124191463 0.013671875 0.0129366106080207
