0 0.5537109375 0.4116117850953206 0.03125 0.06065857885615251
0 0.61376953125 0.21750433275563258 0.0205078125 0.036395147313691506
0 0.54736328125 0.2677642980935875 0.0146484375 0.03986135181975736
0 0.56787109375 0.20623916811091852 0.0166015625 0.031195840554592718
0 0.47705078125 0.17764298093587522 0.0205078125 0.03292894280762565
0 0.3984375 0.17504332755632582 0.017578125 0.038128249566724434
0 0.3759765625 0.4540727902946274 0.0390625 0.06932409012131716
0 0.3359375 0.2166377816291161 0.017578125 0.03466204506065858
0 0.33203125 0.14991334488734834 0.015625 0.036395147313691506
0 0.35791015625 0.12564991334488734 0.0166015625 0.02946273830155979
0 0.41259765625 0.062391681109185436 0.0185546875 0.04506065857885615
0 0.4599609375 0.04332755632582322 0.015625 0.031195840554592718
0 0.3046875 0.1169844020797227 0.015625 0.036395147313691506
0 0.2587890625 0.10051993067590988 0.017578125 0.03466204506065858
0 0.22119140625 0.12391681109185441 0.0205078125 0.036395147313691506
0 0.16845703125 0.1655112651646447 0.0166015625 0.036395147313691506
0 0.1064453125 0.1707105719237435 0.017578125 0.036395147313691506
0 0.076171875 0.18457538994800693 0.01953125 0.036395147313691506
0 0.03271484375 0.17157712305025996 0.0205078125 0.04159445407279029
0 0.0185546875 0.09792027729636048 0.017578125 0.04679376083188908
0 0.09423828125 0.02339688041594454 0.0166015625 0.036395147313691506
0 0.138671875 0.040727902946273827 0.013671875 0.03292894280762565
0 0.162109375 0.06759098786828423 0.01171875 0.02772963604852686
0 0.64013671875 0.21837088388214904 0.0146484375 0.038128249566724434
0 0.728515625 0.25389948006932406 0.013671875 0.02946273830155979
0 0.7724609375 0.2902946273830156 0.015625 0.03986135181975736
0 0.71337890625 0.06065857885615251 0.0146484375 0.03466204506065858
0 0.67431640625 0.05719237435008665 0.0146484375 0.02772963604852686
0 0.4951171875 0.05545927209705372 0.01171875 0.031195840554592718
0 0.52294921875 0.30589254766031193 0.0185546875 0.036395147313691506
0 0.873046875 0.134315424610052 0.013671875 0.02946273830155979
0 0.857421875 0.22010398613518195 0.013671875 0.024263431542461005
0 0.888671875 0.3067590987868284 0.013671875 0.02772963604852686
0 0.9150390625 0.2868284228769497 0.01171875 0.022530329289428074
0 0.82470703125 0.29636048526863085 0.0126953125 0.031195840554592718
0 0.81787109375 0.22010398613518195 0.0146484375 0.02772963604852686
0 0.93408203125 0.14904679376083188 0.0107421875 0.024263431542461005
