0 0.48193359375 0.7348353552859618 0.0908203125 0.10398613518197573
0 0.4951171875 0.23483535528596186 0.068359375 0.14384748700173308
0 0.345703125 0.3847487001733102 0.072265625 0.14904679376083188
0 0.7734375 0.28942807625649913 0.037109375 0.062391681109185436
0 0.90234375 0.2599653379549393 0.037109375 0.07279029462738301
0 0.61376953125 0.28769497400346616 0.0341796875 0.07279029462738301
0 0.6552734375 0.1360485268630849 0.03125 0.07452339688041594
0 0.25146484375 0.2218370883882149 0.0419921875 0.09358752166377816
0 0.2607421875 0.11351819757365685 0.033203125 0.0779896013864818
0 0.4423828125 0.1291161178509532 0.02734375 0.06759098786828423
0 0.74658203125 0.1412478336221837 0.0244140625 0.06065857885615251
0 0.8076171875 0.03552859618717504 0.03515625 0.053726169844020795
0 0.716796875 0.030329289428076254 0.029296875 0.04679376083188908
0 0.59912109375 0.032062391681109186 0.0302734375 0.06065857885615251
0 0.1279296875 0.266897746967071 0.037109375 0.06932409012131716
0 0.1708984375 0.2547660311958405 0.02734375 0.05545927209705372
0 0.3544921875 0.02166377816291161 0.03515625 0.04332755632582322
0 0.23681640625 0.028596187175043326 0.0322265625 0.053726169844020795
0 0.12109375 0.062391681109185436 0.02734375 0.06932409012131716
0 0.01904296875 0.02946273830155979 0.0341796875 0.05545927209705372
0 0.00830078125 0.23743500866551126 0.0146484375 0.09358752166377816
0 0.486328125 0.03292894280762565 0.03125 0.05199306759098787
0 0.8974609375 0.1897746967071057 0.02734375 0.04332755632582322
