0 0.2080078125 0.21365638766519823 0.01171875 0.02202643171806167
0 0.17626953125 0.20117474302496327 0.0107421875 0.023494860499265784
0 0.14697265625 0.3039647577092511 0.0146484375 0.023494860499265784
0 0.111328125 0.3751835535976505 0.013671875 0.01908957415565345
0 0.1650390625 0.38913362701908955 0.01171875 0.023494860499265784
0 0.1435546875 0.48898678414096913 0.0390625 0.0763582966226138
0 0.24072265625 0.48825256975036707 0.0263671875 0.057268722466960346
0 0.14501953125 0.6872246696035242 0.0107421875 0.023494860499265784
0 0.16064453125 0.7019089574155654 0.0087890625 0.014684287812041116
0 0.1767578125 0.711453744493392 0.0078125 0.013215859030837003
0 0.189453125 0.7092511013215859 0.0078125 0.014684287812041116
0 0.2265625 0.7085168869309838 0.009765625 0.013215859030837003
0 0.26708984375 0.6864904552129222 0.0087890625 0.016152716593245228
0 0.244140625 0.7004405286343612 0.009765625 0.014684287812041116
0 0.91650390625 0.29441997063142433 0.1240234375 0.2041116005873715
0 0.95361328125 0.8861967694566814 0.0205078125 0.033773861967694566
0 0.912109375 0.868575624082232 0.013671875 0.02202643171806167
0 0.86083984375 0.8472834067547723 0.0244140625 0.035242290748898675
0 0.2001953125 0.3002936857562408 0.009765625 0.01908957415565345
