0 0.14404296875 0.369340232858991 0.0380859375 0.03234152652005175
0 0.05517578125 0.34670116429495473 0.0400390625 0.03363518758085382
0 0.1875 0.3580206985769729 0.03515625 0.027813712807244505
0 0.28173828125 0.3528460543337646 0.0322265625 0.029107373868046574
0 0.3330078125 0.3631953428201811 0.02734375 0.023932729624838295
0 0.87890625 0.416235446313066 0.03515625 0.032988357050452784
0 0.90283203125 0.37807244501940496 0.0341796875 0.026520051746442435
0 0.86083984375 0.15815006468305307 0.0771484375 0.09379042690815008
0 0.98193359375 0.38906856403622253 0.0341796875 0.029107373868046574
0 0.97216796875 0.4194695989650712 0.0361328125 0.030401034928848644
0 0.23291015625 0.3551099611901682 0.0283203125 0.02328589909443726
0 0.2041015625 0.3580206985769729 0.025390625 0.026520051746442435
0 0.93798828125 0.38583441138421737 0.0224609375 0.021345407503234156
0 0.95703125 0.37063389391979307 0.01953125 0.01681759379042691
0 0.9453125 0.351875808538163 0.015625 0.01552393272962484
0 0.30517578125 0.6371280724450195 0.1142578125 0.059508408796895215
