0 0.3193359375 0.13521126760563382 0.107421875 0.0971830985915493
0 0.42626953125 0.1658450704225352 0.0361328125 0.04154929577464789
0 0.16064453125 0.1302816901408451 0.0380859375 0.029577464788732397
0 0.09228515625 0.11830985915492959 0.0283203125 0.030985915492957747
0 0.05859375 0.1415492957746479 0.037109375 0.035211267605633804
0 0.0146484375 0.15387323943661974 0.029296875 0.024647887323943664
0 0.63134765625 0.12570422535211268 0.1064453125 0.09084507042253522
0 0.84423828125 0.09612676056338029 0.0537109375 0.047183098591549295
0 0.97900390625 0.09788732394366198 0.0419921875 0.054929577464788736
0 0.37109375 0.14084507042253522 0.033203125 0.04366197183098592
0 0.2412109375 0.16549295774647887 0.029296875 0.03802816901408451
