0 0.375 0.3637015781922525 0.01171875 0.024390243902439025
0 0.29150390625 0.31420373027259685 0.0146484375 0.02582496413199426
0 0.310546875 0.3199426111908178 0.01171875 0.02295552367288379
0 0.3310546875 0.3156384505021521 0.009765625 0.020086083213773316
0 0.3974609375 0.27905308464849354 0.01171875 0.021520803443328552
0 0.2314453125 0.5946915351506457 0.041015625 0.05021520803443329
0 0.203125 0.426829268292683 0.015625 0.030129124820659974
0 0.27294921875 0.4670014347202296 0.0224609375 0.05021520803443329
0 0.30419921875 0.42611190817790534 0.0166015625 0.03730272596843616
0 0.36767578125 0.46987087517934006 0.0166015625 0.05021520803443329
0 0.49365234375 0.4555236728837877 0.0146484375 0.03586800573888092
0 0.677734375 0.3235294117647059 0.013671875 0.030129124820659974
0 0.615234375 0.3235294117647059 0.013671875 0.027259684361549498
0 0.8388671875 0.21592539454806314 0.01171875 0.021520803443328552
0 0.59423828125 0.29411764705882354 0.0126953125 0.02582496413199426
0 0.9482421875 0.2955523672883788 0.02734375 0.054519368723098996
0 0.94775390625 0.342180774748924 0.0263671875 0.04447632711621234
0 0.19384765625 0.28981348637015786 0.0166015625 0.03156384505021521
0 0.37109375 0.31779053084648495 0.01171875 0.021520803443328552
0 0.365234375 0.6463414634146342 0.037109375 0.08751793400286945
