0 0.84130859375 0.38888888888888884 0.0400390625 0.058823529411764705
0 0.7783203125 0.4071895424836601 0.03515625 0.050980392156862744
0 0.70947265625 0.43202614379084964 0.0302734375 0.043137254901960784
0 0.70654296875 0.3254901960784313 0.0283203125 0.04183006535947712
0 0.68505859375 0.4091503267973856 0.0322265625 0.04967320261437908
0 0.64208984375 0.3300653594771242 0.0322265625 0.0457516339869281
0 0.5546875 0.3660130718954248 0.03125 0.04967320261437908
0 0.578125 0.3431372549019608 0.02734375 0.043137254901960784
0 0.6044921875 0.31241830065359477 0.03125 0.047058823529411764
0 0.51904296875 0.35424836601307186 0.0361328125 0.0522875816993464
0 0.515625 0.3176470588235294 0.029296875 0.04183006535947712
0 0.39306640625 0.33202614379084966 0.0283203125 0.04444444444444444
0 0.4501953125 0.32614379084967315 0.033203125 0.04836601307189542
0 0.40966796875 0.330718954248366 0.0283203125 0.04444444444444444
0 0.421875 0.39477124183006534 0.03125 0.0522875816993464
0 0.3525390625 0.41699346405228754 0.03515625 0.04967320261437908
0 0.3046875 0.3150326797385621 0.029296875 0.04444444444444444
0 0.2666015625 0.4026143790849673 0.033203125 0.05751633986928104
0 0.275390625 0.38431372549019605 0.03125 0.04967320261437908
0 0.21728515625 0.33137254901960783 0.0302734375 0.0457516339869281
0 0.33349609375 0.3183006535947712 0.0283203125 0.0457516339869281
0 0.22119140625 0.42745098039215684 0.0380859375 0.0522875816993464
0 0.2666015625 0.33398692810457514 0.025390625 0.03790849673202614
0 0.16552734375 0.4261437908496732 0.0380859375 0.05751633986928104
0 0.08642578125 0.43856209150326797 0.0380859375 0.058823529411764705
0 0.04052734375 0.4137254901960784 0.0400390625 0.058823529411764705
0 0.615234375 0.38692810457516336 0.03125 0.054901960784313725
0 0.5546875 0.31241830065359477 0.01953125 0.04444444444444444
0 0.36279296875 0.32679738562091504 0.0302734375 0.04444444444444444
