0 0.02099609375 0.26505139500734215 0.0185546875 0.03083700440528634
0 0.11376953125 0.28634361233480177 0.0166015625 0.026431718061674006
0 0.05810546875 0.34948604992657856 0.0205078125 0.035242290748898675
0 0.19091796875 0.27826725403817915 0.0166015625 0.033773861967694566
0 0.24853515625 0.2606461086637298 0.0146484375 0.02790014684287812
0 0.2080078125 0.2657856093979442 0.013671875 0.023494860499265784
0 0.298828125 0.2731277533039647 0.013671875 0.02936857562408223
0 0.33154296875 0.2753303964757709 0.0107421875 0.02202643171806167
0 0.3515625 0.2606461086637298 0.013671875 0.024963289280469897
0 0.36962890625 0.2723935389133627 0.0126953125 0.024963289280469897
0 0.404296875 0.2540381791483113 0.015625 0.032305433186490456
0 0.42041015625 0.2577092511013216 0.0146484375 0.033773861967694566
0 0.46142578125 0.27826725403817915 0.0185546875 0.033773861967694566
0 0.45751953125 0.24522760646108663 0.0166015625 0.032305433186490456
0 0.36962890625 0.36270190895741555 0.0185546875 0.032305433186490456
0 0.265625 0.3406754772393539 0.017578125 0.0381791483113069
0 0.23388671875 0.3766519823788546 0.0380859375 0.08370044052863436
0 0.3212890625 0.36490455212922174 0.025390625 0.10425844346549192
0 0.7119140625 0.2643171806167401 0.03125 0.05286343612334801
0 0.74560546875 0.19823788546255505 0.0244140625 0.05580029368575624
0 0.66162109375 0.2819383259911894 0.0244140625 0.05286343612334801
0 0.6865234375 0.25624082232011747 0.01953125 0.04552129221732746
0 0.58984375 0.21292217327459617 0.025390625 0.05286343612334801
0 0.52587890625 0.2665198237885462 0.0205078125 0.03964757709251101
0 0.5078125 0.263582966226138 0.013671875 0.033773861967694566
0 0.9736328125 0.28267254038179146 0.052734375 0.07195301027900146
0 0.89404296875 0.28267254038179146 0.0341796875 0.06314243759177679
0 0.119140625 0.27459618208516884 0.01171875 0.023494860499265784
0 0.32861328125 0.33627019089574156 0.0107421875 0.023494860499265784
