0 0.9765625 0.4784172661870504 0.021484375 0.05035971223021583
0 0.94189453125 0.5179856115107914 0.0263671875 0.04316546762589928
0 0.90625 0.5134892086330936 0.03125 0.08093525179856116
0 0.94482421875 0.4865107913669065 0.0205078125 0.04496402877697842
0 0.86328125 0.545863309352518 0.025390625 0.048561151079136694
0 0.78369140625 0.5539568345323741 0.0263671875 0.05035971223021583
0 0.716796875 0.5269784172661871 0.0234375 0.05035971223021583
0 0.66015625 0.525179856115108 0.025390625 0.05035971223021583
0 0.611328125 0.5548561151079137 0.0234375 0.04496402877697842
0 0.55859375 0.5764388489208634 0.0234375 0.048561151079136694
0 0.46875 0.5350719424460432 0.025390625 0.052158273381294966
0 0.36572265625 0.5449640287769785 0.0244140625 0.05035971223021583
0 0.32470703125 0.552158273381295 0.0244140625 0.05035971223021583
0 0.4228515625 0.6151079136690648 0.01953125 0.03597122302158273
0 0.22998046875 0.5026978417266187 0.0263671875 0.048561151079136694
0 0.11962890625 0.4631294964028777 0.0283203125 0.052158273381294966
0 0.0439453125 0.5 0.02734375 0.053956834532374105
